1.193820026016113
172 1.3010299956639813 18.832857933573873
173 1.0 25.424188320838816
188 1.4771212547196624 22.772628792451215
238 1.3010299956639813 16.834808931146938
260 1.0 40.46004416097286
262 1.6989700043360187 21.133916878571615
269 1.3010299956639813 26.08506226190013
281 1.4771212547196624 18.79756428818881
2 1.6020599913279625 25.653725024939046
326 1.6020599913279625 21.385169256471997
328 1.0 24.20016866097684
329 1.0 24.995158982809944
338 1.0 21.754781863703386
340 1.4771212547196624 20.927824358412284
374 1.845098040014257 18.047953588423393
375 1.0 15.228685515885264
398 1.3010299956639813 31.04754842191709
3 1.6020599913279625 25.653725024939046
430 2.1760912590556813 21.053048712370824
432 2.255272505103306 24.66037937080602
434 2.255272505103306 24.448105419498397
440 1.0 31.719953794102054
457 1.3010299956639813 24.521319277035015
470 1.3010299956639813 23.994543772969674
471 1.0 26.179338818270686
496 1.3010299956639813 21.534181820846815
499 2.079181246047625 27.781754633425805
509 1.0 21.57146234433863
514 1.3010299956639813 23.1822442953396
526 1.4771212547196624 20.589360185649852
556 1.6989700043360187 32.02299329624464
560 1.0 26.176582993590046
562 1.0 23.455333927936188
605 1.0 18.5040994848109
647 1.4771212547196624 22.772628792451215
728 1.0 15.152346642235964
729 1.0 15.202096945171302
769 1.3010299956639813 19.37976637155202
770 1.3010299956639813 31.04754842191709
771 1.3010299956639813 25.078312841330952
772 1.6989700043360187 23.117420198200822
783 1.6989700043360187 15.065543358973835
784 1.6989700043360187 16.427467569369398
785 1.6989700043360187 16.33924581085099
786 1.7781512503836436 16.674504799836235
787 1.845098040014257 16.853403753588953
788 1.9030899869919435 16.44195035074378
791 1.0 15.027617842401222
792 1.0 15.296720290112676
793 1.0 15.283359784295454
794 1.0 15.391766171743628
796 1.0 16.41623255841033
797 1.7781512503836436 17.68690492205947
798 1.845098040014257 19.84500063961507
826 1.3010299956639813 21.534181820846815
828 2.079181246047625 27.781754633425805
840 1.3010299956639813 22.665376934178656
878 1.6989700043360187 33.105865818015594
912 1.845098040014257 21.510199531662707
917 2.8325089127062366 20.297410938444266
933 1.3010299956639813 22.32890278912787
938 1.3010299956639813 17.459496507758143
93 1.4771212547196624 40.4099170367325
992 1.0 20.972634792127216
