0.8961962790440432
107 1.0 21.261407681253527
130 1.0 13.348149896235084
132 1.6020599913279625 31.9240224086541
134 1.3010299956639813 27.567002922119546
138 1.0 22.291356872514033
141 1.845098040014257 22.083311659467373
142 1.3010299956639813 19.04038571666816
143 1.7781512503836436 21.629493927449314
144 1.0 19.628955678670632
146 3.146128035678238 38.443348131520054
147 3.2405492482826 38.27432982034523
148 3.103803720955957 39.73153365749456
149 3.041392685158225 36.714155384577936
150 2.4913616938342726 30.64451579794581
151 2.8573324964312685 28.69713041845068
152 2.5314789170422554 26.43569384136088
153 2.414973347970818 27.124579821694358
154 2.740362689494244 38.92312411360697
155 2.591064607026499 39.65608647202028
156 2.57978359661681 32.80078913912944
157 2.414973347970818 27.318575173705053
158 1.9030899869919435 40.36801588254125
159 1.4771212547196624 34.663276209978875
160 1.6989700043360187 33.51414632402991
161 2.0 40.68786868352573
163 1.0 27.444701699266258
197 1.0 21.73615837537494
1 1.0 24.099314783282633
21 1.0 18.049400889846094
228 1.0 19.271408794907185
22 1.3010299956639813 20.042266187907835
24 1.3010299956639813 22.714650363605696
25 1.0 18.174910176754217
26 1.0 18.64575497280853
290 1.0 19.344122607461724
2 1.0 25.673207973589584
350 1.3010299956639813 18.249780831901347
351 1.0 19.334505504177955
352 1.3010299956639813 22.315951883102834
353 1.4771212547196624 25.406505472371265
354 1.4771212547196624 20.162522130165478
355 1.6020599913279625 20.7163402836389
356 1.0 19.686795467789832
397 1.0 34.76173337398946
3 1.0 25.673207973589584
413 1.0 19.441687508621293
415 1.0 16.854896388101817
441 1.0 31.735712827979288
453 1.0 19.168795308535405
463 1.7781512503836436 19.97957794896172
464 1.3010299956639813 19.349743761872208
465 1.4771212547196624 17.094626488510812
467 1.0 22.399954739575612
471 1.0 24.01537280312254
472 1.3010299956639813 26.198430887398857
486 1.845098040014257 18.698257556219072
488 1.6020599913279625 18.91692636651541
502 1.3010299956639813 18.60296721930803
505 1.0 17.827254209129045
512 1.4771212547196624 21.108817330045582
514 1.3010299956639813 19.011194543423425
515 1.7781512503836436 23.20380250236597
519 1.3010299956639813 20.706175002637085
557 1.6020599913279625 32.03860327247943
558 1.3010299956639813 29.49056558466878
573 1.0 34.62164344212061
598 1.7781512503836436 19.920097781606806
643 1.0 19.64025085319644
644 1.4771212547196624 19.655188678913582
651 1.0 21.73615837537494
65 1.4771212547196624 18.842982330593173
669 1.3010299956639813 17.756055320837486
676 1.0 19.150858948951786
682 1.0 18.092716090093774
685 1.0 17.991995194459328
688 1.3010299956639813 19.47837054680664
694 1.0 18.13228138623654
696 2.0 19.78611774450118
69 2.255272505103306 26.43449543906486
726 1.0 15.370445248663776
732 1.0 28.96885361670166
733 1.0 24.09659662047416
735 1.0 14.99808583605626
736 1.0 26.48297924216182
737 1.3010299956639813 14.898514552522053
741 1.0 16.52566545054529
746 1.4771212547196624 19.14200258825803
749 1.3010299956639813 22.58723493033533
751 1.0 24.759982935078224
778 1.0 25.828938051552868
781 1.0 26.78123592188267
7 1.0 20.662205334068826
808 1.0 27.292695599132404
821 1.0 19.344122607461724
82 1.0 16.571218594456724
841 1.7781512503836436 18.381394375524813
842 2.079181246047625 22.68742628788902
843 1.6989700043360187 17.02653759225486
844 1.0 18.870200827721305
845 1.9542425094393248 22.377875684547387
847 2.113943352306837 20.90895523367315
848 1.3010299956639813 20.120474325903416
849 1.6020599913279625 20.562996665456474
850 1.6020599913279625 22.589913174303756
851 1.6020599913279625 18.065550609838173
852 1.4771212547196624 21.864410189197464
853 2.278753600952829 20.63266783135031
855 1.0 16.571218594456724
856 1.0 17.292029554288533
867 1.3010299956639813 36.43404557128479
877 1.4771212547196624 22.452284526648562
878 1.4771212547196624 27.134111744574057
879 1.4771212547196624 22.452284526648562
880 1.4771212547196624 33.12096543823041
916 1.9542425094393248 20.322029692038072
91 1.0 21.73615837537494
929 1.6989700043360187 15.284913596427298
930 1.0 22.37231226242215
932 1.6020599913279625 22.35128407421646
93 1.0 19.110011561305157
942 1.6020599913279625 19.45006435459591
949 1.0 16.36144171601765
94 2.146128035678238 40.42228834338309
958 1.3010299956639813 21.012855683925522
95 1.3010299956639813 23.43275716647166
97 2.079181246047625 20.306513166205562
98 1.6989700043360187 20.286726208570236
