0.8477116556169435
105 1.3010299956639813 21.33892101876266
132 1.4771212547196624 31.9240224086541
133 1.0 31.18619433249154
136 1.0 23.748484428238577
137 1.3010299956639813 22.922196064917607
138 1.4771212547196624 22.291356872514033
139 1.0 17.437449700363672
141 1.3010299956639813 22.083311659467373
142 1.0 19.04038571666816
144 1.3010299956639813 19.628955678670632
146 3.376576957056512 38.443348131520054
147 3.3979400086720375 38.27432982034523
148 3.3944516808262164 39.73153365749456
149 3.3242824552976926 36.714155384577936
150 3.146128035678238 30.64451579794581
151 3.1271047983648077 28.69713041845068
152 2.8512583487190755 26.43569384136088
153 2.6627578316815743 27.124579821694358
154 3.0086001717619175 38.92312411360697
155 2.7558748556724915 39.65608647202028
156 2.681241237375587 32.80078913912944
157 2.414973347970818 27.318575173705053
158 1.9030899869919435 40.36801588254125
159 1.3010299956639813 34.663276209978875
160 1.9542425094393248 33.51414632402991
161 1.9030899869919435 40.68786868352573
162 1.3010299956639813 29.200185832126223
163 1.3010299956639813 27.444701699266258
164 1.6020599913279625 29.060873897358988
197 1.6989700043360187 21.73615837537494
19 1.4771212547196624 22.906892828979473
1 1.0 24.099314783282633
23 1.845098040014257 18.927700473196293
24 1.6989700043360187 22.714650363605696
26 1.0 18.64575497280853
290 1.0 19.344122607461724
31 1.0 15.977249114874716
335 1.0 26.592389103304416
336 1.0 27.213017312486674
345 1.0 19.45537620834872
350 1.3010299956639813 18.249780831901347
351 1.0 19.334505504177955
352 1.3010299956639813 22.315951883102834
353 1.9030899869919435 25.406505472371265
354 1.845098040014257 20.162522130165478
355 1.9542425094393248 20.7163402836389
356 1.6020599913279625 19.686795467789832
385 1.0 18.664082738893658
394 1.0 15.748925436938276
397 1.0 34.76173337398946
422 1.3010299956639813 19.196609027115258
459 1.0 24.541701226408268
462 1.7781512503836436 18.968023960874753
463 2.278753600952829 19.97957794896172
464 1.4771212547196624 19.349743761872208
465 1.4771212547196624 17.094626488510812
466 1.6989700043360187 18.25298125844072
467 1.9542425094393248 22.399954739575612
468 1.845098040014257 16.172637573889855
472 1.4771212547196624 26.198430887398857
473 1.0 20.456210819322695
486 1.3010299956639813 18.698257556219072
487 1.0 19.112909051912595
488 1.4771212547196624 18.91692636651541
489 1.0 18.813161782127867
497 1.0 21.557388215952543
498 1.0 22.596184090364247
503 1.0 24.96783731854743
511 1.4771212547196624 18.55968024231519
512 1.0 21.108817330045582
519 1.6989700043360187 20.706175002637085
521 1.0 15.124311784902089
544 1.3010299956639813 21.7329857487666
557 1.0 32.03860327247943
573 1.9030899869919435 34.62164344212061
608 1.0 15.484181606986061
63 1.6989700043360187 17.37188739596265
643 1.0 19.64025085319644
644 1.0 19.655188678913582
651 1.6989700043360187 21.73615837537494
65 1.6020599913279625 18.842982330593173
668 1.0 16.496123636808157
669 1.3010299956639813 17.756055320837486
671 1.3010299956639813 20.661290750656658
672 1.0 19.607432276969973
676 1.7781512503836436 19.150858948951786
677 1.0 20.260093000467393
679 1.0 17.421072102946884
682 1.0 18.092716090093774
683 1.6989700043360187 17.37188739596265
685 1.7781512503836436 17.991995194459328
686 1.3010299956639813 17.204501418003492
688 1.7781512503836436 19.47837054680664
691 1.3010299956639813 20.252883122476465
692 1.3010299956639813 17.94337135852708
694 1.7781512503836436 18.13228138623654
696 1.4771212547196624 19.78611774450118
69 2.0 26.43449543906486
732 1.4771212547196624 28.96885361670166
733 1.0 24.09659662047416
734 1.0 16.710350266628105
737 1.3010299956639813 14.898514552522053
741 1.0 16.52566545054529
746 1.4771212547196624 19.14200258825803
778 1.0 25.828938051552868
811 1.0 19.284259305458484
813 1.0 16.555206772911212
821 1.0 19.344122607461724
829 1.0 21.557388215952543
82 1.3010299956639813 16.571218594456724
830 1.0 22.596184090364247
841 1.6020599913279625 18.381394375524813
842 2.230448921378274 22.68742628788902
843 1.6020599913279625 17.02653759225486
844 2.113943352306837 18.870200827721305
845 2.568201724066995 22.377875684547387
847 2.5563025007672873 20.90895523367315
848 1.845098040014257 20.120474325903416
849 2.342422680822206 20.562996665456474
850 1.7781512503836436 22.589913174303756
851 2.1760912590556813 18.065550609838173
852 1.4771212547196624 21.864410189197464
853 2.342422680822206 20.63266783135031
855 1.3010299956639813 16.571218594456724
856 1.3010299956639813 17.292029554288533
859 1.0 17.03148242460064
867 1.3010299956639813 36.43404557128479
877 1.0 22.452284526648562
878 1.3010299956639813 27.134111744574057
879 1.0 22.452284526648562
916 1.4771212547196624 20.322029692038072
91 1.6989700043360187 21.73615837537494
930 1.0 22.37231226242215
933 1.7781512503836436 19.069899742909588
93 1.0 19.110011561305157
942 1.0 19.45006435459591
94 2.278753600952829 40.42228834338309
95 2.255272505103306 23.43275716647166
96 1.6020599913279625 18.614830748754674
975 1.3010299956639813 19.03717677110868
97 2.230448921378274 20.306513166205562
98 1.7781512503836436 20.286726208570236
