0.7825160557860937
109 1.0 19.715945972128416
131 1.3010299956639813 31.908356378043813
135 1.0 23.727421112255122
136 1.0 22.900372757632663
137 1.0 22.26891535791042
139 1.0 21.045092986540304
141 1.0 19.014107610916184
143 1.0 19.603466556586774
145 3.7895807121644256 38.43033977941447
146 3.6693168805661123 38.26126400416704
147 3.747411807886423 39.718947201261805
148 3.765668554759014 36.70053413239285
149 3.7895807121644256 30.628195318865107
150 3.6830470382388496 28.679701781112843
151 3.2380461031287955 26.41677324871767
152 3.1072099696478683 27.106140088612186
153 3.220108088040055 38.91027615891787
154 3.0253058652647704 39.64347606197456
155 3.0 32.78554205971943
156 2.653212513775344 27.300266473449927
157 1.4771212547196624 40.355627938282694
158 1.0 34.64884871982456
159 1.6020599913279625 33.49922392874927
160 1.6020599913279625 40.68185651929256
162 1.4771212547196624 27.42647719561716
173 1.6020599913279625 25.424188320838816
18 1.0 14.272801310968436
196 2.113943352306837 21.713143045615993
19 1.6020599913279625 22.88505492845388
1 1.7781512503836436 24.469666509833758
209 1.0 20.72532624391316
22 2.0413926851582254 20.017303363514117
233 1.0 20.72532624391316
23 1.3010299956639813 18.90126570373093
24 2.591064607026499 22.69262746225858
25 1.0 18.14737887225271
26 1.4771212547196624 18.618919907073398
2 1.3010299956639813 25.653725024939046
338 1.6020599913279625 21.754781863703386
347 1.4771212547196624 18.41382190706093
351 2.4471580313422194 22.293535126779712
352 1.9030899869919435 25.386817845441577
353 2.1760912590556813 20.13770837631265
354 2.3979400086720375 20.692190670577144
355 2.230448921378274 19.66138132966731
358 1.3010299956639813 13.516285378933935
359 1.3010299956639813 13.559935753753699
360 1.3010299956639813 13.559935753753699
361 1.3010299956639813 13.947713927095913
371 1.4771212547196624 16.769406485969878
372 1.4771212547196624 15.898864564577854
384 1.0 18.637274062594784
398 1.3010299956639813 31.04754842191709
3 1.3010299956639813 25.653725024939046
401 1.9542425094393248 24.1565533242725
409 1.0 20.72532624391316
411 1.0 21.73531037580023
412 1.0 19.41595254379453
430 1.0 21.053048712370824
431 1.3010299956639813 20.115404335824383
432 1.0 24.66037937080602
434 1.0 24.448105419498397
436 1.0 16.48783672419816
440 1.6020599913279625 31.719953794102054
452 1.3010299956639813 19.142693477683043
457 1.0 24.521319277035015
461 1.9030899869919435 18.941645466545896
462 1.3010299956639813 19.95453670268086
463 1.3010299956639813 19.3238863495445
466 1.7781512503836436 22.37762213317215
467 1.845098040014257 16.1416915500326
470 1.4771212547196624 23.994543772969674
496 1.0 21.534181820846815
497 1.0 22.57404561538827
502 1.6020599913279625 24.947803517854027
511 1.0 21.085117241154542
512 1.0 17.487616504038936
517 1.0 17.875039909680364
518 1.0 20.682013519960595
520 1.0 15.091216218944323
527 1.0 21.0997074467684
539 1.0 23.34826527667759
550 1.4771212547196624 15.617241077585044
564 1.0 25.047424451568215
5 1.845098040014257 18.45678502981382
63 1.0 17.343081378405795
64 1.4771212547196624 16.707558357235154
650 2.113943352306837 21.713143045615993
65 1.9030899869919435 18.816428542926165
660 1.4771212547196624 17.15044222388708
668 1.0 17.727873548642012
670 1.4771212547196624 20.6370767184495
671 1.9542425094393248 19.58191513861614
674 1.0 18.14076911717772
675 1.6020599913279625 19.124732638200378
676 2.3222192947339195 20.23539889371069
677 2.3979400086720375 19.89770402247368
678 1.7781512503836436 17.392347547587537
684 1.3010299956639813 17.964183562785355
685 1.3010299956639813 17.175414668708417
687 1.4771212547196624 19.452684111934385
688 1.0 16.363787416979306
689 1.0 16.928793195831474
690 1.0 20.22818021406503
691 1.3010299956639813 17.91548424436275
693 1.3010299956639813 18.104685257403954
695 1.0 19.76083134382925
69 2.342422680822206 26.41557398804616
711 1.4771212547196624 16.707558357235154
712 1.4771212547196624 16.15335632829963
725 1.7781512503836436 15.337880790453774
731 1.3010299956639813 28.951588555136127
740 1.0 16.495381734999228
745 1.0 19.115864173216895
746 1.0 22.32660375113389
770 1.3010299956639813 31.04754842191709
773 1.4771212547196624 23.472958228275314
775 1.9542425094393248 24.1565533242725
777 1.9542425094393248 28.5636709471766
780 1.3010299956639813 28.653172853466874
782 1.7781512503836436 28.8122112955473
7 1.6989700043360187 20.637992374919182
806 1.0 27.27436952647854
809 1.3010299956639813 19.258313969819948
810 1.3010299956639813 18.41805748667281
826 1.0 21.534181820846815
827 1.0 22.57404561538827
82 1.6020599913279625 16.54101827897147
840 2.3222192947339195 22.665376934178656
841 1.845098040014257 16.997146301084424
842 1.7781512503836436 18.84368539533957
843 2.591064607026499 22.355521021731015
845 1.845098040014257 20.885028344815524
846 2.3979400086720375 20.095608652124437
847 1.0 20.538666749903076
848 2.113943352306837 22.567768547700556
849 2.0413926851582254 18.037852389811388
850 1.4771212547196624 21.84153000413391
851 2.113943352306837 20.60842016843693
852 1.6989700043360187 20.31196842893302
853 1.6020599913279625 16.54101827897147
854 1.0 17.26309028263445
857 2.0413926851582254 17.00209968149465
862 1.0 22.500892102974184
865 1.4771212547196624 36.420319557775116
871 1.3010299956639813 25.16854217073077
876 1.0 27.115678493576954
878 1.845098040014257 33.105865818015594
879 1.0 15.968223619979328
8 1.0 14.388928326622139
909 1.0 18.220820409533506
90 2.113943352306837 21.713143045615993
915 1.0 15.830828169778773
917 2.380211241711606 20.297410938444266
91 1.0 21.379518228894476
920 1.3010299956639813 17.092496631953207
926 1.0 17.117590186266202
92 2.079181246047625 19.083829329388184
93 1.9542425094393248 40.4099170367325
94 2.146128035678238 23.411409791442058
954 1.9542425094393248 19.103786648783725
956 1.0 19.332344149929916
95 1.3010299956639813 18.587951038368445
96 2.4313637641589874 20.281875578192462
97 1.7781512503836436 20.262064560688046
