1.0409586076789064
131 1.0 31.908356378043813
132 1.0 31.170157473839097
134 1.3010299956639813 29.51314963866556
136 1.0 22.900372757632663
140 1.3010299956639813 22.06065850896495
141 1.0 19.014107610916184
142 1.6020599913279625 21.606364977884798
145 3.060697840353612 38.43033977941447
146 3.0718820073061255 38.26126400416704
147 3.184691430817599 39.718947201261805
148 3.113943352306837 36.70053413239285
149 3.0681858617461617 30.628195318865107
150 2.949390006644913 28.679701781112843
151 2.591064607026499 26.41677324871767
152 2.0413926851582254 27.106140088612186
153 2.414973347970818 38.91027615891787
154 2.0 39.64347606197456
155 2.079181246047625 32.78554205971943
156 1.9542425094393248 27.300266473449927
157 1.6989700043360187 40.355627938282694
159 1.6020599913279625 33.49922392874927
161 1.0 29.183057629910973
162 1.0 27.42647719561716
163 1.0 29.043663537477517
173 1.6020599913279625 25.424188320838816
174 1.6020599913279625 18.86162482260781
187 1.3010299956639813 18.36761931536485
196 1.0 21.713143045615993
19 1.0 22.88505492845388
22 1.0 20.017303363514117
238 1.3010299956639813 16.834808931146938
24 1.0 22.69262746225858
26 1.4771212547196624 18.618919907073398
284 1.0 27.31523209193297
289 1.0 19.318257671242296
321 2.0413926851582254 19.38943069849081
334 1.0 26.57358007912264
347 1.0 18.41382190706093
351 1.7781512503836436 22.293535126779712
352 1.3010299956639813 25.386817845441577
353 1.0 20.13770837631265
354 1.0 20.692190670577144
355 1.3010299956639813 19.66138132966731
414 1.0 16.825205266315407
440 1.0 31.719953794102054
461 1.0 18.941645466545896
463 1.3010299956639813 19.3238863495445
470 1.0 23.994543772969674
471 1.0 26.179338818270686
472 1.0 20.431753744712537
485 1.6020599913279625 18.6714979484428
487 1.4771212547196624 18.890476520092495
488 1.0 18.786565844786978
501 1.0 18.576070342315386
505 1.3010299956639813 20.09259021626153
63 1.0 17.343081378405795
643 1.6989700043360187 19.629733620293802
650 1.0 21.713143045615993
65 1.3010299956639813 18.816428542926165
675 1.6020599913279625 19.124732638200378
676 1.0 20.23539889371069
683 1.3010299956639813 16.907222831124663
684 1.6020599913279625 17.964183562785355
687 1.0 19.452684111934385
68 1.0 17.554437536932625
690 1.3010299956639813 20.22818021406503
693 1.6020599913279625 18.104685257403954
695 1.0 19.76083134382925
725 1.3010299956639813 15.337880790453774
745 1.0 19.115864173216895
809 1.0 19.258313969819948
817 1.3010299956639813 18.36761931536485
818 1.0 19.318257671242296
840 1.9030899869919435 22.665376934178656
841 1.0 16.997146301084424
843 1.845098040014257 22.355521021731015
845 1.4771212547196624 20.885028344815524
846 1.0 20.095608652124437
847 1.4771212547196624 20.538666749903076
848 1.6020599913279625 22.567768547700556
851 1.7781512503836436 20.60842016843693
865 1.0 36.420319557775116
90 1.0 21.713143045615993
920 1.0 17.092496631953207
92 1.0 19.083829329388184
93 2.0413926851582254 40.4099170367325
94 1.4771212547196624 23.411409791442058
950 1.0 16.33085346902123
959 1.0 20.989047238821517
95 1.6989700043360187 18.587951038368445
96 1.0 20.281875578192462
