1.1426675035687315
131 1.0 31.908356378043813
133 1.0 27.54885932499107
140 1.0 22.06065850896495
142 1.0 21.606364977884798
143 1.0 19.603466556586774
145 2.778151250383644 38.43033977941447
146 2.6434526764861874 38.26126400416704
147 2.8325089127062366 39.718947201261805
148 2.778151250383644 36.70053413239285
149 2.7708520116421442 30.628195318865107
150 2.568201724066995 28.679701781112843
151 2.230448921378274 26.41677324871767
152 1.845098040014257 27.106140088612186
153 2.4913616938342726 38.91027615891787
154 2.079181246047625 39.64347606197456
155 1.7781512503836436 32.78554205971943
156 1.6989700043360187 27.300266473449927
157 1.0 40.355627938282694
160 1.6989700043360187 40.68185651929256
163 1.6020599913279625 29.043663537477517
18 1.0 14.272801310968436
196 1.3010299956639813 21.713143045615993
24 1.0 22.69262746225858
334 1.0 26.57358007912264
347 1.0 18.41382190706093
351 1.3010299956639813 22.293535126779712
352 1.9542425094393248 25.386817845441577
353 1.0 20.13770837631265
354 1.9030899869919435 20.692190670577144
355 1.7781512503836436 19.66138132966731
440 1.3010299956639813 31.719953794102054
461 1.6989700043360187 18.941645466545896
462 1.6989700043360187 19.95453670268086
463 1.7781512503836436 19.3238863495445
466 1.4771212547196624 22.37762213317215
470 1.0 23.994543772969674
471 1.3010299956639813 26.179338818270686
502 1.0 24.947803517854027
518 1.0 20.682013519960595
63 1.0 17.343081378405795
650 1.3010299956639813 21.713143045615993
668 1.0 17.727873548642012
670 1.0 20.6370767184495
675 1.845098040014257 19.124732638200378
682 1.0 2.895748279673984
683 1.0 16.907222831124663
686 1.0 17.162340194417848
687 1.6020599913279625 19.452684111934385
695 1.6020599913279625 19.76083134382925
69 1.3010299956639813 26.41557398804616
745 1.3010299956639813 19.115864173216895
778 1.4771212547196624 29.375621062375156
809 1.6020599913279625 19.258313969819948
840 2.0413926851582254 22.665376934178656
843 1.7781512503836436 22.355521021731015
845 1.0 20.885028344815524
846 1.0 20.095608652124437
847 1.0 20.538666749903076
848 1.0 22.567768547700556
849 1.3010299956639813 18.037852389811388
850 1.4771212547196624 21.84153000413391
865 1.9030899869919435 36.420319557775116
867 1.0 20.329143187123556
875 1.0 22.430004022861485
876 1.3010299956639813 27.115678493576954
877 1.0 22.430004022861485
878 1.4771212547196624 33.105865818015594
90 1.3010299956639813 21.713143045615993
94 1.7781512503836436 23.411409791442058
95 1.3010299956639813 18.587951038368445
96 1.4771212547196624 20.281875578192462
97 1.0 20.262064560688046
