1.193820026016113
134 1.0 29.51314963866556
135 1.0 23.727421112255122
138 1.0 17.408752168168547
140 1.6020599913279625 22.06065850896495
142 1.7781512503836436 21.606364977884798
143 1.0 19.603466556586774
145 2.5440680443502757 38.43033977941447
146 2.342422680822206 38.26126400416704
147 2.4771212547196626 39.718947201261805
148 2.568201724066995 36.70053413239285
149 2.230448921378274 30.628195318865107
150 2.278753600952829 28.679701781112843
151 2.0413926851582254 26.41677324871767
152 1.3010299956639813 27.106140088612186
153 2.079181246047625 38.91027615891787
154 2.0 39.64347606197456
155 2.079181246047625 32.78554205971943
156 1.7781512503836436 27.300266473449927
157 1.0 40.355627938282694
158 1.3010299956639813 34.64884871982456
159 1.6020599913279625 33.49922392874927
160 1.0 40.68185651929256
162 1.0 27.42647719561716
23 1.3010299956639813 18.90126570373093
352 1.0 25.386817845441577
353 1.6989700043360187 20.13770837631265
461 1.4771212547196624 18.941645466545896
462 1.4771212547196624 19.95453670268086
463 1.6020599913279625 19.3238863495445
464 1.0 17.065352465791484
467 1.4771212547196624 16.1416915500326
485 1.7781512503836436 18.6714979484428
487 1.6989700043360187 18.890476520092495
488 1.3010299956639813 18.786565844786978
497 1.0 22.57404561538827
511 1.3010299956639813 21.085117241154542
514 1.7781512503836436 23.1822442953396
557 1.3010299956639813 29.473606133346674
668 1.3010299956639813 17.727873548642012
684 1.0 17.964183562785355
693 1.0 18.104685257403954
745 1.0 19.115864173216895
748 1.0 22.56508767539272
809 1.0 19.258313969819948
827 1.0 22.57404561538827
839 2.079181246047625 18.35417280044446
840 1.9030899869919435 22.665376934178656
843 2.0 22.355521021731015
845 1.0 20.885028344815524
847 2.0 20.538666749903076
848 1.0 22.567768547700556
850 1.0 21.84153000413391
854 1.0 17.26309028263445
857 1.0 17.00209968149465
865 1.6989700043360187 36.420319557775116
867 1.6020599913279625 20.329143187123556
875 1.4771212547196624 22.430004022861485
876 1.4771212547196624 27.115678493576954
877 1.4771212547196624 22.430004022861485
930 1.6989700043360187 15.25216652316149
933 1.6020599913279625 22.32890278912787
943 1.0 19.424340488107244
95 1.0 18.587951038368445
96 1.0 20.281875578192462
