0.9355420107730815
105 1.0 21.33892101876266
132 1.6020599913279625 31.9240224086541
133 1.0 31.18619433249154
134 1.3010299956639813 27.567002922119546
135 1.3010299956639813 29.53008637972915
136 1.3010299956639813 23.748484428238577
137 1.0 22.922196064917607
138 1.3010299956639813 22.291356872514033
139 1.0 17.437449700363672
141 1.0 22.083311659467373
144 1.0 19.628955678670632
146 3.3483048630481607 38.443348131520054
147 3.392696953259666 38.27432982034523
148 3.429752280002408 39.73153365749456
149 3.3891660843645326 36.714155384577936
150 3.2764618041732443 30.64451579794581
151 3.1986570869544226 28.69713041845068
152 2.8573324964312685 26.43569384136088
153 2.5440680443502757 27.124579821694358
154 2.8750612633917 38.92312411360697
155 2.7075701760979363 39.65608647202028
156 2.6020599913279625 32.80078913912944
157 2.4313637641589874 27.318575173705053
158 2.8750612633917 40.36801588254125
159 2.7708520116421442 34.663276209978875
160 2.724275869600789 33.51414632402991
161 2.9867717342662448 40.68786868352573
162 2.845098040014257 29.200185832126223
163 2.690196080028514 27.444701699266258
164 2.8920946026904804 29.060873897358988
174 1.0 25.443847031718235
195 1.0 16.82457919792204
196 1.0 16.82457919792204
197 1.4771212547196624 21.73615837537494
19 2.255272505103306 22.906892828979473
1 1.4771212547196624 24.099314783282633
22 1.4771212547196624 20.042266187907835
23 1.0 18.927700473196293
24 1.3010299956639813 22.714650363605696
25 1.3010299956639813 18.174910176754217
335 1.0 26.592389103304416
352 1.3010299956639813 22.315951883102834
353 1.4771212547196624 25.406505472371265
355 1.0 20.7163402836389
356 1.3010299956639813 19.686795467789832
385 1.0 18.664082738893658
413 1.3010299956639813 19.441687508621293
415 1.4771212547196624 16.854896388101817
431 1.0 21.076784861203542
433 1.0 24.68064648083747
435 1.0 24.468548355039516
437 1.0 16.518134272484215
459 1.0 24.541701226408268
462 2.3010299956639813 18.968023960874753
463 2.079181246047625 19.97957794896172
465 1.4771212547196624 17.094626488510812
466 1.3010299956639813 18.25298125844072
467 1.4771212547196624 22.399954739575612
468 1.6989700043360187 16.172637573889855
471 1.3010299956639813 24.01537280312254
473 1.3010299956639813 20.456210819322695
494 1.0 22.47464478924292
502 1.3010299956639813 18.60296721930803
503 1.0 24.96783731854743
504 1.0 18.391649858504977
518 1.0 17.902990023252144
526 1.0 17.752415668623385
651 1.4771212547196624 21.73615837537494
655 1.0 22.47464478924292
65 1.7781512503836436 18.842982330593173
669 1.0 17.756055320837486
679 1.0 17.421072102946884
682 1.0 18.092716090093774
685 1.845098040014257 17.991995194459328
689 1.0 16.394314216462067
692 1.0 17.94337135852708
694 1.845098040014257 18.13228138623654
696 1.6989700043360187 19.78611774450118
69 1.6020599913279625 26.43449543906486
726 1.3010299956639813 15.370445248663776
741 1.0 16.52566545054529
746 1.3010299956639813 19.14200258825803
749 1.0 22.58723493033533
775 1.0 23.494249679152507
811 1.4771212547196624 19.284259305458484
826 1.0 16.82457919792204
82 1.7781512503836436 16.571218594456724
841 1.3010299956639813 18.381394375524813
842 2.568201724066995 22.68742628788902
843 2.0413926851582254 17.02653759225486
844 1.0 18.870200827721305
845 2.3010299956639813 22.377875684547387
847 2.414973347970818 20.90895523367315
848 1.9542425094393248 20.120474325903416
849 1.6989700043360187 20.562996665456474
850 2.0413926851582254 22.589913174303756
852 1.3010299956639813 21.864410189197464
853 1.6020599913279625 20.63266783135031
855 1.7781512503836436 16.571218594456724
867 2.0 36.43404557128479
869 1.4771212547196624 20.353723559156737
873 1.0 25.188400405739408
877 1.6020599913279625 22.452284526648562
878 2.113943352306837 27.134111744574057
879 1.6020599913279625 22.452284526648562
880 1.6020599913279625 33.12096543823041
91 1.4771212547196624 21.73615837537494
934 1.0 16.479445906159526
93 1.0 19.110011561305157
949 1.0 16.36144171601765
94 2.7323937598229686 40.42228834338309
95 2.079181246047625 23.43275716647166
960 1.4771212547196624 20.844073091142132
96 1.0 18.614830748754674
97 1.6020599913279625 20.306513166205562
98 2.113943352306837 20.286726208570236
