0.8068754016455384
130 1.0 13.348149896235084
132 1.4771212547196624 31.9240224086541
133 1.3010299956639813 31.18619433249154
134 1.3010299956639813 27.567002922119546
135 1.7781512503836436 29.53008637972915
136 1.6020599913279625 23.748484428238577
137 1.4771212547196624 22.922196064917607
139 1.0 17.437449700363672
141 1.3010299956639813 22.083311659467373
142 1.0 19.04038571666816
144 1.6020599913279625 19.628955678670632
146 3.4345689040341987 38.443348131520054
147 3.3891660843645326 38.27432982034523
148 3.392696953259666 39.73153365749456
149 3.359835482339888 36.714155384577936
150 3.247973266361807 30.64451579794581
151 3.1271047983648077 28.69713041845068
152 2.8129133566428557 26.43569384136088
153 2.740362689494244 27.124579821694358
154 3.03342375548695 38.92312411360697
155 2.886490725172482 39.65608647202028
156 2.9084850188786495 32.80078913912944
157 2.57978359661681 27.318575173705053
158 1.7781512503836436 40.36801588254125
159 1.6989700043360187 34.663276209978875
160 2.3010299956639813 33.51414632402991
161 2.380211241711606 40.68786868352573
162 1.3010299956639813 29.200185832126223
164 1.0 29.060873897358988
174 2.278753600952829 25.443847031718235
197 1.3010299956639813 21.73615837537494
199 1.0 19.95515608969582
19 1.0 22.906892828979473
1 1.0 24.099314783282633
222 1.3010299956639813 13.919448289084329
228 1.0 19.271408794907185
229 1.0 19.919432784468437
22 1.4771212547196624 20.042266187907835
23 1.4771212547196624 18.927700473196293
24 2.113943352306837 22.714650363605696
25 1.3010299956639813 18.174910176754217
290 1.3010299956639813 19.344122607461724
2 1.0 25.673207973589584
306 1.0 18.739668070348888
336 1.4771212547196624 27.213017312486674
341 1.9542425094393248 20.951702374187988
348 1.3010299956639813 18.44095543145629
350 1.3010299956639813 18.249780831901347
351 1.3010299956639813 19.334505504177955
352 2.230448921378274 22.315951883102834
353 1.7781512503836436 25.406505472371265
354 1.845098040014257 20.162522130165478
355 1.6020599913279625 20.7163402836389
356 1.0 19.686795467789832
394 1.6989700043360187 15.748925436938276
399 1.0 31.06364857854412
3 1.0 25.673207973589584
402 1.0 24.177242781351655
413 1.0 19.441687508621293
438 1.0 16.53113721916283
441 1.0 31.735712827979288
453 1.3010299956639813 19.168795308535405
462 2.079181246047625 18.968023960874753
463 2.568201724066995 19.97957794896172
464 2.1760912590556813 19.349743761872208
465 1.4771212547196624 17.094626488510812
466 1.7781512503836436 18.25298125844072
467 1.6020599913279625 22.399954739575612
468 1.845098040014257 16.172637573889855
471 1.0 24.01537280312254
486 1.0 18.698257556219072
487 1.0 19.112909051912595
502 1.0 18.60296721930803
503 1.3010299956639813 24.96783731854743
505 1.0 17.827254209129045
518 1.0 17.902990023252144
519 1.0 20.706175002637085
540 1.0 23.36967033208018
544 1.0 21.7329857487666
608 1.0 15.484181606986061
63 1.0 17.37188739596265
651 1.3010299956639813 21.73615837537494
653 1.0 19.95515608969582
65 1.3010299956639813 18.842982330593173
668 1.0 16.496123636808157
677 1.6020599913279625 20.260093000467393
678 1.4771212547196624 19.909993307821388
679 1.4771212547196624 17.421072102946884
682 1.0 18.092716090093774
683 1.0 17.37188739596265
685 1.0 17.991995194459328
686 1.0 17.204501418003492
687 1.0 17.191449064838324
688 1.6989700043360187 19.47837054680664
691 1.0 20.252883122476465
694 1.0 18.13228138623654
696 1.3010299956639813 19.78611774450118
69 2.1760912590556813 26.43449543906486
732 1.6020599913279625 28.96885361670166
733 1.0 24.09659662047416
734 1.0 16.710350266628105
741 1.0 16.52566545054529
746 1.6989700043360187 19.14200258825803
747 1.0 22.34898733858306
749 1.6020599913279625 22.58723493033533
751 1.0 24.759982935078224
752 1.0 15.72129036276342
754 1.3010299956639813 21.72844942797455
757 1.0 7.543978924498762
772 1.0 31.06364857854412
775 1.3010299956639813 23.494249679152507
777 1.0 24.177242781351655
778 1.3010299956639813 25.828938051552868
779 1.0 28.58117033955364
780 1.845098040014257 29.39263705080337
781 1.4771212547196624 26.78123592188267
782 1.9030899869919435 28.670617617530514
784 2.113943352306837 28.829559825624525
7 1.0 20.662205334068826
811 1.6020599913279625 19.284259305458484
821 1.3010299956639813 19.344122607461724
82 1.6020599913279625 16.571218594456724
841 2.113943352306837 18.381394375524813
842 2.681241237375587 22.68742628788902
843 1.9542425094393248 17.02653759225486
844 1.9542425094393248 18.870200827721305
845 2.342422680822206 22.377875684547387
847 2.7075701760979363 20.90895523367315
848 2.204119982655925 20.120474325903416
849 2.204119982655925 20.562996665456474
850 2.0 22.589913174303756
851 1.4771212547196624 18.065550609838173
852 1.3010299956639813 21.864410189197464
853 2.079181246047625 20.63266783135031
855 1.6020599913279625 16.571218594456724
856 1.0 17.292029554288533
859 1.0 17.03148242460064
867 1.7781512503836436 36.43404557128479
869 1.0 20.353723559156737
873 1.0 25.188400405739408
877 1.6020599913279625 22.452284526648562
878 2.0413926851582254 27.134111744574057
879 1.6020599913279625 22.452284526648562
880 1.6020599913279625 33.12096543823041
887 1.0 18.739668070348888
89 1.0 7.543978924498762
918 1.9030899869919435 24.222096258795588
91 1.3010299956639813 21.73615837537494
936 1.0 20.64389709578883
94 2.633468455579586 40.42228834338309
953 1.3010299956639813 19.129941566095997
955 1.0 19.358190264880896
95 2.0413926851582254 23.43275716647166
96 1.6989700043360187 18.614830748754674
97 1.9030899869919435 20.306513166205562
98 2.113943352306837 20.286726208570236
