0.9318141382538383
131 1.0 31.908356378043813
132 1.0 31.170157473839097
133 1.4771212547196624 27.54885932499107
134 1.0 29.51314963866556
136 1.3010299956639813 22.900372757632663
142 1.0 21.606364977884798
143 1.3010299956639813 19.603466556586774
145 3.6711728427150834 38.43033977941447
146 3.575187844927661 38.26126400416704
147 3.8048206787211623 39.718947201261805
148 3.75815462196739 36.70053413239285
149 3.7634279935629373 30.628195318865107
150 3.574031267727719 28.679701781112843
151 3.2380461031287955 26.41677324871767
152 2.8129133566428557 27.106140088612186
153 3.0827853703164503 38.91027615891787
154 2.7481880270062007 39.64347606197456
155 2.6020599913279625 32.78554205971943
156 2.380211241711606 27.300266473449927
157 2.079181246047625 40.355627938282694
158 1.6020599913279625 34.64884871982456
159 2.1760912590556813 33.49922392874927
160 2.230448921378274 40.68185651929256
161 1.3010299956639813 29.183057629910973
162 1.0 27.42647719561716
163 1.3010299956639813 29.043663537477517
173 1.6989700043360187 25.424188320838816
196 1.3010299956639813 21.713143045615993
19 2.0413926851582254 22.88505492845388
1 1.3010299956639813 24.469666509833758
221 1.3010299956639813 13.88348085576858
22 1.4771212547196624 20.017303363514117
24 1.3010299956639813 22.69262746225858
25 1.3010299956639813 18.14737887225271
26 1.0 18.618919907073398
349 1.4771212547196624 18.22236264627707
350 1.4771212547196624 19.30862768534024
351 1.7781512503836436 22.293535126779712
352 1.0 25.386817845441577
353 1.9030899869919435 20.13770837631265
354 1.6020599913279625 20.692190670577144
393 1.6020599913279625 15.71714517392524
401 1.0 24.1565533242725
440 1.9542425094393248 31.719953794102054
461 2.414973347970818 18.941645466545896
462 1.6020599913279625 19.95453670268086
463 1.0 19.3238863495445
464 1.0 17.065352465791484
465 1.3010299956639813 18.225567887475776
466 2.0 22.37762213317215
467 1.0 16.1416915500326
493 1.0 22.45238647455196
497 1.0 22.57404561538827
509 1.3010299956639813 21.57146234433863
517 1.0 17.875039909680364
632 1.0 22.247424428787344
633 1.0 20.514540434900287
63 1.0 17.343081378405795
642 1.0 19.614776409036214
650 1.3010299956639813 21.713143045615993
654 1.0 22.45238647455196
65 1.3010299956639813 18.816428542926165
670 1.0 20.6370767184495
671 1.0 19.58191513861614
674 1.0 18.14076911717772
675 1.3010299956639813 19.124732638200378
676 1.0 20.23539889371069
677 1.3010299956639813 19.89770402247368
678 1.3010299956639813 17.392347547587537
681 1.3010299956639813 18.065059521538757
683 1.0 16.907222831124663
684 1.6989700043360187 17.964183562785355
685 1.0 17.175414668708417
689 1.0 16.928793195831474
690 1.0 20.22818021406503
691 1.6020599913279625 17.91548424436275
693 1.6989700043360187 18.104685257403954
695 1.6989700043360187 19.76083134382925
69 1.9030899869919435 26.41557398804616
740 1.0 16.495381734999228
745 1.0 19.115864173216895
748 1.3010299956639813 22.56508767539272
769 1.0 19.37976637155202
775 1.0 24.1565533242725
782 1.0 28.8122112955473
809 1.0 19.258313969819948
827 1.0 22.57404561538827
82 1.4771212547196624 16.54101827897147
838 1.0 14.879955303930068
840 2.4913616938342726 22.665376934178656
841 2.0413926851582254 16.997146301084424
842 1.4771212547196624 18.84368539533957
843 2.414973347970818 22.355521021731015
845 2.146128035678238 20.885028344815524
846 2.0413926851582254 20.095608652124437
847 1.6989700043360187 20.538666749903076
848 2.204119982655925 22.567768547700556
849 1.0 18.037852389811388
850 1.3010299956639813 21.84153000413391
851 1.6989700043360187 20.60842016843693
853 1.4771212547196624 16.54101827897147
854 1.3010299956639813 17.26309028263445
857 1.0 17.00209968149465
865 1.6020599913279625 36.420319557775116
867 1.3010299956639813 20.329143187123556
875 1.0 22.430004022861485
876 1.0 27.115678493576954
877 1.0 22.430004022861485
878 1.4771212547196624 33.105865818015594
90 1.3010299956639813 21.713143045615993
92 1.0 19.083829329388184
93 2.342422680822206 40.4099170367325
94 2.4471580313422194 23.411409791442058
956 1.0 19.332344149929916
95 1.3010299956639813 18.587951038368445
96 1.6989700043360187 20.281875578192462
97 1.0 20.262064560688046
