1.275724130399211
132 1.3010299956639813 31.9240224086541
133 1.3010299956639813 31.18619433249154
142 1.0 19.04038571666816
146 2.1760912590556813 38.443348131520054
147 2.1760912590556813 38.27432982034523
148 2.230448921378274 39.73153365749456
149 2.1760912590556813 36.714155384577936
150 1.6989700043360187 30.64451579794581
151 1.6989700043360187 28.69713041845068
152 1.7781512503836436 26.43569384136088
153 1.0 27.124579821694358
154 1.6020599913279625 38.92312411360697
155 1.3010299956639813 39.65608647202028
156 1.0 32.80078913912944
157 1.0 27.318575173705053
158 1.6020599913279625 40.36801588254125
159 1.0 34.663276209978875
160 1.4771212547196624 33.51414632402991
161 1.0 40.68786868352573
190 1.6020599913279625 20.72132492096882
191 1.6020599913279625 30.983771998615772
24 1.0 22.714650363605696
290 1.0 19.344122607461724
351 1.0 19.334505504177955
353 1.9542425094393248 25.406505472371265
394 1.0 15.748925436938276
441 1.0 31.735712827979288
459 1.6020599913279625 24.541701226408268
463 1.3010299956639813 19.97957794896172
467 1.0 22.399954739575612
471 1.0 24.01537280312254
472 1.6020599913279625 26.198430887398857
505 1.0 17.827254209129045
518 1.0 17.902990023252144
608 1.3010299956639813 15.484181606986061
669 1.0 17.756055320837486
755 1.3010299956639813 14.781725528038374
821 1.0 19.344122607461724
822 1.6020599913279625 20.72132492096882
823 1.6020599913279625 30.983771998615772
842 1.0 22.68742628788902
847 1.0 20.90895523367315
848 1.0 20.120474325903416
850 1.0 22.589913174303756
852 1.3010299956639813 21.864410189197464
853 1.0 20.63266783135031
867 1.9030899869919435 36.43404557128479
869 1.0 20.353723559156737
877 1.6020599913279625 22.452284526648562
878 1.9030899869919435 27.134111744574057
879 1.6020599913279625 22.452284526648562
95 1.0 23.43275716647166
97 1.0 20.306513166205562
