0.826813731587726
104 1.6989700043360187 21.315476777332258
131 1.7781512503836436 31.908356378043813
132 1.6989700043360187 31.170157473839097
133 1.3010299956639813 27.54885932499107
134 1.6020599913279625 29.51314963866556
135 1.0 23.727421112255122
136 1.3010299956639813 22.900372757632663
140 1.3010299956639813 22.06065850896495
141 1.3010299956639813 19.014107610916184
142 1.845098040014257 21.606364977884798
143 1.6989700043360187 19.603466556586774
145 3.711807229041191 38.43033977941447
146 3.7193312869837265 38.26126400416704
147 3.683947130751512 39.718947201261805
148 3.6444385894678386 36.70053413239285
149 3.597695185925512 30.628195318865107
150 3.6020599913279625 28.679701781112843
151 3.3283796034387376 26.41677324871767
152 3.1367205671564067 27.106140088612186
153 3.326335860928751 38.91027615891787
154 3.123851640967086 39.64347606197456
155 3.1335389083702174 32.78554205971943
156 2.9138138523837167 27.300266473449927
157 3.357934847000454 40.355627938282694
158 3.143014800254095 34.64884871982456
159 3.2013971243204513 33.49922392874927
160 3.437750562820388 40.68185651929256
161 1.6020599913279625 29.183057629910973
162 1.7781512503836436 27.42647719561716
163 1.6020599913279625 29.043663537477517
173 2.3010299956639813 25.424188320838816
196 2.079181246047625 21.713143045615993
19 1.0 22.88505492845388
1 1.0 24.469666509833758
21 1.0 18.02167784870146
22 1.6989700043360187 20.017303363514117
23 1.3010299956639813 18.90126570373093
24 1.9542425094393248 22.69262746225858
25 1.3010299956639813 18.14737887225271
26 1.6989700043360187 18.618919907073398
2 1.6020599913279625 25.653725024939046
31 1.3010299956639813 15.945923907969867
347 1.4771212547196624 18.41382190706093
349 1.3010299956639813 18.22236264627707
350 1.3010299956639813 19.30862768534024
351 1.6020599913279625 22.293535126779712
352 1.3010299956639813 25.386817845441577
353 2.3222192947339195 20.13770837631265
354 2.255272505103306 20.692190670577144
355 1.9030899869919435 19.66138132966731
3 1.6020599913279625 25.653725024939046
430 1.0 21.053048712370824
432 1.0 24.66037937080602
434 1.0 24.448105419498397
436 1.0 16.48783672419816
437 1.0 16.500863545850883
440 1.7781512503836436 31.719953794102054
452 1.6020599913279625 19.142693477683043
461 1.6989700043360187 18.941645466545896
462 2.0413926851582254 19.95453670268086
463 1.6020599913279625 19.3238863495445
464 1.6989700043360187 17.065352465791484
465 1.6989700043360187 18.225567887475776
466 2.4913616938342726 22.37762213317215
467 1.4771212547196624 16.1416915500326
470 1.6989700043360187 23.994543772969674
471 1.6020599913279625 26.179338818270686
472 1.0 20.431753744712537
485 1.7781512503836436 18.6714979484428
486 1.0 19.08673079463014
487 1.3010299956639813 18.890476520092495
488 1.0 18.786565844786978
502 1.3010299956639813 24.947803517854027
508 1.3010299956639813 16.145707035010496
509 1.0 21.57146234433863
517 1.7781512503836436 17.875039909680364
518 1.4771212547196624 20.682013519960595
63 1.0 17.343081378405795
642 1.3010299956639813 19.614776409036214
643 1.0 19.629733620293802
650 2.079181246047625 21.713143045615993
668 1.3010299956639813 17.727873548642012
670 1.4771212547196624 20.6370767184495
671 1.6020599913279625 19.58191513861614
675 2.0413926851582254 19.124732638200378
676 1.3010299956639813 20.23539889371069
677 1.3010299956639813 19.89770402247368
678 1.6989700043360187 17.392347547587537
681 1.6989700043360187 18.065059521538757
684 1.6020599913279625 17.964183562785355
685 1.0 17.175414668708417
687 1.9542425094393248 19.452684111934385
688 1.3010299956639813 16.363787416979306
690 1.4771212547196624 20.22818021406503
691 1.6989700043360187 17.91548424436275
693 1.6020599913279625 18.104685257403954
695 2.0413926851582254 19.76083134382925
69 1.6989700043360187 26.41557398804616
731 1.3010299956639813 28.951588555136127
740 1.0 16.495381734999228
745 1.4771212547196624 19.115864173216895
746 1.0 22.32660375113389
748 1.7781512503836436 22.56508767539272
753 1.0 21.70542592404138
773 1.6989700043360187 23.472958228275314
782 1.0 28.8122112955473
7 1.4771212547196624 20.637992374919182
806 1.0 27.27436952647854
809 1.3010299956639813 19.258313969819948
811 1.0 16.52497719495689
839 1.6020599913279625 18.35417280044446
840 2.6434526764861874 22.665376934178656
841 1.6020599913279625 16.997146301084424
842 1.6020599913279625 18.84368539533957
843 2.5440680443502757 22.355521021731015
845 2.690196080028514 20.885028344815524
846 2.5314789170422554 20.095608652124437
847 2.278753600952829 20.538666749903076
848 2.4913616938342726 22.567768547700556
849 2.230448921378274 18.037852389811388
850 1.7781512503836436 21.84153000413391
851 2.4471580313422194 20.60842016843693
852 1.0 20.31196842893302
854 1.7781512503836436 17.26309028263445
857 1.6989700043360187 17.00209968149465
865 2.3222192947339195 36.420319557775116
867 1.0 20.329143187123556
871 1.0 25.16854217073077
875 2.0 22.430004022861485
876 2.342422680822206 27.115678493576954
877 2.0 22.430004022861485
878 2.146128035678238 33.105865818015594
90 2.079181246047625 21.713143045615993
920 1.3010299956639813 17.092496631953207
921 1.0 13.004944637534049
922 1.3010299956639813 16.34273553368784
92 1.845098040014257 19.083829329388184
931 1.845098040014257 22.349952035011718
93 2.623249290397901 40.4099170367325
940 1.4771212547196624 19.551908923253773
943 1.4771212547196624 19.424340488107244
944 1.0 19.37627093560627
94 2.7558748556724915 23.411409791442058
950 1.0 16.33085346902123
959 1.0 20.989047238821517
95 2.0 18.587951038368445
960 1.0 19.164284103879986
96 2.4313637641589874 20.281875578192462
97 1.7781512503836436 20.262064560688046
