0.7351821769904635
104 1.0 21.315476777332258
131 1.9030899869919435 31.908356378043813
132 1.3010299956639813 31.170157473839097
133 1.6989700043360187 27.54885932499107
134 1.3010299956639813 29.51314963866556
135 1.0 23.727421112255122
137 1.0 22.26891535791042
145 3.496929648073215 38.43033977941447
146 3.499687082618404 38.26126400416704
147 3.6483600109809315 39.718947201261805
148 3.6201360549737576 36.70053413239285
149 3.537819095073274 30.628195318865107
150 3.3909351071033793 28.679701781112843
151 3.103803720955957 26.41677324871767
152 2.7075701760979363 27.106140088612186
153 2.9190780923760737 38.91027615891787
154 2.8920946026904804 39.64347606197456
155 2.838849090737255 32.78554205971943
156 2.568201724066995 27.300266473449927
157 2.0 40.355627938282694
158 1.4771212547196624 34.64884871982456
159 2.230448921378274 33.49922392874927
160 2.3222192947339195 40.68185651929256
173 1.4771212547196624 25.424188320838816
196 1.845098040014257 21.713143045615993
19 1.6020599913279625 22.88505492845388
1 1.6989700043360187 24.469666509833758
206 1.0 18.772126118491787
227 1.0 19.245446135136124
22 1.4771212547196624 20.017303363514117
232 1.0 18.772126118491787
23 1.3010299956639813 18.90126570373093
24 2.0 22.69262746225858
25 1.0 18.14737887225271
26 1.0 18.618919907073398
284 1.0 27.31523209193297
2 1.3010299956639813 25.653725024939046
321 1.3010299956639813 19.38943069849081
334 1.0 26.57358007912264
338 1.6989700043360187 21.754781863703386
349 1.4771212547196624 18.22236264627707
350 1.4771212547196624 19.30862768534024
351 2.0 22.293535126779712
352 2.0413926851582254 25.386817845441577
353 2.0 20.13770837631265
354 2.1760912590556813 20.692190670577144
355 1.6020599913279625 19.66138132966731
357 1.0 14.997192520377267
393 1.6020599913279625 15.71714517392524
398 1.3010299956639813 31.04754842191709
399 1.0 19.13339458833571
3 1.3010299956639813 25.653725024939046
404 1.0 14.731292035069075
405 1.0 17.108838352647496
406 1.0 16.1759267221591
407 1.845098040014257 14.742151426884002
408 1.0 18.772126118491787
410 1.7781512503836436 18.329720020247976
412 1.6989700043360187 19.41595254379453
414 1.0 16.825205266315407
416 1.0 18.61566394013484
418 1.845098040014257 17.08472326939475
420 1.0 22.69268235247738
421 1.0 19.170545066323047
422 1.6989700043360187 15.318690066440361
430 1.0 21.053048712370824
431 1.3010299956639813 20.115404335824383
432 1.0 24.66037937080602
434 1.0 24.448105419498397
440 2.0413926851582254 31.719953794102054
457 1.6020599913279625 24.521319277035015
461 1.9030899869919435 18.941645466545896
462 1.9030899869919435 19.95453670268086
463 1.845098040014257 19.3238863495445
464 1.3010299956639813 17.065352465791484
465 2.0 18.225567887475776
466 2.4913616938342726 22.37762213317215
467 1.3010299956639813 16.1416915500326
470 1.3010299956639813 23.994543772969674
471 1.4771212547196624 26.179338818270686
475 1.0 15.713768088124892
495 1.0 17.04471738567224
499 1.0 27.781754633425805
502 1.3010299956639813 24.947803517854027
511 1.6020599913279625 21.085117241154542
513 1.0 18.984876032460487
517 1.3010299956639813 17.875039909680364
518 1.4771212547196624 20.682013519960595
539 1.3010299956639813 23.34826527667759
543 1.0 21.709967055619686
548 1.0 19.647259077738575
549 1.6020599913279625 22.395775493328287
564 1.0 25.047424451568215
607 1.3010299956639813 15.451856847580665
632 1.0 22.247424428787344
633 1.0 20.514540434900287
63 1.0 17.343081378405795
642 1.0 19.614776409036214
643 1.3010299956639813 19.629733620293802
650 1.845098040014257 21.713143045615993
658 1.0 18.772126118491787
65 1.3010299956639813 18.816428542926165
660 1.0 17.15044222388708
666 1.0 20.41689440117043
668 1.3010299956639813 17.727873548642012
670 1.4771212547196624 20.6370767184495
671 1.4771212547196624 19.58191513861614
674 1.0 18.14076911717772
675 1.4771212547196624 19.124732638200378
676 1.3010299956639813 20.23539889371069
677 1.4771212547196624 19.89770402247368
678 1.0 17.392347547587537
67 1.0 17.749330468393577
682 1.3010299956639813 2.895748279673984
684 1.0 17.964183562785355
685 1.0 17.175414668708417
686 1.0 17.162340194417848
687 2.0 19.452684111934385
691 1.7781512503836436 17.91548424436275
693 1.0 18.104685257403954
695 1.4771212547196624 19.76083134382925
69 2.4771212547196626 26.41557398804616
725 1.3010299956639813 15.337880790453774
731 1.0 28.951588555136127
741 1.0 21.665271886223913
745 1.4771212547196624 19.115864173216895
746 1.0 22.32660375113389
749 1.0 20.209996528594978
770 1.3010299956639813 31.04754842191709
773 1.4771212547196624 23.472958228275314
77 1.4771212547196624 16.876185748875265
780 1.3010299956639813 28.653172853466874
782 1.4771212547196624 28.8122112955473
799 1.3010299956639813 21.750977795505374
7 1.4771212547196624 20.637992374919182
800 1.0 21.474900607430737
801 1.6989700043360187 16.7176380868533
805 1.7781512503836436 24.462808310936932
806 1.845098040014257 27.27436952647854
807 1.7781512503836436 23.916854058840084
809 1.6989700043360187 19.258313969819948
810 1.4771212547196624 18.41805748667281
811 1.0 16.52497719495689
812 1.0 21.474900607430737
813 1.9542425094393248 20.580671285807178
814 2.113943352306837 26.382740623521833
815 1.4771212547196624 16.876185748875265
825 1.0 17.04471738567224
828 1.0 27.781754633425805
82 1.6020599913279625 16.54101827897147
838 1.0 14.879955303930068
839 1.6020599913279625 18.35417280044446
840 2.7993405494535817 22.665376934178656
841 1.0 16.997146301084424
842 1.6989700043360187 18.84368539533957
843 2.568201724066995 22.355521021731015
845 2.342422680822206 20.885028344815524
846 2.1760912590556813 20.095608652124437
847 2.079181246047625 20.538666749903076
848 2.5051499783199063 22.567768547700556
849 1.4771212547196624 18.037852389811388
850 1.3010299956639813 21.84153000413391
851 2.278753600952829 20.60842016843693
853 1.6020599913279625 16.54101827897147
854 1.6020599913279625 17.26309028263445
857 1.3010299956639813 17.00209968149465
865 2.255272505103306 36.420319557775116
871 1.9542425094393248 25.16854217073077
875 1.0 22.430004022861485
876 1.0 27.115678493576954
877 1.0 22.430004022861485
878 1.3010299956639813 33.105865818015594
879 1.0 15.968223619979328
90 1.845098040014257 21.713143045615993
92 1.9030899869919435 19.083829329388184
939 1.0 17.878596309450398
93 2.7634279935629373 40.4099170367325
94 2.6720978579357175 23.411409791442058
956 1.4771212547196624 19.332344149929916
959 1.3010299956639813 20.989047238821517
95 2.079181246047625 18.587951038368445
960 1.3010299956639813 19.164284103879986
96 1.9542425094393248 20.281875578192462
97 1.6020599913279625 20.262064560688046
