1.2839966563652008
132 1.0 31.9240224086541
135 1.0 29.53008637972915
142 1.0 19.04038571666816
144 1.3010299956639813 19.628955678670632
146 2.1760912590556813 38.443348131520054
147 2.1760912590556813 38.27432982034523
148 1.9542425094393248 39.73153365749456
149 2.0 36.714155384577936
150 1.9030899869919435 30.64451579794581
151 2.230448921378274 28.69713041845068
152 1.9030899869919435 26.43569384136088
154 1.4771212547196624 38.92312411360697
155 1.3010299956639813 39.65608647202028
156 1.7781512503836436 32.80078913912944
158 1.4771212547196624 40.36801588254125
159 1.845098040014257 34.663276209978875
160 1.4771212547196624 33.51414632402991
161 1.6020599913279625 40.68786868352573
162 1.6989700043360187 29.200185832126223
163 1.7781512503836436 27.444701699266258
164 2.0 29.060873897358988
222 1.0 13.919448289084329
25 1.0 18.174910176754217
31 1.0 15.977249114874716
354 1.0 20.162522130165478
356 1.0 19.686795467789832
394 1.4771212547196624 15.748925436938276
421 1.3010299956639813 22.714705200606023
441 1.6020599913279625 31.735712827979288
465 1.3010299956639813 17.094626488510812
467 1.0 22.399954739575612
496 1.0 17.074026788002808
510 1.7781512503836436 21.594628676437562
518 1.0 17.902990023252144
608 1.6989700043360187 15.484181606986061
632 1.4771212547196624 19.9752240481514
636 1.0 18.05674668124595
643 1.0 19.64025085319644
685 1.0 17.991995194459328
688 1.3010299956639813 19.47837054680664
694 1.0 18.13228138623654
771 1.6989700043360187 19.405549325281637
79 1.0 14.2120124870126
828 1.0 17.074026788002808
849 1.0 20.562996665456474
850 1.3010299956639813 22.589913174303756
853 1.0 20.63266783135031
867 1.3010299956639813 36.43404557128479
880 1.0 33.12096543823041
94 1.0 40.42228834338309
955 1.0 19.358190264880896
960 1.4771212547196624 20.844073091142132
