1.3872161432802645
128 1.0 13.531525342744336
140 1.6020599913279625 22.06065850896495
141 1.0 19.014107610916184
142 1.6989700043360187 21.606364977884798
145 2.591064607026499 38.43033977941447
146 2.5185139398778875 38.26126400416704
147 2.414973347970818 39.718947201261805
148 2.633468455579586 36.70053413239285
149 2.5440680443502757 30.628195318865107
150 2.4913616938342726 28.679701781112843
151 2.146128035678238 26.41677324871767
152 1.0 27.106140088612186
153 1.0 38.91027615891787
154 1.4771212547196624 39.64347606197456
155 1.3010299956639813 32.78554205971943
156 1.0 27.300266473449927
353 1.4771212547196624 20.13770837631265
354 1.4771212547196624 20.692190670577144
471 1.0 26.179338818270686
485 1.6020599913279625 18.6714979484428
487 1.3010299956639813 18.890476520092495
504 1.0 17.799185167779708
509 1.3010299956639813 21.57146234433863
631 1.4771212547196624 19.950177336902193
635 1.0 18.02903493564441
670 1.0 20.6370767184495
675 1.4771212547196624 19.124732638200378
683 1.0 16.907222831124663
684 1.0 17.964183562785355
691 1.0 17.91548424436275
693 1.0 18.104685257403954
769 1.0 19.37976637155202
840 1.6020599913279625 22.665376934178656
843 1.3010299956639813 22.355521021731015
845 1.0 20.885028344815524
848 1.6020599913279625 22.567768547700556
851 1.6020599913279625 20.60842016843693
876 1.0 27.115678493576954
93 1.0 40.4099170367325
94 1.6989700043360187 23.411409791442058
961 1.4771212547196624 20.820071638418433
