1.5086383061657274
124 1.0 13.484384865021621
146 1.845098040014257 38.443348131520054
147 1.9030899869919435 38.27432982034523
148 1.6989700043360187 39.73153365749456
149 1.0 36.714155384577936
150 1.6989700043360187 30.64451579794581
151 1.4771212547196624 28.69713041845068
152 1.0 26.43569384136088
154 1.3010299956639813 38.92312411360697
155 1.3010299956639813 39.65608647202028
156 1.4771212547196624 32.80078913912944
157 1.3010299956639813 27.318575173705053
158 2.8129133566428557 40.36801588254125
159 2.7481880270062007 34.663276209978875
160 2.5185139398778875 33.51414632402991
161 2.886490725172482 40.68786868352573
162 2.845098040014257 29.200185832126223
163 2.690196080028514 27.444701699266258
164 2.886490725172482 29.060873897358988
31 1.0 15.977249114874716
353 1.4771212547196624 25.406505472371265
459 1.0 24.541701226408268
467 1.3010299956639813 22.399954739575612
498 1.0 22.596184090364247
830 1.0 22.596184090364247
842 1.845098040014257 22.68742628788902
845 1.0 22.377875684547387
851 1.0 18.065550609838173
867 1.0 36.43404557128479
94 1.3010299956639813 40.42228834338309
95 1.0 23.43275716647166
