1.494850021680094
218 1.3010299956639813 15.989944117470667
223 1.6020599913279625 19.5018082949504
347 1.6020599913279625 14.556617982255124
373 2.204119982655925 15.930282308948243
539 1.3010299956639813 20.581818087864594
540 1.3010299956639813 23.36967033208018
541 1.3010299956639813 18.888440514559967
542 1.3010299956639813 19.728868427436186
547 1.3010299956639813 20.421608203426736
549 1.3010299956639813 19.672691459680365
585 1.3010299956639813 30.96669564390913
662 1.3010299956639813 19.61461115210067
666 1.3010299956639813 21.979048869070308
667 1.3010299956639813 20.441369254248713
715 1.3010299956639813 13.112389751655092
717 1.3010299956639813 13.112389751655092
718 1.3010299956639813 13.362576987677022
719 1.3010299956639813 13.140103264582354
720 1.3010299956639813 13.362576987677022
721 1.3010299956639813 13.140103264582354
724 1.3010299956639813 13.095877607082656
725 1.3010299956639813 13.095877607082656
950 1.6020599913279625 16.21290906039629
951 2.342422680822206 25.40756427571084
955 1.3010299956639813 19.358190264880896
956 1.3010299956639813 20.484965365855015
957 1.3010299956639813 18.152757365381166
958 1.3010299956639813 21.012855683925522
959 1.3010299956639813 19.190356568188804
960 1.3010299956639813 20.844073091142132
961 1.3010299956639813 18.914849636919964
992 1.3010299956639813 33.556122085405605
