1.2365720064370627
119 2.7160033436347994 22.648675884415564
120 2.4471580313422194 16.42166336328676
121 2.9242792860618816 25.97780851667672
125 2.342422680822206 19.0809900086681
126 2.342422680822206 17.339097888099232
127 2.3010299956639813 18.613796434027876
140 1.0 22.06065850896495
149 1.0 30.628195318865107
14 1.0 14.489359616347349
15 1.0 14.489359616347349
169 1.7781512503836436 16.893122029317794
16 1.0 8.1299539268002
170 2.3010299956639813 17.270901992246657
17 1.0 12.908352019496613
18 1.0 14.272801310968436
260 2.8692317197309762 40.46004416097286
262 1.0 21.133916878571615
268 2.6127838567197355 28.048590371713367
269 2.6127838567197355 26.08506226190013
324 2.8325089127062366 15.723543941848508
325 2.623249290397901 26.246066768442137
331 1.3010299956639813 26.137525464974466
332 2.6434526764861874 24.231012577485338
344 1.845098040014257 19.429659374481616
396 1.4771212547196624 34.747346764383785
435 1.6020599913279625 18.127861733361883
436 2.8325089127062366 16.48783672419816
437 2.740362689494244 16.500863545850883
438 3.0718820073061255 16.11979502108222
439 3.0718820073061255 16.057639662220197
497 1.3010299956639813 22.57404561538827
514 2.7323937598229686 23.1822442953396
515 1.6989700043360187 20.34226440586786
552 1.6020599913279625 20.441020454368555
553 1.3010299956639813 17.922498457011667
559 2.57978359661681 32.39203154477896
560 1.6989700043360187 26.176582993590046
572 1.0 34.607198595571596
583 2.1760912590556813 23.271290483826427
66 1.6020599913279625 17.276058696601304
692 2.0413926851582254 16.40475707549024
771 2.3222192947339195 25.078312841330952
805 2.591064607026499 24.462808310936932
806 1.0 27.27436952647854
813 1.0 20.580671285807178
827 1.3010299956639813 22.57404561538827
86 3.406540180433955 24.815590935179138
890 1.6020599913279625 15.846061238571657
918 2.4471580313422194 21.05942217315108
919 1.0 24.20144514632048
91 1.0 21.379518228894476
920 1.7781512503836436 17.092496631953207
923 2.623249290397901 21.33531539196555
928 2.3010299956639813 18.737561566460872
931 1.3010299956639813 22.349952035011718
933 2.6989700043360187 22.32890278912787
981 1.0 18.147091699710654
993 1.0 33.541218365030296
