1.585026652029182
174 1.3010299956639813 25.443847031718235
210 1.0 20.74943729156614
219 1.0 20.060459993820544
228 1.3010299956639813 19.271408794907185
234 1.0 20.74943729156614
259 1.3010299956639813 34.168322910342354
266 1.0 24.006561347142163
276 1.3010299956639813 20.303531424387252
343 1.0 22.828476621056783
399 1.0 31.06364857854412
410 1.0 20.74943729156614
418 1.0 15.939621763732179
547 1.0 20.421608203426736
557 1.0 32.03860327247943
558 1.3010299956639813 29.49056558466878
572 1.0 29.842988809469816
592 1.0 15.957605833185818
647 1.0 18.531080228224845
667 1.3010299956639813 20.441369254248713
772 1.0 31.06364857854412
810 1.0 15.100671070076253
854 1.0 20.336569559735775
918 1.0 24.222096258795588
956 1.3010299956639813 20.484965365855015
968 1.0 20.745195199857015
982 1.0 19.85729433713603
