1.6382721639824072
105 1.0 21.33892101876266
268 1.3010299956639813 24.276039699169623
399 1.0 31.06364857854412
411 1.0 18.356977856408704
415 1.0 16.854896388101817
446 1.0 21.762871720842014
514 1.0 19.011194543423425
540 1.0 23.36967033208018
543 1.3010299956639813 18.30187230227827
548 1.0 19.056516086799924
552 1.3010299956639813 21.18617303846442
572 1.3010299956639813 29.842988809469816
647 1.0 18.531080228224845
663 1.0 19.44490454387257
666 1.4771212547196624 21.979048869070308
772 1.0 31.06364857854412
911 1.0 21.53343177229172
913 1.6020599913279625 18.473312192215285
916 1.0 20.322029692038072
930 1.0 22.37231226242215
943 1.0 19.402058534341666
973 1.0 18.869638675773842
978 1.0 19.932540595234652
