1.4814860601221125
127 1.0 18.613796434027876
210 1.0 19.851353724768064
243 1.6989700043360187 25.8105965022697
248 1.0 22.73469994483774
258 1.0 34.15368633845293
265 1.0 23.98572466518575
269 1.3010299956639813 26.08506226190013
285 1.3010299956639813 30.562929415100232
290 1.4771212547196624 17.858124243150325
291 1.0 16.58416436051082
301 1.3010299956639813 15.848797334570648
328 1.0 24.20016866097684
329 1.0 24.995158982809944
330 1.0 26.423852520632007
331 1.3010299956639813 26.137525464974466
335 1.3010299956639813 27.194637545841633
337 1.6989700043360187 25.8105965022697
342 1.0 22.806563635018236
396 1.0 34.747346764383785
420 1.0 22.69268235247738
535 1.0 17.779601462975204
55 1.0 16.109062218202855
571 1.0 29.826229749704215
593 1.3010299956639813 21.456267665239462
594 1.0 13.009307666040192
597 1.0 19.894981669475758
603 1.0 16.109062218202855
604 1.0 16.848497544115553
822 1.0 16.58416436051082
919 1.0 24.20144514632048
966 1.0 12.97081670326476
974 1.0 18.84312245235009
980 1.0 17.619733479266785
