1.2006594505464183
184 1.0 24.619860170608522
188 1.0 22.772628792451215
214 1.0 18.685531899177228
246 1.0 17.897958254775837
250 1.0 16.070194442289612
251 1.0 15.91714951082178
257 1.0 32.04340428656301
260 1.6989700043360187 40.46004416097286
267 1.0 24.25543451426215
268 1.3010299956639813 28.048590371713367
269 1.0 26.08506226190013
307 1.6020599913279625 18.45025554098666
308 1.3010299956639813 17.69895328701503
309 1.0 16.353960229243555
316 1.0 16.400885878921038
338 1.0 21.754781863703386
443 1.0 29.509952060039822
480 1.6020599913279625 18.45025554098666
481 1.3010299956639813 17.69895328701503
482 1.0 16.353960229243555
500 1.0 24.619860170608522
509 1.3010299956639813 21.57146234433863
523 1.0 18.160502520733715
530 1.0 20.54820717542731
538 1.3010299956639813 20.55751044757001
545 1.0 23.297633308982533
553 1.6989700043360187 17.922498457011667
554 1.6989700043360187 22.40007556792627
557 1.0 29.473606133346674
559 1.3010299956639813 32.39203154477896
560 1.0 26.176582993590046
569 1.4771212547196624 34.990949277994865
570 1.0 19.48325860666556
572 1.6020599913279625 34.607198595571596
577 1.0 16.12113380419118
582 1.6989700043360187 24.99171329470656
584 1.3010299956639813 30.950545053399313
611 1.0 16.37139499661555
614 1.3010299956639813 17.258283162732244
616 1.0 16.2837123301042
617 1.0 16.258590605316485
618 1.0 15.979851330655551
619 1.0 16.002509983007247
620 1.0 15.900698718230329
621 1.0 16.187886783484302
624 1.0 16.24926695969382
634 1.6020599913279625 21.49965573905078
638 1.0 17.972508687822355
647 1.0 22.772628792451215
662 1.0 19.41917384237332
813 1.3010299956639813 20.580671285807178
829 1.0 24.619860170608522
88 1.0 17.71948261455228
891 1.7781512503836436 20.556957071190386
892 1.6020599913279625 19.44244897613975
893 1.4771212547196624 19.650125642603225
944 1.0 19.37627093560627
948 1.3010299956639813 19.383510389270164
960 1.0 19.164284103879986
962 1.4771212547196624 18.888396882406173
994 1.0 16.070194442289612
996 1.0 16.28971068168109
997 1.0 15.91714951082178
