1.8239087409443189
118 1.3010299956639813 14.722236801759516
213 1.0 19.298818028563065
214 1.3010299956639813 18.044528672125754
258 1.3010299956639813 32.05900432440354
286 1.4771212547196624 30.579284727285547
341 1.0 20.951702374187988
399 1.3010299956639813 31.06364857854412
416 1.0 19.445006257673224
541 1.0 18.888440514559967
565 1.0 25.067378635529828
567 1.0 23.07027838400899
594 1.0 21.479558238529965
691 1.0 20.252883122476465
772 1.3010299956639813 31.06364857854412
807 1.0 24.483238969908477
