1.4685210829577449
14 1.0 14.523826702761134
15 1.0 14.523826702761134
213 1.0 19.298818028563065
261 1.0 40.472400145134394
284 1.0 16.021430614511992
286 1.0 30.579284727285547
317 1.3010299956639813 16.431343755560334
319 1.0 15.794383648680418
332 1.0 26.156648054217282
333 1.0 24.251638512278973
446 1.0 21.762871720842014
473 1.0 20.456210819322695
485 1.0 14.548650732915977
546 1.0 23.31908484052949
567 1.4771212547196624 23.07027838400899
582 1.3010299956639813 26.849702075967517
598 1.3010299956639813 19.920097781606806
611 1.0 16.956306990360925
612 1.3010299956639813 16.40190763707712
616 1.0 23.902881671535816
618 1.3010299956639813 16.289314548847216
629 1.0 17.460816329506702
631 1.0 16.9948601162417
632 1.0 19.9752240481514
635 1.0 21.5228993608598
636 1.0 18.05674668124595
637 1.4771212547196624 16.02625467467848
640 1.3010299956639813 16.590546453751475
807 1.6020599913279625 24.483238969908477
878 1.0 27.134111744574057
904 1.0 12.978310947895874
918 1.0 24.222096258795588
988 1.3010299956639813 18.29479303891827
992 1.3010299956639813 33.556122085405605
