1.5686362358410126
175 1.0 18.88811507135678
176 1.0 22.379256958057034
23 1.0 18.927700473196293
242 1.0 20.34767568477578
250 1.4771212547196624 21.593723016307443
258 1.0 32.05900432440354
286 1.0 30.579284727285547
296 1.0 21.560794875219035
2 1.3010299956639813 25.673207973589584
344 1.0 20.86119657744264
3 1.3010299956639813 25.673207973589584
41 1.0 20.898009485572526
441 1.3010299956639813 31.735712827979288
444 1.0 29.526890635247195
500 1.0 27.79974623106974
524 1.0 18.188013959901607
528 1.0 21.12339116570097
546 1.0 23.31908484052949
577 1.3010299956639813 21.541085769479377
579 1.0 17.22512975082521
62 1.0 20.34767568477578
69 1.3010299956639813 26.43449543906486
816 1.3010299956639813 26.40168560543113
831 1.0 27.79974623106974
867 1.0 36.43404557128479
880 1.4771212547196624 33.12096543823041
930 1.0 22.37231226242215
