0.906578314837765
100 1.3010299956639813 15.756951807688566
13 1.3010299956639813 14.914686603234317
145 1.3010299956639813 13.597726219616904
184 1.3010299956639813 13.724353290586581
201 1.3010299956639813 16.675223517292782
202 1.3010299956639813 16.202778266288398
217 1.3010299956639813 16.75160018454076
218 1.3010299956639813 15.989944117470667
220 1.3010299956639813 15.886881268828224
221 1.3010299956639813 14.929399151330296
257 1.3010299956639813 14.685155707227832
272 1.3010299956639813 14.291721385647843
287 1.3010299956639813 14.141077426099002
28 1.3010299956639813 13.960944211158973
29 1.3010299956639813 14.025015129906466
302 1.3010299956639813 15.880314132670478
303 1.3010299956639813 14.601394337485191
30 1.3010299956639813 13.64543814345686
318 1.3010299956639813 15.856318953483731
319 1.3010299956639813 15.794383648680418
32 1.3010299956639813 13.470797021026364
334 1.3010299956639813 14.366023473538
33 1.3010299956639813 13.470797021026364
346 1.3010299956639813 17.379200642449316
347 1.3010299956639813 14.556617982255124
34 1.3010299956639813 13.653339430783065
357 1.3010299956639813 16.36239469864959
358 1.3010299956639813 15.03049511803453
35 1.3010299956639813 14.052201094474524
36 1.3010299956639813 14.052201094474524
372 1.3010299956639813 16.799196227548762
373 1.3010299956639813 15.930282308948243
374 1.3010299956639813 15.477325925939487
38 1.3010299956639813 15.275369084039284
391 1.3010299956639813 15.480475837789893
392 1.3010299956639813 14.967448726783925
393 1.3010299956639813 14.318131975422032
396 1.3010299956639813 14.792239883501855
401 1.3010299956639813 14.1192438041068
408 1.3010299956639813 14.776028853964045
40 1.3010299956639813 13.974390039448755
423 1.3010299956639813 15.351295233681704
42 1.3010299956639813 17.36771058332882
43 1.3010299956639813 17.141090857518964
44 1.3010299956639813 15.731627971229939
45 1.3010299956639813 13.98764616202497
460 1.3010299956639813 16.24091782837226
461 1.3010299956639813 14.461504091988365
468 1.3010299956639813 16.172637573889855
469 1.3010299956639813 13.756353540188055
476 1.3010299956639813 15.745555167328087
477 1.3010299956639813 14.222320993086985
484 1.3010299956639813 16.33121855046969
485 1.3010299956639813 14.548650732915977
48 1.3010299956639813 14.721765395784356
490 1.3010299956639813 13.960944211158973
493 1.3010299956639813 15.275369084039284
49 1.3010299956639813 16.36609320638818
508 1.3010299956639813 17.36771058332882
509 1.3010299956639813 16.17664537722168
50 1.3010299956639813 14.485665386192277
51 1.3010299956639813 16.49843751688567
522 1.3010299956639813 16.167444031550037
537 1.3010299956639813 17.141090857518964
538 1.3010299956639813 16.052093028525185
53 1.3010299956639813 15.516879946428599
54 1.3010299956639813 16.35174061696333
551 1.3010299956639813 15.64922422599311
55 1.3010299956639813 16.140070803745896
564 1.3010299956639813 15.731627971229939
56 1.3010299956639813 16.039861561383614
57 1.3010299956639813 16.169816605433944
580 1.3010299956639813 16.49843751688567
586 1.3010299956639813 15.516879946428599
589 1.3010299956639813 16.35174061696333
59 1.3010299956639813 17.054311793451188
604 1.3010299956639813 16.140070803745896
605 1.3010299956639813 16.87814769144019
611 1.3010299956639813 16.956306990360925
626 1.3010299956639813 16.039861561383614
627 1.3010299956639813 15.516211807091997
63 1.3010299956639813 17.37188739596265
640 1.3010299956639813 16.590546453751475
645 1.3010299956639813 16.169816605433944
64 1.3010299956639813 16.737458178003557
660 1.3010299956639813 17.054311793451188
661 1.3010299956639813 17.17957125410552
668 1.3010299956639813 16.496123636808157
683 1.3010299956639813 17.37188739596265
684 1.3010299956639813 16.936770172063596
697 1.3010299956639813 13.524668180762957
712 1.3010299956639813 16.737458178003557
713 1.3010299956639813 16.184280047905055
726 1.3010299956639813 15.370445248663776
727 1.3010299956639813 15.480475837789893
728 1.3010299956639813 14.967448726783925
744 1.3010299956639813 15.477325925939487
745 1.3010299956639813 15.833985711967152
75 1.3010299956639813 15.477325925939487
77 1.3010299956639813 16.90578733542276
78 1.3010299956639813 15.342485760021395
79 1.3010299956639813 14.2120124870126
80 1.3010299956639813 15.71248572680523
817 1.3010299956639813 16.90578733542276
81 1.3010299956639813 15.777603950735331
82 1.3010299956639813 16.571218594456724
832 1.3010299956639813 15.777603950735331
833 1.3010299956639813 15.885438230900338
840 1.3010299956639813 14.949174756130038
855 1.3010299956639813 16.571218594456724
856 1.3010299956639813 17.292029554288533
859 1.3010299956639813 17.03148242460064
874 1.3010299956639813 15.628378267266886
875 1.3010299956639813 15.780042124305094
881 1.3010299956639813 15.999505166650179
896 1.3010299956639813 15.756951807688566
897 1.3010299956639813 15.971940710676494
907 1.3010299956639813 16.02381405871867
913 1.0 18.473312192215285
921 1.3010299956639813 16.37330158288374
934 1.3010299956639813 16.479445906159526
949 1.3010299956639813 16.36144171601765
964 1.3010299956639813 15.603652384930466
99 1.3010299956639813 15.628378267266886
