1.4685210829577449
117 1.0 21.166129822732998
174 1.0 25.443847031718235
187 1.0 25.365184410989947
258 1.0 32.05900432440354
259 1.3010299956639813 34.168322910342354
261 1.0 40.472400145134394
265 1.0 16.744108528521995
328 1.0 32.88047364596294
357 1.0 16.36239469864959
399 1.3010299956639813 31.06364857854412
41 1.0 20.898009485572526
422 1.0 19.196609027115258
432 1.0 20.140245569349506
434 1.0 26.054272842923844
510 1.0 21.594628676437562
514 1.0 19.011194543423425
557 1.0 32.03860327247943
560 1.6989700043360187 32.40746376373745
566 1.0 24.435514902659826
570 1.4771212547196624 35.00523577088447
571 1.0 19.508904785615407
572 1.0 29.842988809469816
582 1.0 26.849702075967517
606 1.3010299956639813 18.53110082385229
677 1.0 20.260093000467393
689 1.0 16.394314216462067
732 1.0 28.96885361670166
772 1.3010299956639813 31.06364857854412
775 1.0 23.494249679152507
84 1.0 25.365184410989947
85 1.0 20.97110134921298
867 1.4771212547196624 36.43404557128479
918 1.3010299956639813 24.222096258795588
930 1.0 22.37231226242215
