1.721246399047171
132 1.4771212547196624 31.9240224086541
133 1.4771212547196624 31.18619433249154
134 1.3010299956639813 27.567002922119546
135 1.3010299956639813 29.53008637972915
136 1.3010299956639813 23.748484428238577
137 1.3010299956639813 22.922196064917607
138 1.3010299956639813 22.291356872514033
139 1.0 17.437449700363672
140 1.3010299956639813 21.068838098294076
191 1.7781512503836436 30.983771998615772
21 1.0 18.049400889846094
24 1.3010299956639813 22.714650363605696
285 1.0 27.333530767834674
397 1.0 34.76173337398946
412 1.0 21.758302257583633
751 1.0 24.759982935078224
823 1.7781512503836436 30.983771998615772
92 1.0 21.402892320890444
930 1.0 22.37231226242215
