0.6840296545430823
105 1.0 21.33892101876266
117 1.0 21.166129822732998
120 1.4771212547196624 22.67074148141845
121 1.0 16.452082774442715
122 1.6020599913279625 25.99704858881334
123 1.3010299956639813 21.94118068747015
126 1.0 19.10717613125738
127 1.0 17.367910512582892
128 1.0 18.640638875516817
146 1.0 38.443348131520054
147 1.0 38.27432982034523
148 1.0 39.73153365749456
149 1.0 36.714155384577936
150 1.0 30.64451579794581
151 1.0 28.69713041845068
152 1.0 26.43569384136088
153 1.0 27.124579821694358
156 1.0 32.80078913912944
174 1.0 25.443847031718235
175 1.0 18.88811507135678
176 1.3010299956639813 22.379256958057034
185 1.0 24.640160608655044
187 1.3010299956639813 25.365184410989947
188 1.0 18.394820991631416
189 1.0 22.794574400913437
190 1.0 20.72132492096882
191 1.3010299956639813 30.983771998615772
193 1.0 19.923584188401467
195 1.0 16.82457919792204
196 1.0 16.82457919792204
200 1.3010299956639813 22.625506653399253
201 1.0 16.675223517292782
203 1.3010299956639813 18.47845587465186
217 1.0 16.75160018454076
219 1.0 20.060459993820544
224 1.3010299956639813 18.47845587465186
230 1.3010299956639813 22.625506653399253
243 1.3010299956639813 17.509187404878464
245 1.3010299956639813 16.518884647461846
246 1.0 15.611383332448497
247 1.0 17.92587263398071
250 1.0 21.593723016307443
258 1.6989700043360187 32.05900432440354
259 1.6989700043360187 34.168322910342354
260 1.6989700043360187 27.085761995614487
263 1.0 21.157562303591927
264 1.0 18.98771976077981
265 1.0 16.744108528521995
266 1.4771212547196624 24.006561347142163
267 1.0 20.272569941821523
268 1.3010299956639813 24.276039699169623
271 1.0 27.296216475399984
273 1.0 15.490090513554941
279 1.0 17.734346218217127
281 1.0 20.385373369801357
284 1.0 16.021430614511992
285 1.6020599913279625 27.333530767834674
286 1.4771212547196624 30.579284727285547
288 1.3010299956639813 16.518884647461846
290 1.0 19.344122607461724
292 1.0 16.614286248179223
29 1.6020599913279625 14.025015129906466
2 1.0 25.673207973589584
31 1.0 15.977249114874716
323 1.0 19.99450022605915
326 1.0 26.265110333168654
328 1.3010299956639813 32.88047364596294
329 1.0 24.220820861806594
330 1.0 25.015154858124397
333 1.0 24.251638512278973
337 1.3010299956639813 17.509187404878464
339 1.0 21.777753188456284
341 1.0 20.951702374187988
344 1.3010299956639813 20.86119657744264
375 1.0 18.075636329874662
397 1.3010299956639813 34.76173337398946
399 1.4771212547196624 31.06364857854412
3 1.0 25.673207973589584
40 1.0 13.974390039448755
41 1.0 20.898009485572526
420 1.0 16.4406842597468
421 1.0 22.714705200606023
422 1.0 19.196609027115258
432 1.0 20.140245569349506
434 1.0 26.054272842923844
448 1.0 18.647997157938995
453 1.0 19.168795308535405
454 1.3010299956639813 16.518884647461846
457 1.0 18.43689483349195
458 1.0 17.695365074715316
459 1.0 24.541701226408268
471 1.0 24.01537280312254
472 1.0 26.198430887398857
494 1.0 22.47464478924292
496 1.0 17.074026788002808
497 1.4771212547196624 21.557388215952543
498 1.0 22.596184090364247
500 1.3010299956639813 27.79974623106974
501 1.0 24.640160608655044
502 1.0 18.60296721930803
503 1.0 24.96783731854743
504 1.0 18.391649858504977
505 1.0 17.827254209129045
506 1.0 20.117459620901656
510 1.0 21.594628676437562
512 1.0 21.108817330045582
514 1.0 19.011194543423425
515 1.4771212547196624 23.20380250236597
516 1.0 20.36682894213624
517 1.0 16.626536411088022
51 1.0 16.49843751688567
520 1.3010299956639813 25.214633181541256
527 1.0 20.61363026869414
528 1.0 21.12339116570097
54 1.0 16.35174061696333
550 1.0 22.418090015600434
552 1.0 21.18617303846442
553 1.3010299956639813 20.46546645488232
557 1.0 32.03860327247943
558 1.3010299956639813 29.49056558466878
560 1.845098040014257 32.40746376373745
562 1.0 20.63816033660684
563 1.0 23.476641362660768
565 1.0 25.067378635529828
566 1.0 24.435514902659826
567 1.0 23.07027838400899
568 1.0 16.29063286533528
569 1.0 21.220451953962858
570 2.146128035678238 35.00523577088447
571 1.0 19.508904785615407
572 1.3010299956639813 29.842988809469816
579 1.0 17.22512975082521
580 1.0 16.49843751688567
581 1.4771212547196624 25.541293855592556
582 1.0 26.849702075967517
584 1.0 23.292766275876946
585 1.3010299956639813 30.96669564390913
589 1.0 16.35174061696333
600 1.0 18.60056357999351
605 1.3010299956639813 16.87814769144019
60 1.0 20.310156825129837
61 1.3010299956639813 18.47845587465186
639 1.0 18.00030745664779
646 1.3010299956639813 21.019109611528222
648 1.0 22.794574400913437
649 1.0 19.923584188401467
654 1.3010299956639813 22.625506653399253
655 1.0 22.47464478924292
684 1.0 16.936770172063596
732 1.0 28.96885361670166
733 1.0 24.09659662047416
740 1.0 14.870504244951293
745 1.0 15.833985711967152
746 1.0 19.14200258825803
747 1.0 22.34898733858306
751 1.0 24.759982935078224
771 1.0 19.405549325281637
772 1.4771212547196624 31.06364857854412
775 1.3010299956639813 23.494249679152507
778 1.0 25.828938051552868
801 1.0 21.773953133516383
802 1.0 21.49817099427365
807 1.0 24.483238969908477
808 2.079181246047625 27.292695599132404
814 1.0 21.49817099427365
818 1.0 15.490090513554941
820 1.0 18.394820991631416
821 1.0 19.344122607461724
822 1.0 20.72132492096882
823 1.3010299956639813 30.983771998615772
825 1.0 16.614286248179223
826 1.0 16.82457919792204
828 1.0 17.074026788002808
829 1.4771212547196624 21.557388215952543
830 1.0 22.596184090364247
831 1.3010299956639813 27.79974623106974
833 1.0 15.885438230900338
84 1.3010299956639813 25.365184410989947
854 1.0 20.336569559735775
85 1.0 20.97110134921298
864 1.3010299956639813 22.523102482333243
867 1.6989700043360187 36.43404557128479
869 1.0 20.353723559156737
877 1.0 22.452284526648562
878 1.0 27.134111744574057
879 1.0 22.452284526648562
880 1.0 33.12096543823041
90 1.0 17.747677710827986
911 1.0 21.53343177229172
913 1.0 18.473312192215285
916 1.0 20.322029692038072
917 1.3010299956639813 21.083151146519995
918 1.3010299956639813 24.222096258795588
922 1.0 21.35873785771627
926 1.0 15.604094532541186
927 1.0 18.7642269613462
92 1.0 21.402892320890444
930 1.0 22.37231226242215
932 1.0 22.35128407421646
936 1.0 20.64389709578883
939 1.0 19.57746517154891
942 1.4771212547196624 19.45006435459591
944 1.3010299956639813 19.917140587765708
951 1.0 25.40756427571084
952 1.3010299956639813 19.20083241364576
973 1.0 18.869638675773842
976 1.9030899869919435 19.12532909112134
