1.721246399047171
185 1.0 24.640160608655044
258 1.0 32.05900432440354
259 1.0 34.168322910342354
261 1.0 40.472400145134394
265 1.0 16.744108528521995
268 1.0 24.276039699169623
285 1.0 27.333530767834674
326 1.6020599913279625 26.265110333168654
328 1.0 32.88047364596294
331 1.0 26.442768047844584
332 1.0 26.156648054217282
438 1.0 16.53113721916283
501 1.0 24.640160608655044
520 1.0 25.214633181541256
563 1.0 23.476641362660768
566 1.0 24.435514902659826
569 1.0 21.220451953962858
584 1.0 23.292766275876946
808 1.0 27.292695599132404
