1.8239087409443189
188 1.0 22.772628792451215
205 1.0 18.02662549969417
318 1.3010299956639813 15.762695037388225
526 1.0 20.589360185649852
541 1.3010299956639813 19.703508556272116
545 1.3010299956639813 23.297633308982533
631 1.4771212547196624 19.950177336902193
633 1.4771212547196624 20.514540434900287
647 1.0 22.772628792451215
657 1.0 18.02662549969417
666 1.0 20.41689440117043
937 1.0 20.6196626379172
940 1.0 19.551908923253773
942 1.3010299956639813 17.99083394469146
958 1.0 18.125192411844907
