1.2596373105057561
188 1.0 22.772628792451215
189 1.3010299956639813 20.697181124016947
192 1.0 19.898472476859148
199 1.0 22.603396897878287
208 1.0 19.715082278253885
211 1.0 22.03031942410671
212 1.0 19.272892292014472
214 1.0 18.685531899177228
229 1.0 22.603396897878287
230 1.4771212547196624 19.818484653329044
235 1.0 23.489746840008912
248 1.0 22.73469994483774
249 1.3010299956639813 21.570555711548227
260 1.845098040014257 40.46004416097286
268 1.3010299956639813 28.048590371713367
279 1.0 19.349744435445626
285 1.0 30.562929415100232
288 1.0 19.392382017280667
321 1.0 19.38943069849081
327 1.0 32.86526353435894
341 1.0 19.392382017280667
342 1.0 22.806563635018236
343 1.3010299956639813 20.837214848503734
420 1.3010299956639813 22.69268235247738
47 1.3010299956639813 19.524027135780376
498 1.4771212547196624 19.818484653329044
509 1.3010299956639813 21.57146234433863
510 1.0 18.532720542245944
516 1.0 16.59643675700407
531 1.0 19.203803572139346
533 1.0 19.696864101303447
534 1.0 18.11192779687125
545 1.3010299956639813 23.297633308982533
555 1.3010299956639813 21.325804237253536
558 1.0 21.15084713075001
572 1.0 34.607198595571596
584 1.6020599913279625 30.950545053399313
632 1.0 22.247424428787344
647 1.0 22.772628792451215
648 1.0 19.898472476859148
653 1.0 22.603396897878287
655 1.4771212547196624 19.818484653329044
665 1.0 21.956288146883587
819 1.3010299956639813 20.697181124016947
912 1.0 21.510199531662707
917 1.0 20.297410938444266
93 1.3010299956639813 40.4099170367325
940 1.0 19.551908923253773
942 1.0 17.99083394469146
957 1.3010299956639813 20.46054266240951
958 1.3010299956639813 18.125192411844907
973 1.0 19.582782794447926
977 1.0 19.099167857362065
979 1.0 19.907440181516993
987 1.0 21.088601776656837
