1.5686362358410126
113 1.7781512503836436 16.83451201033724
184 2.113943352306837 24.619860170608522
1 1.0 24.469666509833758
200 1.0 16.645211904679204
255 1.0 16.767843670427574
284 1.0 27.31523209193297
310 1.4771212547196624 18.574581934797493
44 1.3010299956639813 15.69981269395225
494 1.7781512503836436 16.83451201033724
500 2.113943352306837 24.619860170608522
520 1.0 15.091216218944323
563 1.3010299956639813 15.69981269395225
573 1.0 16.9403306571999
612 1.4771212547196624 22.300659992929845
615 1.3010299956639813 23.88195453063762
628 1.4771212547196624 17.4321572644572
631 1.4771212547196624 19.950177336902193
633 1.0 20.514540434900287
634 1.3010299956639813 21.49965573905078
829 2.113943352306837 24.619860170608522
883 1.4771212547196624 18.574581934797493
891 1.4771212547196624 20.556957071190386
893 1.0 19.650125642603225
894 1.0 16.508326051842978
927 1.0 15.57201869317147
959 1.0 20.989047238821517
99 1.0 16.508326051842978
