1.537602002101044
176 1.0 22.379256958057034
190 1.0 20.72132492096882
193 1.0 19.923584188401467
195 1.0 16.82457919792204
196 1.0 16.82457919792204
209 1.0 19.7404272810474
274 1.0 16.400153272087692
276 1.0 20.303531424387252
283 1.0 19.116081351354293
335 1.0 26.592389103304416
380 1.0 15.615254870204684
412 1.0 21.758302257583633
491 1.0 18.157117953750248
517 1.0 16.626536411088022
530 1.0 17.01946628290197
539 1.0 20.581818087864594
543 1.0 18.30187230227827
544 1.0 21.7329857487666
649 1.0 19.923584188401467
680 1.0 15.775358504069235
681 1.0 17.041421373778608
682 1.0 18.092716090093774
685 1.0 17.991995194459328
692 1.0 17.94337135852708
695 1.0 13.748192686610185
747 1.3010299956639813 22.34898733858306
822 1.0 20.72132492096882
826 1.0 16.82457919792204
968 1.0 20.745195199857015
