1.3872161432802645
102 1.0 13.08594994448978
132 1.0 31.9240224086541
133 1.0 31.18619433249154
134 1.4771212547196624 27.567002922119546
135 1.4771212547196624 29.53008637972915
176 1.0 22.379256958057034
1 1.0 24.099314783282633
400 1.0 19.159509087472838
403 1.0 16.399120626275778
407 1.0 16.206807375934993
416 1.3010299956639813 19.445006257673224
417 1.3010299956639813 18.642503692692046
472 1.845098040014257 26.198430887398857
476 1.0 15.745555167328087
503 1.4771212547196624 24.96783731854743
666 1.0 21.979048869070308
746 1.0 19.14200258825803
781 1.3010299956639813 26.78123592188267
782 1.4771212547196624 28.670617617530514
792 1.0 16.385978603831017
793 1.0 15.060853163657614
795 1.0 15.316040163704834
796 1.3010299956639813 15.424216864581213
798 1.4771212547196624 16.44666201427546
800 1.3010299956639813 19.870179928383198
801 1.9030899869919435 21.773953133516383
802 1.9030899869919435 21.49817099427365
809 1.4771212547196624 23.93775068948324
812 1.4771212547196624 18.445184780380607
814 1.9030899869919435 21.49817099427365
816 1.3010299956639813 26.40168560543113
859 1.0 17.03148242460064
867 1.4771212547196624 36.43404557128479
868 1.0 13.112389751655092
869 1.4771212547196624 20.353723559156737
874 1.3010299956639813 15.628378267266886
875 1.3010299956639813 15.780042124305094
881 1.3010299956639813 15.999505166650179
953 1.0 19.129941566095997
992 1.0 33.556122085405605
99 1.3010299956639813 15.628378267266886
