1.7695510786217261
324 1.3010299956639813 15.723543941848508
325 2.1760912590556813 26.246066768442137
326 1.3010299956639813 21.385169256471997
327 2.5440680443502757 32.86526353435894
328 1.7781512503836436 24.20016866097684
329 1.7781512503836436 24.995158982809944
330 1.845098040014257 26.423852520632007
331 2.113943352306837 26.137525464974466
332 1.9030899869919435 24.231012577485338
333 1.0 14.33117686870987
501 1.0 18.576070342315386
57 1.9542425094393248 16.138865172414302
640 1.0 14.135814942016715
644 1.9542425094393248 16.138865172414302
672 1.0 17.43535257958473
676 1.0 20.23539889371069
852 1.0 20.31196842893302
