1.7695510786217261
12 1.0 13.118879320868288
2 1.0 25.673207973589584
387 3.0293837776852097 21.87923801272718
3 1.0 25.673207973589584
406 2.079181246047625 17.13803809591465
421 2.342422680822206 22.714705200606023
433 1.0 24.68064648083747
435 1.0 24.468548355039516
557 1.0 32.03860327247943
733 1.0 24.09659662047416
735 1.0 14.99808583605626
736 3.0827853703164503 26.48297924216182
738 3.12057393120585 23.256531591422583
749 1.3010299956639813 22.58723493033533
751 1.0 24.759982935078224
77 1.0 16.90578733542276
817 1.0 16.90578733542276
