0.5361070110140926
1000 1.0 16.329300295473313
104 1.3010299956639813 21.315476777332258
106 1.3010299956639813 21.237877873941795
111 1.3010299956639813 18.8928542926875
112 1.0 16.952806137528757
114 1.3010299956639813 16.58655052158543
115 1.3010299956639813 17.956167137974
121 1.0 25.97780851667672
141 1.0 19.014107610916184
157 1.0 40.355627938282694
171 1.0 13.78444399364049
173 2.113943352306837 25.424188320838816
175 1.3010299956639813 22.356903676375765
185 1.3010299956639813 17.044758885154558
187 1.845098040014257 18.36761931536485
188 1.3010299956639813 22.772628792451215
190 1.3010299956639813 30.967630313961816
191 1.0 16.952806137528757
193 1.0 17.74702978158316
197 1.3010299956639813 17.97236948828946
198 1.0 19.930084158480717
199 1.0 22.603396897878287
19 1.3010299956639813 22.88505492845388
1 1.4771212547196624 24.469666509833758
200 1.0 16.645211904679204
201 1.4771212547196624 16.17188991882234
203 1.0 17.809686811690188
212 1.0 19.272892292014472
213 1.0 18.016798133940682
215 1.0 16.390784482423456
226 1.0 16.894525174208198
228 1.0 19.894315832793946
229 1.0 22.603396897878287
236 1.0 18.969094117495082
241 1.3010299956639813 20.323087997959746
243 1.3010299956639813 25.8105965022697
249 1.0 21.570555711548227
250 1.0 16.070194442289612
251 1.0 15.91714951082178
252 1.3010299956639813 16.401453406092962
253 1.0 16.396443136520976
254 1.0 16.329300295473313
255 1.0 16.767843670427574
257 1.0 32.04340428656301
258 1.3010299956639813 34.15368633845293
25 1.0 18.14737887225271
260 1.0 40.46004416097286
265 1.6020599913279625 23.98572466518575
266 1.0 20.247891051811926
26 1.0 18.618919907073398
273 1.0 16.369637361529076
277 1.6020599913279625 24.417648522770687
280 1.0 20.36083120666262
284 1.0 27.31523209193297
295 1.3010299956639813 21.53759215073197
2 2.146128035678238 25.653725024939046
303 1.3010299956639813 16.58655052158543
304 1.3010299956639813 17.956167137974
305 1.3010299956639813 18.712967679843132
306 1.3010299956639813 16.600338456632596
307 1.6020599913279625 18.45025554098666
308 1.3010299956639813 17.69895328701503
309 1.0 16.353960229243555
310 1.6020599913279625 18.574581934797493
311 1.0 16.33409561676385
312 1.3010299956639813 16.2406870095727
313 1.3010299956639813 16.688807985466465
314 1.0 16.038281372083322
315 1.0 16.836578834986856
316 1.0 16.400885878921038
321 1.6020599913279625 19.38943069849081
325 1.0 26.246066768442137
328 1.0 24.20016866097684
329 1.0 24.995158982809944
335 1.0 27.194637545841633
337 1.3010299956639813 25.8105965022697
339 1.0 17.809686811690188
340 1.3010299956639813 20.927824358412284
348 1.3010299956639813 16.926861864319864
356 1.3010299956639813 16.341214190652384
357 1.0 14.997192520377267
35 1.9030899869919435 14.016574317555309
36 1.9030899869919435 14.016574317555309
378 1.3010299956639813 24.653480438007165
380 1.3010299956639813 17.099229420425257
386 1.3010299956639813 21.856373350068075
388 1.3010299956639813 17.383230863411256
390 1.0 15.448143324179663
391 1.0 14.93400553732674
392 1.3010299956639813 14.283168530322774
395 1.4771212547196624 14.758399668360488
396 1.3010299956639813 34.747346764383785
397 1.3010299956639813 15.59311007460044
398 2.0413926851582254 31.04754842191709
3 2.146128035678238 25.653725024939046
402 1.7781512503836436 16.368602790560463
406 1.4771212547196624 16.1759267221591
40 1.0 13.93856437997273
410 1.0 18.329720020247976
411 1.0 21.73531037580023
412 1.0 19.41595254379453
413 1.0 19.214693399908615
414 1.0 16.825205266315407
41 1.3010299956639813 20.87407005016222
420 1.3010299956639813 22.69268235247738
430 2.0 21.053048712370824
431 1.6020599913279625 20.115404335824383
432 2.230448921378274 24.66037937080602
433 1.845098040014257 26.035075059878718
434 2.230448921378274 24.448105419498397
438 1.6020599913279625 16.11979502108222
439 1.6020599913279625 16.057639662220197
440 2.113943352306837 31.719953794102054
443 1.9542425094393248 29.509952060039822
448 1.0 16.101960150219295
455 1.4771212547196624 18.409755324317654
470 1.6989700043360187 23.994543772969674
471 1.0 26.179338818270686
472 1.4771212547196624 20.431753744712537
477 1.3010299956639813 18.712967679843132
478 1.3010299956639813 16.600338456632596
479 1.3010299956639813 17.044758885154558
480 1.6020599913279625 18.45025554098666
481 1.3010299956639813 17.69895328701503
482 1.0 16.353960229243555
4 1.0 14.37807423684427
505 1.7781512503836436 20.09259021626153
509 2.278753600952829 21.57146234433863
512 1.9542425094393248 17.487616504038936
513 1.0 18.984876032460487
514 1.9542425094393248 23.1822442953396
519 2.113943352306837 25.19479562289961
524 1.4771212547196624 20.518967135692183
526 1.0 20.589360185649852
527 1.0 21.0997074467684
533 1.3010299956639813 19.696864101303447
541 1.3010299956639813 19.703508556272116
552 1.3010299956639813 20.441020454368555
554 1.4771212547196624 22.40007556792627
555 1.0 21.325804237253536
556 1.0 32.02299329624464
557 1.3010299956639813 29.473606133346674
558 1.0 21.15084713075001
559 1.3010299956639813 32.39203154477896
562 1.4771212547196624 23.455333927936188
564 1.6989700043360187 25.047424451568215
565 1.4771212547196624 24.415044307928472
566 1.3010299956639813 23.04859528725498
571 1.6020599913279625 29.826229749704215
572 2.4313637641589874 34.607198595571596
573 1.0 16.9403306571999
574 1.0 16.601117775791995
575 1.0 16.359093907045278
577 1.0 16.12113380419118
581 1.3010299956639813 26.831073433021917
583 1.3010299956639813 23.271290483826427
5 1.0 18.45678502981382
607 1.0 15.451856847580665
611 1.0 16.37139499661555
612 1.845098040014257 22.300659992929845
613 1.0 16.24635806045507
614 1.3010299956639813 17.258283162732244
615 1.9542425094393248 23.88195453063762
616 1.0 16.2837123301042
617 1.0 16.258590605316485
618 1.0 15.979851330655551
619 1.0 16.002509983007247
620 1.0 15.900698718230329
621 1.0 16.187886783484302
622 1.0 16.29894691934756
623 1.3010299956639813 16.469393434006214
624 1.0 16.24926695969382
628 1.0 17.4321572644572
62 1.3010299956639813 20.323087997959746
630 1.0 16.96541394633868
631 1.4771212547196624 19.950177336902193
632 1.6989700043360187 22.247424428787344
633 1.4771212547196624 20.514540434900287
635 1.0 18.02903493564441
636 1.0 15.995025442232151
637 1.0 15.345166756496607
638 1.0 17.972508687822355
642 1.0 19.614776409036214
643 1.0 19.629733620293802
647 1.3010299956639813 22.772628792451215
649 1.0 17.74702978158316
651 1.3010299956639813 17.97236948828946
652 1.0 19.930084158480717
653 1.0 22.603396897878287
666 1.6989700043360187 20.41689440117043
671 1.3010299956639813 19.58191513861614
679 1.3010299956639813 15.743631599218444
680 1.7781512503836436 17.012055796954062
681 1.0 18.065059521538757
684 1.0 17.964183562785355
685 1.0 17.175414668708417
686 1.3010299956639813 17.162340194417848
689 1.0 16.928793195831474
690 1.0 20.22818021406503
691 1.3010299956639813 17.91548424436275
692 1.3010299956639813 16.40475707549024
693 1.0 18.104685257403954
726 1.0 15.448143324179663
727 1.0 14.93400553732674
731 1.845098040014257 28.951588555136127
732 1.9542425094393248 24.075837860598885
733 1.0 16.680401854673583
734 1.3010299956639813 14.964711114676133
735 1.3010299956639813 26.464092456397857
736 1.7781512503836436 14.864916275301095
737 1.3010299956639813 23.235022308206137
742 1.0 13.483669057421706
744 1.0 15.802376515156825
746 1.0 22.32660375113389
747 1.3010299956639813 14.008045184741977
748 1.4771212547196624 22.56508767539272
750 2.113943352306837 24.739780818458456
753 1.0 21.70542592404138
755 1.0 12.958964657691968
758 1.0 12.822791160696514
759 1.0 12.776622634706408
760 1.0 12.764590279335623
768 1.3010299956639813 15.59311007460044
769 1.7781512503836436 19.37976637155202
770 2.0413926851582254 31.04754842191709
771 1.7781512503836436 25.078312841330952
772 1.4771212547196624 23.117420198200822
773 1.6989700043360187 23.472958228275314
774 1.0 20.078881121899666
777 1.9030899869919435 28.5636709471766
77 1.0 16.876185748875265
783 2.0413926851582254 15.065543358973835
784 2.0413926851582254 16.427467569369398
785 2.0413926851582254 16.33924581085099
786 2.079181246047625 16.674504799836235
787 2.146128035678238 16.853403753588953
788 2.146128035678238 16.44195035074378
789 1.7781512503836436 16.247732650957825
78 1.3010299956639813 15.30986183139676
790 1.7781512503836436 16.35543624625182
797 1.845098040014257 17.68690492205947
798 1.845098040014257 19.84500063961507
7 1.6020599913279625 20.637992374919182
805 1.3010299956639813 24.462808310936932
807 1.3010299956639813 23.916854058840084
809 1.0 19.258313969819948
810 1.0 18.41805748667281
815 1.0 16.876185748875265
817 1.845098040014257 18.36761931536485
81 1.3010299956639813 15.73170187126443
820 1.3010299956639813 30.967630313961816
821 1.0 16.952806137528757
830 1.3010299956639813 15.73170187126443
844 1.0 15.562398568103088
85 1.0 12.958964657691968
862 1.0 22.500892102974184
865 2.204119982655925 36.420319557775116
867 1.0 20.329143187123556
871 1.845098040014257 25.16854217073077
875 1.7781512503836436 22.430004022861485
876 1.6989700043360187 27.115678493576954
877 1.7781512503836436 22.430004022861485
878 1.3010299956639813 33.105865818015594
881 1.3010299956639813 16.868603706098174
883 1.6020599913279625 18.574581934797493
884 1.0 16.33409561676385
885 1.3010299956639813 16.2406870095727
886 1.3010299956639813 16.688807985466465
887 1.0 16.038281372083322
888 1.0 16.836578834986856
891 1.7781512503836436 20.556957071190386
892 1.6020599913279625 19.44244897613975
893 1.6020599913279625 19.650125642603225
894 1.3010299956639813 16.508326051842978
918 1.3010299956639813 21.05942217315108
932 1.0 19.543680316998906
935 1.0 16.449077097941938
952 1.0 25.38787746985513
961 1.0 20.820071638418433
967 1.3010299956639813 20.350189453749287
973 1.3010299956639813 19.582782794447926
977 1.0 19.099167857362065
982 1.0 19.01404692868626
993 1.0 33.541218365030296
994 1.0 16.070194442289612
995 1.3010299956639813 16.341134900020474
996 1.0 16.28971068168109
997 1.0 15.91714951082178
998 1.3010299956639813 16.401453406092962
999 1.0 16.396443136520976
99 1.3010299956639813 16.508326051842978
