1.6020599913279623
172 1.0 18.832857933573873
215 1.0 16.390784482423456
265 1.0 23.98572466518575
2 1.0 25.653725024939046
321 1.0 19.38943069849081
326 1.0 21.385169256471997
398 1.3010299956639813 31.04754842191709
3 1.0 25.653725024939046
432 1.0 24.66037937080602
434 1.0 24.448105419498397
443 1.0 29.509952060039822
470 1.0 23.994543772969674
524 1.0 20.518967135692183
526 1.0 20.589360185649852
535 1.0 17.779601462975204
552 1.0 20.441020454368555
638 1.0 17.972508687822355
662 1.0 19.41917384237332
732 1.0 24.075837860598885
746 1.0 22.32660375113389
750 1.0 24.739780818458456
770 1.3010299956639813 31.04754842191709
878 1.0 33.105865818015594
918 1.0 21.05942217315108
976 1.3010299956639813 19.01089422974206
