1.744727494896694
132 1.7781512503836436 31.9240224086541
133 1.6989700043360187 31.18619433249154
141 1.0 22.083311659467373
160 1.3010299956639813 33.51414632402991
161 1.845098040014257 40.68786868352573
162 1.9030899869919435 29.200185832126223
163 2.113943352306837 27.444701699266258
164 2.278753600952829 29.060873897358988
22 1.0 20.042266187907835
239 1.0 16.864483145006986
397 1.3010299956639813 34.76173337398946
472 1.0 26.198430887398857
670 1.0 16.652523466110832
678 1.0 19.909993307821388
67 1.0 17.777478226009574
747 1.0 22.34898733858306
774 1.0 23.139038800697477
92 1.0 21.402892320890444
