1.1426675035687315
122 1.0 25.99704858881334
14 1.0 14.523826702761134
158 1.0 40.36801588254125
15 1.0 14.523826702761134
160 1.3010299956639813 33.51414632402991
161 1.3010299956639813 40.68786868352573
174 1.0 25.443847031718235
176 1.3010299956639813 22.379256958057034
190 1.6020599913279625 20.72132492096882
191 1.4771212547196624 30.983771998615772
192 1.0 16.982274168574502
209 1.3010299956639813 19.7404272810474
235 1.0 18.131311524289607
243 1.0 17.509187404878464
259 1.3010299956639813 34.168322910342354
285 1.0 27.333530767834674
2 1.3010299956639813 25.673207973589584
326 1.0 26.265110333168654
332 1.3010299956639813 26.156648054217282
335 1.845098040014257 26.592389103304416
337 1.0 17.509187404878464
352 1.3010299956639813 22.315951883102834
397 1.0 34.76173337398946
399 1.0 31.06364857854412
3 1.3010299956639813 25.673207973589584
412 2.0 21.758302257583633
413 1.0 19.441687508621293
421 1.6020599913279625 22.714705200606023
433 1.4771212547196624 24.68064648083747
435 1.4771212547196624 24.468548355039516
444 1.3010299956639813 29.526890635247195
459 1.3010299956639813 24.541701226408268
491 1.6989700043360187 18.157117953750248
500 1.4771212547196624 27.79974623106974
512 1.9542425094393248 21.108817330045582
520 1.3010299956639813 25.214633181541256
528 1.0 21.12339116570097
534 1.0 19.72223251625476
542 1.3010299956639813 19.728868427436186
544 1.3010299956639813 21.7329857487666
545 1.0 16.369127366332837
550 1.0 22.418090015600434
563 1.0 23.476641362660768
566 1.0 24.435514902659826
65 1.0 18.842982330593173
66 1.7781512503836436 17.304976281070527
671 1.7781512503836436 20.661290750656658
674 1.3010299956639813 19.06561234581387
67 1.0 17.777478226009574
681 1.0 17.041421373778608
682 1.0 18.092716090093774
687 1.3010299956639813 17.191449064838324
691 1.0 20.252883122476465
747 1.0 22.34898733858306
772 1.0 31.06364857854412
807 1.0 24.483238969908477
809 1.3010299956639813 23.93775068948324
811 1.3010299956639813 19.284259305458484
812 1.0 18.445184780380607
822 1.6020599913279625 20.72132492096882
823 1.4771212547196624 30.983771998615772
824 1.0 16.982274168574502
831 1.4771212547196624 27.79974623106974
854 1.0 20.336569559735775
867 1.845098040014257 36.43404557128479
878 1.0 27.134111744574057
87 1.3010299956639813 24.835731385689954
883 1.0 16.982274168574502
92 1.3010299956639813 21.402892320890444
960 1.0 20.844073091142132
982 1.0 19.85729433713603
992 1.3010299956639813 33.556122085405605
