1.6989700043360187
123 1.3010299956639813 21.94118068747015
212 1.0 22.053003739358804
22 1.0 20.042266187907835
243 1.0 17.509187404878464
247 1.0 17.92587263398071
24 1.0 22.714650363605696
291 1.0 17.88610079038451
292 1.0 16.614286248179223
326 1.0 26.265110333168654
331 1.0 26.442768047844584
336 1.0 27.213017312486674
337 1.0 17.509187404878464
446 1.0 21.762871720842014
533 1.0 15.866054590928105
567 1.3010299956639813 23.07027838400899
579 1.3010299956639813 17.22512975082521
582 1.0 26.849702075967517
60 1.0 20.310156825129837
825 1.0 16.614286248179223
85 1.0 20.97110134921298
