1.7695510786217261
1 1.0 24.469666509833758
202 1.3010299956639813 18.45137749631327
223 1.3010299956639813 18.45137749631327
43 1.0 17.11189632348561
448 1.0 16.101960150219295
449 1.0 15.973339287977442
48 1.0 14.687762810193856
518 1.7781512503836436 20.682013519960595
519 1.0 25.19479562289961
536 1.0 17.11189632348561
59 1.0 17.024968450726956
604 1.0 16.848497544115553
61 1.3010299956639813 18.45137749631327
659 1.0 17.024968450726956
923 1.0 21.33531539196555
933 1.0 22.32890278912787
972 1.6020599913279625 19.669462220826514
