1.6020599913279623
1000 1.0 16.797636183579463
120 1.3010299956639813 22.67074148141845
125 1.6989700043360187 17.797417400691103
136 1.0 23.748484428238577
140 1.0 21.068838098294076
219 1.0 20.060459993820544
256 1.0 16.797636183579463
258 1.4771212547196624 32.05900432440354
336 1.0 27.213017312486674
352 1.0 22.315951883102834
397 1.0 34.76173337398946
412 1.0 21.758302257583633
442 1.0 13.255394418793399
443 1.0 13.077186323829823
444 1.0 29.526890635247195
574 1.4771212547196624 16.969820351885488
613 1.4771212547196624 22.32306959448592
616 1.6020599913279625 23.902881671535816
634 1.0 20.53889892996114
674 1.0 19.06561234581387
691 1.0 20.252883122476465
781 1.0 26.78123592188267
79 1.0 14.2120124870126
807 1.0 24.483238969908477
926 1.0 15.604094532541186
