1.6575773191777938
200 1.0 22.625506653399253
230 1.0 22.625506653399253
339 1.0 21.777753188456284
397 1.3010299956639813 34.76173337398946
432 1.0 20.140245569349506
434 1.0 26.054272842923844
498 1.0 22.596184090364247
519 1.0 20.706175002637085
654 1.0 22.625506653399253
793 1.0 15.060853163657614
794 1.0 15.329372186555613
795 1.0 15.316040163704834
796 1.0 15.424216864581213
798 1.0 16.44666201427546
800 1.0 19.870179928383198
807 1.3010299956639813 24.483238969908477
816 1.0 26.40168560543113
830 1.0 22.596184090364247
878 1.0 27.134111744574057
880 1.0 33.12096543823041
958 1.0 21.012855683925522
991 1.0 20.996461847748183
