1.4436974992327127
140 1.0 21.068838098294076
148 1.0 39.73153365749456
155 1.0 39.65608647202028
161 1.4771212547196624 40.68786868352573
170 1.0 16.92269399053892
284 1.0 16.021430614511992
296 1.0 21.560794875219035
311 1.3010299956639813 18.601480963958362
356 1.0 19.686795467789832
379 1.0 24.673753214847594
389 1.0 17.411970458585486
436 1.0 18.15542263413017
444 1.0 29.526890635247195
453 1.3010299956639813 19.168795308535405
482 1.3010299956639813 19.755861749534457
511 1.6989700043360187 18.55968024231519
512 1.6020599913279625 21.108817330045582
536 1.4771212547196624 17.80770137278335
56 1.0 16.039861561383614
626 1.0 16.039861561383614
687 1.0 17.191449064838324
690 1.0 16.958302953633954
691 1.0 20.252883122476465
736 1.3010299956639813 26.48297924216182
738 1.0 23.256531591422583
754 1.0 21.72844942797455
773 1.0 25.098242467704086
783 1.0 24.23640676791617
87 1.3010299956639813 24.835731385689954
897 1.0 15.971940710676494
908 1.0 18.24824091238585
909 1.0 17.04982557935131
935 1.0 21.549494779071786
94 1.4771212547196624 40.42228834338309
976 1.0 19.12532909112134
980 1.0 18.174623439227215
