1.721246399047171
154 1.0 38.92312411360697
216 1.0 16.421261094972383
348 1.0 18.44095543145629
403 1.3010299956639813 16.399120626275778
547 1.0 20.421608203426736
686 1.0 17.204501418003492
692 1.0 17.94337135852708
779 1.3010299956639813 28.58117033955364
786 1.3010299956639813 16.457876252502427
789 1.0 16.883045284589098
790 1.6020599913279625 16.472332298017896
791 1.4771212547196624 16.278477087768408
792 1.3010299956639813 16.385978603831017
799 1.4771212547196624 17.71515186844221
800 1.3010299956639813 19.870179928383198
836 1.4771212547196624 19.384867469169826
854 1.0 20.336569559735775
877 1.0 22.452284526648562
879 1.0 22.452284526648562
