1.3565473235138126
192 1.0 19.898472476859148
211 1.3010299956639813 22.03031942410671
213 1.3010299956639813 18.016798133940682
260 1.3010299956639813 40.46004416097286
268 1.3010299956639813 28.048590371713367
273 1.0 16.369637361529076
278 1.0 17.70612989299446
284 1.3010299956639813 27.31523209193297
290 1.3010299956639813 17.858124243150325
340 1.0 20.927824358412284
342 1.0 22.806563635018236
352 1.0 25.386817845441577
384 1.0 18.637274062594784
413 1.0 19.214693399908615
431 1.0 20.115404335824383
440 1.0 31.719953794102054
496 1.0 21.534181820846815
505 1.0 20.09259021626153
509 1.0 21.57146234433863
534 1.0 18.11192779687125
547 1.0 19.03026025482742
549 1.3010299956639813 22.395775493328287
552 1.0 20.441020454368555
558 1.0 21.15084713075001
578 1.0 17.196077893890912
584 1.0 30.950545053399313
605 1.0 18.5040994848109
648 1.0 19.898472476859148
671 1.0 19.58191513861614
740 1.0 16.495381734999228
826 1.0 21.534181820846815
852 1.0 20.31196842893302
918 1.0 21.05942217315108
919 1.0 24.20144514632048
923 1.0 21.33531539196555
93 1.845098040014257 40.4099170367325
940 1.0 19.551908923253773
943 1.0 19.424340488107244
957 1.0 20.46054266240951
961 1.0 20.820071638418433
964 1.0 18.40060383547051
967 1.0 20.350189453749287
977 1.0 19.099167857362065
990 1.4771212547196624 17.043147830109415
