1.7695510786217261
196 1.0 21.713143045615993
273 1.3010299956639813 16.369637361529076
284 1.0 27.31523209193297
305 1.0 18.712967679843132
308 1.0 17.69895328701503
311 1.0 16.33409561676385
340 1.0 20.927824358412284
477 1.0 18.712967679843132
481 1.0 17.69895328701503
490 1.0 18.129559630239218
569 1.3010299956639813 34.990949277994865
650 1.0 21.713143045615993
884 1.0 16.33409561676385
889 1.0 15.099016185383055
90 1.0 21.713143045615993
945 1.0 19.892020741815653
993 1.3010299956639813 33.541218365030296
