0.4202164033831899
117 1.3010299956639813 21.166129822732998
119 1.0 14.585078329436863
122 1.4771212547196624 25.99704858881334
132 1.4771212547196624 31.9240224086541
133 1.4771212547196624 31.18619433249154
134 1.0 27.567002922119546
135 1.6989700043360187 29.53008637972915
136 1.3010299956639813 23.748484428238577
137 1.0 22.922196064917607
138 1.6989700043360187 22.291356872514033
139 1.0 17.437449700363672
141 1.9030899869919435 22.083311659467373
143 1.6020599913279625 21.629493927449314
144 1.0 19.628955678670632
146 1.9030899869919435 38.443348131520054
147 1.7781512503836436 38.27432982034523
148 1.845098040014257 39.73153365749456
149 1.6020599913279625 36.714155384577936
14 1.0 14.523826702761134
154 1.6020599913279625 38.92312411360697
155 2.0 39.65608647202028
156 1.3010299956639813 32.80078913912944
157 1.0 27.318575173705053
158 1.9030899869919435 40.36801588254125
159 1.4771212547196624 34.663276209978875
15 1.0 14.523826702761134
160 1.0 33.51414632402991
161 1.4771212547196624 40.68786868352573
162 1.3010299956639813 29.200185832126223
163 1.0 27.444701699266258
164 1.4771212547196624 29.060873897358988
174 1.3010299956639813 25.443847031718235
175 1.0 18.88811507135678
185 1.4771212547196624 24.640160608655044
187 1.3010299956639813 25.365184410989947
188 1.4771212547196624 18.394820991631416
189 1.3010299956639813 22.794574400913437
18 1.0 14.30779009010065
190 1.0 20.72132492096882
191 1.7781512503836436 30.983771998615772
192 1.0 16.982274168574502
193 1.0 19.923584188401467
194 1.3010299956639813 17.77518118243523
197 1.0 21.73615837537494
199 1.4771212547196624 19.95515608969582
19 1.4771212547196624 22.906892828979473
1 1.0 24.099314783282633
200 1.9030899869919435 22.625506653399253
201 1.0 16.675223517292782
203 1.6989700043360187 18.47845587465186
205 1.0 18.460464588544884
207 1.0 18.798742484766407
208 1.3010299956639813 18.083445948480012
209 1.3010299956639813 19.7404272810474
210 1.3010299956639813 20.74943729156614
211 1.3010299956639813 19.87652496554322
212 1.3010299956639813 22.053003739358804
213 1.4771212547196624 19.298818028563065
215 1.3010299956639813 18.71227143762001
219 1.3010299956639813 20.060459993820544
21 1.0 18.049400889846094
223 1.0 19.5018082949504
224 1.6989700043360187 18.47845587465186
225 1.3010299956639813 18.083445948480012
226 1.0 16.343763522087997
227 1.3010299956639813 16.92409468367376
228 1.0 19.271408794907185
229 1.4771212547196624 19.919432784468437
230 1.9030899869919435 22.625506653399253
231 1.3010299956639813 19.843697587754125
232 1.0 18.460464588544884
233 1.0 18.798742484766407
234 1.3010299956639813 20.74943729156614
236 1.6020599913279625 23.511023087218234
237 1.845098040014257 18.99543449459334
238 1.3010299956639813 17.79360469731602
242 1.3010299956639813 20.34767568477578
244 1.6989700043360187 25.829961126625353
247 1.4771212547196624 17.92587263398071
249 1.3010299956639813 22.75668213035031
24 1.0 22.714650363605696
250 1.6020599913279625 21.593723016307443
258 1.4771212547196624 32.05900432440354
259 1.6020599913279625 34.168322910342354
260 1.6989700043360187 27.085761995614487
261 1.845098040014257 40.472400145134394
263 1.6989700043360187 21.157562303591927
264 1.3010299956639813 18.98771976077981
265 1.3010299956639813 16.744108528521995
266 1.6020599913279625 24.006561347142163
267 1.4771212547196624 20.272569941821523
268 1.4771212547196624 24.276039699169623
269 1.3010299956639813 28.06641091839446
270 1.6020599913279625 26.10422328297102
271 1.845098040014257 27.296216475399984
274 1.0 16.400153272087692
278 1.6989700043360187 24.438116936080927
279 1.0 17.734346218217127
280 1.0 19.375567339230585
281 1.0 20.385373369801357
282 1.3010299956639813 18.824144686242487
283 1.4771212547196624 19.116081351354293
285 1.7781512503836436 27.333530767834674
286 1.6989700043360187 30.579284727285547
287 1.0 14.141077426099002
289 1.3010299956639813 19.41814822026422
290 1.4771212547196624 19.344122607461724
291 1.0 17.88610079038451
295 1.0 18.766205879960378
297 1.0 18.44466466993366
2 1.4771212547196624 25.673207973589584
323 1.6020599913279625 19.99450022605915
326 1.3010299956639813 26.265110333168654
327 1.3010299956639813 21.408537178610665
328 1.7781512503836436 32.88047364596294
329 1.6020599913279625 24.220820861806594
330 1.4771212547196624 25.015154858124397
331 1.6020599913279625 26.442768047844584
332 1.6020599913279625 26.156648054217282
333 1.3010299956639813 24.251638512278973
335 1.3010299956639813 26.592389103304416
336 1.7781512503836436 27.213017312486674
338 1.6989700043360187 25.829961126625353
339 1.6989700043360187 21.777753188456284
341 1.3010299956639813 20.951702374187988
342 1.3010299956639813 19.41814822026422
343 1.3010299956639813 22.828476621056783
344 1.0 20.86119657744264
345 1.0 19.45537620834872
346 1.0 17.379200642449316
348 1.0 18.44095543145629
350 1.6989700043360187 18.249780831901347
351 1.0 19.334505504177955
357 1.0 16.36239469864959
375 1.0 18.075636329874662
379 1.0 24.673753214847594
383 1.0 23.402720804995248
390 1.0 23.009670542854348
397 2.0 34.76173337398946
399 1.0 31.06364857854412
3 1.4771212547196624 25.673207973589584
400 1.0 19.159509087472838
405 1.0 14.765194378080146
407 1.0 16.206807375934993
409 1.0 18.798742484766407
40 1.0 13.974390039448755
410 1.3010299956639813 20.74943729156614
411 1.3010299956639813 18.356977856408704
412 1.4771212547196624 21.758302257583633
415 1.0 16.854896388101817
416 1.0 19.445006257673224
417 1.0 18.642503692692046
42 1.0 17.36771058332882
432 1.0 20.140245569349506
433 1.3010299956639813 24.68064648083747
435 1.3010299956639813 24.468548355039516
441 1.4771212547196624 31.735712827979288
444 1.6989700043360187 29.526890635247195
446 1.4771212547196624 21.762871720842014
447 1.0 17.43776619662874
448 1.3010299956639813 18.647997157938995
457 1.3010299956639813 18.43689483349195
459 1.7781512503836436 24.541701226408268
472 1.0 26.198430887398857
473 1.3010299956639813 20.456210819322695
47 1.6020599913279625 19.549619832587243
484 1.0 16.33121855046969
485 1.0 14.548650732915977
486 1.0 18.698257556219072
487 1.0 19.112909051912595
488 1.6020599913279625 18.91692636651541
494 1.0 22.47464478924292
495 1.3010299956639813 16.86418674665899
497 1.6989700043360187 21.557388215952543
498 1.0 22.596184090364247
499 1.3010299956639813 19.843697587754125
4 1.0 14.41280745587774
500 1.4771212547196624 27.79974623106974
501 1.4771212547196624 24.640160608655044
503 1.0 24.96783731854743
506 1.3010299956639813 20.117459620901656
508 1.0 17.36771058332882
510 1.0 21.594628676437562
513 1.0 17.51618482981768
516 1.4771212547196624 20.36682894213624
519 1.0 20.706175002637085
520 1.6020599913279625 25.214633181541256
523 1.3010299956639813 19.697674446970826
524 1.0 18.188013959901607
525 1.3010299956639813 20.543320381954224
526 1.0 17.752415668623385
527 1.6020599913279625 20.61363026869414
528 1.0 21.12339116570097
531 1.3010299956639813 20.572525808084006
532 1.0 19.229822454648716
533 1.3010299956639813 15.866054590928105
536 1.6020599913279625 17.80770137278335
539 1.7781512503836436 20.581818087864594
53 1.0 15.516879946428599
540 1.6989700043360187 23.36967033208018
541 1.845098040014257 18.888440514559967
542 1.3010299956639813 19.728868427436186
544 1.0 21.7329857487666
545 1.0 16.369127366332837
546 1.4771212547196624 23.31908484052949
547 1.6989700043360187 20.421608203426736
549 1.4771212547196624 19.672691459680365
550 1.6989700043360187 22.418090015600434
553 1.4771212547196624 20.46546645488232
554 1.6020599913279625 17.95037467412827
555 2.0413926851582254 22.42238581080986
557 2.0 32.03860327247943
558 1.9030899869919435 29.49056558466878
560 2.0413926851582254 32.40746376373745
561 1.4771212547196624 26.19567707123272
562 1.3010299956639813 20.63816033660684
563 1.7781512503836436 23.476641362660768
565 1.3010299956639813 25.067378635529828
566 1.3010299956639813 24.435514902659826
567 1.3010299956639813 23.07027838400899
569 1.6020599913279625 21.220451953962858
570 1.9030899869919435 35.00523577088447
571 1.0 19.508904785615407
572 1.6020599913279625 29.842988809469816
573 1.7781512503836436 34.62164344212061
577 1.3010299956639813 21.541085769479377
579 1.6989700043360187 17.22512975082521
581 1.845098040014257 25.541293855592556
582 1.4771212547196624 26.849702075967517
583 1.3010299956639813 25.011711924712642
584 1.3010299956639813 23.292766275876946
585 1.845098040014257 30.96669564390913
586 1.0 15.516879946428599
588 1.0 13.23364024408595
593 1.3010299956639813 18.09585950831236
594 1.4771212547196624 21.479558238529965
597 1.3010299956639813 19.996338987916545
598 1.4771212547196624 19.920097781606806
59 1.0 17.054311793451188
600 1.0 18.60056357999351
606 1.4771212547196624 18.53110082385229
608 1.0 15.484181606986061
60 1.0 20.310156825129837
61 1.6989700043360187 18.47845587465186
629 1.0 17.460816329506702
62 1.3010299956639813 20.34767568477578
633 1.3010299956639813 22.269887599954423
634 1.0 20.53889892996114
635 1.0 21.5228993608598
63 1.0 17.37188739596265
643 1.0 19.64025085319644
644 1.0 19.655188678913582
646 1.6020599913279625 21.019109611528222
648 1.3010299956639813 22.794574400913437
649 1.0 19.923584188401467
64 1.0 16.737458178003557
650 1.3010299956639813 17.77518118243523
651 1.0 21.73615837537494
653 1.4771212547196624 19.95515608969582
654 1.9030899869919435 22.625506653399253
655 1.0 22.47464478924292
656 1.3010299956639813 19.843697587754125
657 1.0 18.460464588544884
659 1.0 18.798742484766407
65 1.0 18.842982330593173
660 1.0 17.054311793451188
662 1.0 19.61461115210067
663 1.4771212547196624 19.44490454387257
664 1.3010299956639813 17.88199680559741
665 1.6020599913279625 20.62218664974217
666 1.6989700043360187 21.979048869070308
667 1.3010299956639813 20.441369254248713
670 1.0 16.652523466110832
673 1.3010299956639813 17.464006401007527
678 1.6020599913279625 19.909993307821388
683 1.0 17.37188739596265
684 1.0 16.936770172063596
687 1.0 17.191449064838324
693 1.4771212547196624 16.43520777799439
69 1.0 26.43449543906486
712 1.0 16.737458178003557
732 1.4771212547196624 28.96885361670166
733 1.0 24.09659662047416
736 1.0 26.48297924216182
738 1.0 23.256531591422583
73 1.0 13.03590292228772
742 1.0 21.68833801617828
747 1.0 22.34898733858306
749 1.0 22.58723493033533
74 1.0 13.320531335508875
772 1.0 31.06364857854412
773 1.0 25.098242467704086
774 1.7781512503836436 23.139038800697477
775 1.4771212547196624 23.494249679152507
781 1.0 26.78123592188267
794 1.0 15.329372186555613
795 1.0 15.316040163704834
796 1.0 15.424216864581213
798 1.0 16.44666201427546
7 1.0 20.662205334068826
800 1.0 19.870179928383198
801 1.0 21.773953133516383
802 1.0 21.49817099427365
808 1.0 27.292695599132404
811 1.3010299956639813 19.284259305458484
812 1.0 18.445184780380607
814 1.0 21.49817099427365
815 1.3010299956639813 20.604951603302737
816 1.6020599913279625 26.40168560543113
820 1.4771212547196624 18.394820991631416
821 1.4771212547196624 19.344122607461724
822 1.0 20.72132492096882
823 1.7781512503836436 30.983771998615772
824 1.0 16.982274168574502
829 1.6989700043360187 21.557388215952543
830 1.0 22.596184090364247
831 1.4771212547196624 27.79974623106974
833 1.0 15.885438230900338
83 1.4771212547196624 16.202098073055122
84 1.3010299956639813 25.365184410989947
859 1.0 17.03148242460064
864 1.0 22.523102482333243
867 1.6989700043360187 36.43404557128479
869 1.0 20.353723559156737
875 1.0 15.780042124305094
877 1.0 22.452284526648562
879 1.0 22.452284526648562
87 1.3010299956639813 24.835731385689954
880 1.3010299956639813 33.12096543823041
881 1.0 15.999505166650179
883 1.0 16.982274168574502
884 1.3010299956639813 16.86418674665899
895 1.7781512503836436 15.682046710929198
906 1.0 12.854652307615794
917 1.4771212547196624 21.083151146519995
918 1.3010299956639813 24.222096258795588
919 1.0 17.121724244752095
91 1.0 21.73615837537494
92 1.0 21.402892320890444
930 1.0 22.37231226242215
931 1.3010299956639813 19.569247311356932
936 1.6020599913279625 20.64389709578883
937 1.3010299956639813 17.488110770017975
93 1.4771212547196624 19.110011561305157
941 1.6020599913279625 18.01860444167257
942 1.4771212547196624 19.45006435459591
943 1.4771212547196624 19.402058534341666
944 1.6020599913279625 19.917140587765708
945 1.0 16.481630601170867
946 1.4771212547196624 19.482666389137716
947 1.0 19.409288369513817
94 2.4471580313422194 40.42228834338309
951 1.845098040014257 25.40756427571084
952 1.6989700043360187 19.20083241364576
953 1.6989700043360187 19.129941566095997
954 1.6020599913279625 20.62218664974217
955 1.0 19.358190264880896
956 1.6020599913279625 20.484965365855015
957 1.0 18.152757365381166
959 1.3010299956639813 19.190356568188804
960 1.3010299956639813 20.844073091142132
961 1.3010299956639813 18.914849636919964
963 1.0 18.42775682251999
968 1.3010299956639813 20.745195199857015
969 1.0 20.598971129752556
971 1.3010299956639813 19.694865931417798
972 1.3010299956639813 19.608298803683244
973 1.3010299956639813 18.869638675773842
974 1.3010299956639813 17.88251712427213
975 1.3010299956639813 19.03717677110868
976 1.0 19.12532909112134
977 1.0 17.376734020918096
981 1.3010299956639813 19.04032511818754
982 1.6020599913279625 19.85729433713603
983 1.0 15.99285048892566
985 1.0 20.023207099137547
986 1.0 21.11229795390388
989 1.0 17.072459926998317
991 1.3010299956639813 20.996461847748183
992 2.230448921378274 33.556122085405605
