0.7520267336381934
105 1.0 21.33892101876266
133 1.0 31.18619433249154
134 1.3010299956639813 27.567002922119546
135 1.4771212547196624 29.53008637972915
141 1.3010299956639813 22.083311659467373
143 1.0 21.629493927449314
147 1.0 38.27432982034523
149 1.4771212547196624 36.714155384577936
155 1.6020599913279625 39.65608647202028
156 1.3010299956639813 32.80078913912944
157 1.0 27.318575173705053
185 1.0 24.640160608655044
187 1.4771212547196624 25.365184410989947
189 1.6020599913279625 22.794574400913437
191 1.0 30.983771998615772
197 1.9030899869919435 21.73615837537494
199 1.3010299956639813 19.95515608969582
1 1.3010299956639813 24.099314783282633
211 1.0 19.87652496554322
223 1.3010299956639813 19.5018082949504
229 1.3010299956639813 19.919432784468437
236 1.0 23.511023087218234
244 1.6020599913279625 25.829961126625353
248 1.0 16.370386131129504
249 1.6989700043360187 22.75668213035031
24 1.0 22.714650363605696
258 1.6989700043360187 32.05900432440354
259 1.0 34.168322910342354
261 1.7781512503836436 40.472400145134394
266 1.0 24.006561347142163
269 1.0 28.06641091839446
276 1.6020599913279625 20.303531424387252
278 1.3010299956639813 24.438116936080927
285 1.3010299956639813 27.333530767834674
295 1.3010299956639813 18.766205879960378
296 1.0 21.560794875219035
297 1.0 18.44466466993366
2 1.0 25.673207973589584
31 1.0 15.977249114874716
322 1.7781512503836436 19.415200818214007
326 1.0 26.265110333168654
328 1.4771212547196624 32.88047364596294
331 1.0 26.442768047844584
332 2.361727836017593 26.156648054217282
333 1.3010299956639813 24.251638512278973
335 1.4771212547196624 26.592389103304416
336 1.0 27.213017312486674
338 1.6020599913279625 25.829961126625353
344 1.0 20.86119657744264
345 1.7781512503836436 19.45537620834872
346 1.3010299956639813 17.379200642449316
348 1.0 18.44095543145629
349 1.6020599913279625 16.95637498328479
350 1.0 18.249780831901347
351 1.0 19.334505504177955
353 1.0 25.406505472371265
358 1.0 15.03049511803453
3 1.0 25.673207973589584
400 1.0 19.159509087472838
403 1.0 16.399120626275778
408 1.0 14.776028853964045
413 1.6020599913279625 19.441687508621293
414 1.0 19.240697556286563
42 1.3010299956639813 17.36771058332882
431 1.0 21.076784861203542
433 1.0 24.68064648083747
434 1.3010299956639813 26.054272842923844
435 1.0 24.468548355039516
437 1.0 16.518134272484215
439 1.0 16.150783000266802
440 1.0 16.088747357134647
441 1.6020599913279625 31.735712827979288
444 1.7781512503836436 29.526890635247195
446 1.4771212547196624 21.762871720842014
448 1.0 18.647997157938995
449 1.0 16.13298238638009
450 1.0 16.00461083590737
471 1.0 24.01537280312254
472 1.0 26.198430887398857
494 1.4771212547196624 22.47464478924292
498 1.0 22.596184090364247
500 1.3010299956639813 27.79974623106974
501 1.0 24.640160608655044
502 1.0 18.60296721930803
508 1.3010299956639813 17.36771058332882
513 1.0 17.51618482981768
518 1.0 17.902990023252144
519 1.0 20.706175002637085
523 1.0 19.697674446970826
524 1.0 18.188013959901607
525 1.0 20.543320381954224
528 1.0 21.12339116570097
532 1.845098040014257 19.229822454648716
535 1.6020599913279625 18.139512907437105
543 1.3010299956639813 18.30187230227827
544 1.6989700043360187 21.7329857487666
545 1.3010299956639813 16.369127366332837
548 1.0 19.056516086799924
577 1.0 21.541085769479377
57 1.0 16.169816605433944
594 2.079181246047625 21.479558238529965
59 1.3010299956639813 17.054311793451188
605 1.0 16.87814769144019
606 1.3010299956639813 18.53110082385229
636 1.0 18.05674668124595
645 1.0 16.169816605433944
648 1.6020599913279625 22.794574400913437
64 1.0 16.737458178003557
651 1.9030899869919435 21.73615837537494
653 1.3010299956639813 19.95515608969582
655 1.4771212547196624 22.47464478924292
660 1.3010299956639813 17.054311793451188
669 1.4771212547196624 17.756055320837486
66 1.4771212547196624 17.304976281070527
671 1.0 20.661290750656658
672 1.0 19.607432276969973
673 1.3010299956639813 17.464006401007527
674 1.4771212547196624 19.06561234581387
675 1.0 18.16831043775807
67 1.0 17.777478226009574
681 1.0 17.041421373778608
682 1.0 18.092716090093774
693 1.3010299956639813 16.43520777799439
69 1.3010299956639813 26.43449543906486
712 1.0 16.737458178003557
72 1.0 13.395393053593981
732 1.4771212547196624 28.96885361670166
754 1.0 21.72844942797455
77 1.0 16.90578733542276
780 1.3010299956639813 29.39263705080337
781 1.3010299956639813 26.78123592188267
784 1.6020599913279625 28.829559825624525
789 1.0 16.883045284589098
790 1.0 16.472332298017896
792 1.0 16.385978603831017
793 1.0 15.060853163657614
794 1.3010299956639813 15.329372186555613
798 1.4771212547196624 16.44666201427546
7 1.0 20.662205334068826
800 1.6020599913279625 19.870179928383198
801 1.0 21.773953133516383
802 1.0 21.49817099427365
803 1.3010299956639813 16.74751991200512
809 1.6020599913279625 23.93775068948324
811 1.4771212547196624 19.284259305458484
812 1.3010299956639813 18.445184780380607
814 1.0 21.49817099427365
815 1.0 20.604951603302737
816 1.6020599913279625 26.40168560543113
817 1.0 16.90578733542276
823 1.0 30.983771998615772
82 1.0 16.571218594456724
830 1.0 22.596184090364247
831 1.3010299956639813 27.79974623106974
836 1.0 19.384867469169826
84 1.4771212547196624 25.365184410989947
852 1.0 21.864410189197464
855 1.0 16.571218594456724
856 1.3010299956639813 17.292029554288533
859 1.0 17.03148242460064
869 1.0 20.353723559156737
873 1.0 25.188400405739408
880 2.0413926851582254 33.12096543823041
91 1.9030899869919435 21.73615837537494
949 1.0 16.36144171601765
960 1.0 20.844073091142132
966 1.0 20.37474443529265
968 1.0 20.745195199857015
969 1.0 20.598971129752556
970 1.9542425094393248 18.816376936112132
971 1.6020599913279625 19.694865931417798
974 1.845098040014257 17.88251712427213
981 1.0 19.04032511818754
982 1.0 19.85729433713603
985 1.0 20.023207099137547
986 1.4771212547196624 21.11229795390388
992 1.9542425094393248 33.556122085405605
