1.2441251443275085
250 1.0 16.070194442289612
251 1.0 15.91714951082178
259 1.0 27.067295817703585
260 1.0 40.46004416097286
264 1.0 16.714220604471006
267 2.204119982655925 24.25543451426215
307 1.6020599913279625 18.45025554098666
308 1.3010299956639813 17.69895328701503
309 1.0 16.353960229243555
316 1.0 16.400885878921038
318 1.9542425094393248 15.762695037388225
324 1.0 15.723543941848508
325 1.0 26.246066768442137
332 1.0 24.231012577485338
480 1.6020599913279625 18.45025554098666
481 1.3010299956639813 17.69895328701503
482 1.0 16.353960229243555
514 1.0 23.1822442953396
534 1.0 18.11192779687125
577 1.0 16.12113380419118
57 1.0 16.138865172414302
584 1.0 30.950545053399313
611 1.0 16.37139499661555
614 1.3010299956639813 17.258283162732244
616 1.0 16.2837123301042
617 1.0 16.258590605316485
618 1.0 15.979851330655551
619 1.0 16.002509983007247
620 1.0 15.900698718230329
621 1.0 16.187886783484302
624 1.0 16.24926695969382
627 1.0 15.56115616891949
628 1.3010299956639813 17.4321572644572
629 1.0 15.448408287851615
630 1.3010299956639813 16.96541394633868
631 1.3010299956639813 19.950177336902193
632 1.3010299956639813 22.247424428787344
633 1.3010299956639813 20.514540434900287
634 1.3010299956639813 21.49965573905078
635 1.3010299956639813 18.02903493564441
636 1.0 15.995025442232151
638 1.0 17.972508687822355
639 2.079181246047625 16.56038138552629
644 1.0 16.138865172414302
891 1.7781512503836436 20.556957071190386
892 1.6020599913279625 19.44244897613975
893 1.6020599913279625 19.650125642603225
895 1.3010299956639813 16.22969191138666
896 1.0 14.003704403713009
897 1.0 14.137583702742898
898 1.0 14.029360356309446
899 1.0 13.993675428820948
900 1.0 14.099612986087388
901 1.0 13.926106883531865
994 1.0 16.070194442289612
996 1.0 16.28971068168109
997 1.0 15.91714951082178
