1.7695510786217261
132 1.0 31.170157473839097
149 1.0 30.628195318865107
154 1.0 39.64347606197456
156 1.0 27.300266473449927
162 1.7781512503836436 27.42647719561716
163 1.4771212547196624 29.043663537477517
1 1.0 24.469666509833758
237 1.0 17.76548249061496
295 1.0 21.53759215073197
712 1.0 16.15335632829963
746 1.0 22.32660375113389
774 1.0 20.078881121899666
780 1.0 28.653172853466874
782 1.0 28.8122112955473
82 1.0 16.54101827897147
853 1.0 16.54101827897147
92 1.3010299956639813 19.083829329388184
