1.744727494896694
154 1.0 38.92312411360697
155 1.0 39.65608647202028
162 1.0 29.200185832126223
237 1.3010299956639813 18.99543449459334
335 1.3010299956639813 26.592389103304416
402 1.0 24.177242781351655
527 1.0 20.61363026869414
541 1.0 18.888440514559967
542 1.0 19.728868427436186
543 1.0 18.30187230227827
550 1.0 22.418090015600434
777 1.0 24.177242781351655
778 1.0 25.828938051552868
780 1.4771212547196624 29.39263705080337
781 1.0 26.78123592188267
784 1.0 28.829559825624525
87 1.0 24.835731385689954
925 1.0 17.14677502578712
