1.6020599913279623
260 1.0 40.46004416097286
267 1.0 24.25543451426215
268 1.0 28.048590371713367
31 1.0 15.945923907969867
433 1.6989700043360187 26.035075059878718
499 1.4771212547196624 27.781754633425805
509 1.4771212547196624 21.57146234433863
553 1.0 17.922498457011667
554 1.0 22.40007556792627
555 1.0 21.325804237253536
556 1.0 32.02299329624464
557 1.0 29.473606133346674
558 1.0 21.15084713075001
569 1.0 34.990949277994865
570 1.0 19.48325860666556
572 1.0 34.607198595571596
732 1.0 24.075837860598885
734 1.0 14.964711114676133
735 1.0 26.464092456397857
750 1.0 24.739780818458456
769 1.4771212547196624 19.37976637155202
828 1.4771212547196624 27.781754633425805
862 1.0 22.500892102974184
923 1.3010299956639813 21.33531539196555
931 1.0 22.349952035011718
