1.5528419686577808
133 1.3010299956639813 31.18619433249154
147 1.0 38.27432982034523
148 1.0 39.73153365749456
159 1.0 34.663276209978875
160 1.3010299956639813 33.51414632402991
171 1.0 17.299828196424077
172 1.0 13.820669166643537
191 1.0 30.983771998615772
21 1.0 18.049400889846094
22 1.0 20.042266187907835
23 1.0 18.927700473196293
24 1.0 22.714650363605696
26 1.0 18.64575497280853
320 1.0 14.004614743358394
321 1.0 14.004614743358394
324 1.0 14.075838664530483
325 1.0 15.755311297820837
43 1.0 17.141090857518964
48 1.0 14.721765395784356
500 1.7781512503836436 27.79974623106974
537 1.0 17.141090857518964
641 1.0 14.171141946750199
642 1.0 13.861069010357436
661 1.0 17.17957125410552
823 1.0 30.983771998615772
831 1.7781512503836436 27.79974623106974
867 1.0 36.43404557128479
94 1.0 40.42228834338309
