0.9706162223147904
121 1.0 16.452082774442715
171 1.6020599913279625 17.299828196424077
175 1.3010299956639813 18.88811507135678
176 1.6020599913279625 22.379256958057034
193 1.0 19.923584188401467
197 1.4771212547196624 21.73615837537494
200 1.0 22.625506653399253
207 1.0 18.798742484766407
211 1.0 19.87652496554322
213 1.3010299956639813 19.298818028563065
21 1.0 18.049400889846094
226 1.0 16.343763522087997
22 1.0 20.042266187907835
230 1.0 22.625506653399253
233 1.0 18.798742484766407
237 1.0 18.99543449459334
238 1.0 17.79360469731602
23 1.0 18.927700473196293
243 1.0 17.509187404878464
245 1.0 16.518884647461846
24 1.0 22.714650363605696
250 1.0 21.593723016307443
266 1.0 24.006561347142163
26 1.0 18.64575497280853
278 1.0 24.438116936080927
286 1.3010299956639813 30.579284727285547
288 1.0 16.518884647461846
296 1.0 21.560794875219035
320 1.0 14.004614743358394
321 1.0 14.004614743358394
324 1.0 14.075838664530483
325 1.0 15.755311297820837
326 1.6020599913279625 26.265110333168654
328 1.3010299956639813 32.88047364596294
329 1.4771212547196624 24.220820861806594
330 1.3010299956639813 25.015154858124397
331 2.3010299956639813 26.442768047844584
332 2.3222192947339195 26.156648054217282
333 1.6989700043360187 24.251638512278973
335 1.0 26.592389103304416
337 1.0 17.509187404878464
343 1.3010299956639813 22.828476621056783
409 1.0 18.798742484766407
411 1.0 18.356977856408704
412 1.0 21.758302257583633
413 1.0 19.441687508621293
41 1.3010299956639813 20.898009485572526
448 1.3010299956639813 18.647997157938995
451 1.0 15.797072840726699
454 1.0 16.518884647461846
47 1.0 19.549619832587243
491 1.0 18.157117953750248
504 1.0 18.391649858504977
505 1.0 17.827254209129045
520 1.3010299956639813 25.214633181541256
523 1.0 19.697674446970826
525 1.0 20.543320381954224
528 1.0 21.12339116570097
534 1.3010299956639813 19.72223251625476
539 1.3010299956639813 20.581818087864594
540 1.3010299956639813 23.36967033208018
544 1.0 21.7329857487666
546 1.6989700043360187 23.31908484052949
549 1.0 19.672691459680365
556 1.3010299956639813 21.34923713779162
557 1.4771212547196624 32.03860327247943
559 1.3010299956639813 21.174473649853873
561 1.0 26.19567707123272
562 1.4771212547196624 20.63816033660684
563 1.4771212547196624 23.476641362660768
565 1.4771212547196624 25.067378635529828
566 1.4771212547196624 24.435514902659826
567 1.0 23.07027838400899
572 1.9542425094393248 29.842988809469816
573 1.3010299956639813 34.62164344212061
582 1.0 26.849702075967517
584 1.3010299956639813 23.292766275876946
641 1.0 14.171141946750199
642 1.0 13.861069010357436
649 1.0 19.923584188401467
651 1.4771212547196624 21.73615837537494
654 1.0 22.625506653399253
659 1.0 18.798742484766407
662 1.0 19.61461115210067
663 1.0 19.44490454387257
665 1.4771212547196624 20.62218664974217
670 1.0 16.652523466110832
671 1.3010299956639813 20.661290750656658
673 1.0 17.464006401007527
675 1.3010299956639813 18.16831043775807
680 1.0 15.775358504069235
682 1.3010299956639813 18.092716090093774
687 1.0 17.191449064838324
732 1.3010299956639813 28.96885361670166
813 1.0 16.555206772911212
816 1.0 26.40168560543113
902 2.0 16.786437281709325
911 1.3010299956639813 21.53343177229172
91 1.4771212547196624 21.73615837537494
947 1.0 19.409288369513817
954 1.4771212547196624 20.62218664974217
955 1.0 19.358190264880896
961 1.0 18.914849636919964
969 1.3010299956639813 20.598971129752556
976 1.0 19.12532909112134
986 1.0 21.11229795390388
990 1.0 19.267169356987246
