1.2924298239020637
139 1.0 21.045092986540304
140 1.0 22.06065850896495
160 1.3010299956639813 40.68185651929256
161 1.4771212547196624 29.183057629910973
202 1.0 18.45137749631327
207 1.0 18.0557751805786
210 1.4771212547196624 19.851353724768064
215 1.0 16.390784482423456
223 1.0 18.45137749631327
224 1.0 18.0557751805786
241 1.0 20.323087997959746
260 1.0 40.46004416097286
266 1.6020599913279625 20.247891051811926
270 1.4771212547196624 27.27789276817213
279 1.0 19.349744435445626
281 1.0 18.79756428818881
282 1.0 19.08990744429096
295 1.0 21.53759215073197
321 1.0 19.38943069849081
326 1.0 21.385169256471997
327 1.0 32.86526353435894
328 1.0 24.20016866097684
329 1.3010299956639813 24.995158982809944
331 1.0 26.137525464974466
340 1.3010299956639813 20.927824358412284
342 1.0 22.806563635018236
397 1.0 15.59311007460044
398 1.6989700043360187 31.04754842191709
526 1.0 20.589360185649852
556 1.0 32.02299329624464
557 1.0 29.473606133346674
561 1.0 20.6139191343978
566 1.3010299956639813 23.04859528725498
569 1.6020599913279625 34.990949277994865
571 1.3010299956639813 29.826229749704215
576 1.3010299956639813 21.517861792661158
584 1.0 30.950545053399313
61 1.0 18.45137749631327
62 1.0 20.323087997959746
634 1.6020599913279625 21.49965573905078
673 1.0 19.039369057845647
768 1.0 15.59311007460044
770 1.6989700043360187 31.04754842191709
84 1.0 20.94724544657274
865 1.0 36.420319557775116
876 1.0 27.115678493576954
943 1.0 19.424340488107244
967 1.0 20.350189453749287
988 1.0 15.586281284702965
991 1.0 19.241200976831678
992 1.0 20.972634792127216
