1.6382721639824072
284 1.4771212547196624 27.31523209193297
313 1.0 16.688807985466465
335 1.4771212547196624 27.194637545841633
443 1.3010299956639813 29.509952060039822
444 1.0 16.89424162983062
493 1.0 22.45238647455196
528 1.0 16.600990941589497
533 1.3010299956639813 19.696864101303447
538 1.0 20.55751044757001
553 1.3010299956639813 17.922498457011667
554 1.3010299956639813 22.40007556792627
615 1.3010299956639813 23.88195453063762
654 1.0 22.45238647455196
65 1.0 18.816428542926165
670 1.0 20.6370767184495
681 1.0 18.065059521538757
886 1.0 16.688807985466465
88 1.3010299956639813 17.71948261455228
912 1.4771212547196624 21.510199531662707
936 1.0 21.526279874452115
952 1.3010299956639813 25.38787746985513
959 1.3010299956639813 20.989047238821517
979 1.0 19.907440181516993
