0.8927900303521317
175 1.0 22.356903676375765
190 1.4771212547196624 30.967630313961816
193 1.0 17.74702978158316
196 1.0 21.713143045615993
197 1.0 17.97236948828946
198 1.0 19.930084158480717
199 1.0 22.603396897878287
19 1.0 22.88505492845388
202 1.0 18.45137749631327
204 1.0 18.43335978124768
207 1.0 18.0557751805786
210 1.0 19.851353724768064
211 1.0 22.03031942410671
212 1.0 19.272892292014472
214 1.0 18.685531899177228
223 1.0 18.45137749631327
224 1.0 18.0557751805786
226 1.0 16.894525174208198
227 1.0 19.245446135136124
228 1.0 19.894315832793946
229 1.0 22.603396897878287
230 1.0 19.818484653329044
231 1.0 18.43335978124768
237 1.0 17.76548249061496
241 1.0 20.323087997959746
242 1.0 17.48060764330447
243 1.0 25.8105965022697
259 1.6020599913279625 27.067295817703585
260 1.0 40.46004416097286
265 1.0 23.98572466518575
269 1.6989700043360187 26.08506226190013
273 1.0 16.369637361529076
279 1.0 19.349744435445626
280 1.0 20.36083120666262
284 1.6989700043360187 27.31523209193297
321 1.0 19.38943069849081
330 1.0 26.423852520632007
331 1.3010299956639813 26.137525464974466
332 1.0 24.231012577485338
334 1.0 26.57358007912264
335 1.0 27.194637545841633
336 1.0 17.48060764330447
337 1.0 25.8105965022697
343 1.0 20.837214848503734
347 1.0 18.41382190706093
350 1.0 19.30862768534024
411 1.0 21.73531037580023
41 1.0 20.87407005016222
47 1.0 19.524027135780376
493 1.0 22.45238647455196
496 1.3010299956639813 21.534181820846815
498 1.0 19.818484653329044
501 1.0 18.576070342315386
522 1.0 19.672274363144883
523 1.0 18.160502520733715
527 1.4771212547196624 21.0997074467684
528 1.0 16.600990941589497
529 1.0 16.990062759002303
531 1.0 19.203803572139346
532 1.0 15.834509410850428
533 1.0 19.696864101303447
534 1.0 18.11192779687125
540 1.0 18.8619507228725
543 1.0 21.709967055619686
571 1.0 29.826229749704215
576 1.0 21.517861792661158
580 1.3010299956639813 25.521710205582426
581 1.0 26.831073433021917
583 1.0 23.271290483826427
591 1.0 15.92624199010319
593 1.0 21.456267665239462
596 1.0 19.971318757650213
599 1.0 18.573663222245116
5 1.3010299956639813 18.45678502981382
607 1.0 15.451856847580665
60 1.0 20.28552366248819
61 1.0 18.45137749631327
62 1.0 20.323087997959746
642 1.0 19.614776409036214
643 1.0 19.629733620293802
645 1.0 20.99530825830948
649 1.0 17.74702978158316
650 1.0 21.713143045615993
651 1.0 17.97236948828946
652 1.0 19.930084158480717
653 1.0 22.603396897878287
654 1.0 22.45238647455196
655 1.0 19.818484653329044
656 1.0 18.43335978124768
661 1.0 19.589103365088256
662 1.0 19.41917384237332
668 1.0 17.727873548642012
669 1.0 16.622470868958438
671 1.0 19.58191513861614
672 1.0 17.43535257958473
673 1.0 19.039369057845647
674 1.0 18.14076911717772
679 1.3010299956639813 15.743631599218444
67 1.0 17.749330468393577
680 1.4771212547196624 17.012055796954062
681 1.3010299956639813 18.065059521538757
685 1.4771212547196624 17.175414668708417
689 1.0 16.928793195831474
68 1.0 17.554437536932625
690 1.0 20.22818021406503
806 1.3010299956639813 27.27436952647854
809 1.0 19.258313969819948
814 1.0 26.382740623521833
820 1.4771212547196624 30.967630313961816
826 1.3010299956639813 21.534181820846815
90 1.0 21.713143045615993
939 1.0 17.878596309450398
967 1.0 20.350189453749287
970 1.0 20.574683754662654
971 1.0 18.789785549650443
972 1.0 19.669462220826514
973 1.0 19.582782794447926
974 1.0 18.84312245235009
975 1.0 17.854534961736917
976 1.0 19.01089422974206
979 1.0 19.907440181516993
980 1.0 17.619733479266785
983 1.0 19.832098688531545
985 1.0 17.667633952974512
986 1.0 19.998220484206893
990 1.0 17.043147830109415
991 1.0 19.241200976831678
992 1.0 20.972634792127216
