1.537602002101044
135 1.0 29.53008637972915
136 1.0 23.748484428238577
137 1.0 22.922196064917607
138 1.0 22.291356872514033
140 1.3010299956639813 21.068838098294076
141 1.0 22.083311659467373
143 1.0 21.629493927449314
190 1.6020599913279625 20.72132492096882
191 1.9030899869919435 30.983771998615772
270 1.0 26.10422328297102
489 1.0 18.813161782127867
503 1.3010299956639813 24.96783731854743
505 1.0 17.827254209129045
512 1.6020599913279625 21.108817330045582
524 1.0 18.188013959901607
547 1.0 20.421608203426736
549 1.0 19.672691459680365
555 1.0 22.42238581080986
822 1.6020599913279625 20.72132492096882
823 1.9030899869919435 30.983771998615772
943 1.0 19.402058534341666
947 1.0 19.409288369513817
951 1.4771212547196624 25.40756427571084
952 1.3010299956639813 19.20083241364576
961 1.0 18.914849636919964
968 1.0 20.745195199857015
982 1.3010299956639813 19.85729433713603
985 1.3010299956639813 20.023207099137547
992 1.0 33.556122085405605
