1.721246399047171
174 1.0 25.443847031718235
188 1.0 18.394820991631416
211 1.3010299956639813 19.87652496554322
231 1.0 19.843697587754125
237 1.0 18.99543449459334
245 1.0 16.518884647461846
259 1.6020599913279625 34.168322910342354
279 1.0 17.734346218217127
288 1.0 16.518884647461846
454 1.0 16.518884647461846
499 1.0 19.843697587754125
506 1.0 20.117459620901656
520 1.0 25.214633181541256
600 1.0 18.60056357999351
656 1.0 19.843697587754125
741 1.0 16.52566545054529
820 1.0 18.394820991631416
950 1.0 16.21290906039629
966 1.0 20.37474443529265
