1.6777807052660807
147 1.0 38.27432982034523
150 1.0 30.64451579794581
153 1.0 27.124579821694358
176 1.0 22.379256958057034
22 1.0 20.042266187907835
335 1.0 26.592389103304416
379 1.3010299956639813 24.673753214847594
390 1.0 23.009670542854348
400 1.0 19.159509087472838
406 1.0 17.13803809591465
511 1.4771212547196624 18.55968024231519
513 1.0 17.51618482981768
667 1.0 20.441369254248713
742 1.0 21.68833801617828
749 1.0 22.58723493033533
801 1.0 21.773953133516383
802 1.0 21.49817099427365
814 1.0 21.49817099427365
816 1.3010299956639813 26.40168560543113
836 1.0 19.384867469169826
880 1.0 33.12096543823041
