1.8239087409443189
198 1.3010299956639813 18.00016847208931
1 1.0 24.099314783282633
239 1.3010299956639813 16.864483145006986
240 1.3010299956639813 15.060097196541419
242 1.3010299956639813 20.34767568477578
346 1.0 17.379200642449316
42 1.0 17.36771058332882
508 1.0 17.36771058332882
50 1.4771212547196624 14.485665386192277
59 1.0 17.054311793451188
62 1.3010299956639813 20.34767568477578
644 1.0 19.655188678913582
652 1.3010299956639813 18.00016847208931
660 1.0 17.054311793451188
819 1.0 14.38700094710823
