1.4814860601221125
191 1.3010299956639813 30.983771998615772
203 1.0 18.47845587465186
210 1.0 20.74943729156614
224 1.0 18.47845587465186
226 1.3010299956639813 16.343763522087997
234 1.0 20.74943729156614
249 1.0 22.75668213035031
271 1.3010299956639813 27.296216475399984
281 1.0 20.385373369801357
335 1.0 26.592389103304416
353 1.0 25.406505472371265
410 1.0 20.74943729156614
413 1.0 19.441687508621293
548 1.3010299956639813 19.056516086799924
561 1.0 26.19567707123272
562 1.0 20.63816033660684
565 1.0 25.067378635529828
566 1.0 24.435514902659826
572 1.0 29.842988809469816
61 1.0 18.47845587465186
635 1.0 21.5228993608598
647 1.0 18.531080228224845
662 1.0 19.61461115210067
774 1.3010299956639813 23.139038800697477
823 1.3010299956639813 30.983771998615772
880 1.0 33.12096543823041
922 1.0 21.35873785771627
932 1.0 22.35128407421646
935 1.0 21.549494779071786
94 1.3010299956639813 40.42228834338309
956 1.0 20.484965365855015
960 1.0 20.844073091142132
991 1.0 20.996461847748183
