1.6020599913279623
112 1.0 16.952806137528757
152 1.0 27.106140088612186
188 1.3010299956639813 22.772628792451215
191 1.0 16.952806137528757
227 1.0 19.245446135136124
356 1.0 16.341214190652384
398 1.3010299956639813 31.04754842191709
526 1.4771212547196624 20.589360185649852
556 1.0 32.02299329624464
559 1.6020599913279625 32.39203154477896
569 1.4771212547196624 34.990949277994865
571 1.0 29.826229749704215
615 1.0 23.88195453063762
647 1.3010299956639813 22.772628792451215
674 1.0 18.14076911717772
770 1.3010299956639813 31.04754842191709
773 1.0 23.472958228275314
777 1.6020599913279625 28.5636709471766
778 1.4771212547196624 29.375621062375156
821 1.0 16.952806137528757
834 1.0 19.359056970763802
84 1.0 20.94724544657274
865 1.0 36.420319557775116
86 1.0 24.815590935179138
919 1.0 24.20144514632048
