1.3187587626244128
139 1.0 21.045092986540304
142 1.0 21.606364977884798
145 1.0 38.43033977941447
193 1.0 17.74702978158316
1 1.0 24.469666509833758
202 1.0 18.45137749631327
210 1.0 19.851353724768064
223 1.0 18.45137749631327
22 1.0 20.017303363514117
243 1.0 25.8105965022697
258 1.0 34.15368633845293
274 1.0 17.324647965269033
277 1.0 24.417648522770687
284 1.4771212547196624 27.31523209193297
290 1.3010299956639813 17.858124243150325
327 1.3010299956639813 32.86526353435894
337 1.0 25.8105965022697
378 1.0 24.653480438007165
386 1.0 21.856373350068075
454 1.6020599913279625 14.149737808652972
459 1.3010299956639813 16.318175390056652
493 1.0 22.45238647455196
504 1.0 17.799185167779708
519 1.4771212547196624 25.19479562289961
54 1.0 16.32113418866619
560 1.0 26.176582993590046
565 1.3010299956639813 24.415044307928472
571 1.0 29.826229749704215
572 1.0 34.607198595571596
581 1.0 26.831073433021917
588 1.0 16.32113418866619
61 1.0 18.45137749631327
634 1.6020599913279625 21.49965573905078
638 1.0 17.972508687822355
649 1.0 17.74702978158316
654 1.0 22.45238647455196
666 1.0 20.41689440117043
684 1.0 17.964183562785355
686 1.0 17.162340194417848
693 1.0 18.104685257403954
737 1.0 23.235022308206137
816 1.6020599913279625 14.352205274873025
81 1.3010299956639813 15.73170187126443
824 1.6020599913279625 14.185473624911529
830 1.3010299956639813 15.73170187126443
831 1.4771212547196624 15.854309531641922
87 1.6020599913279625 14.185473624911529
93 1.3010299956639813 40.4099170367325
