1.3187587626244128
184 1.0 24.619860170608522
186 1.4771212547196624 25.345464687070297
203 1.0 17.809686811690188
211 1.0 22.03031942410671
235 1.0 23.489746840008912
243 1.9030899869919435 25.8105965022697
247 1.3010299956639813 16.339814628149156
248 1.0 22.73469994483774
257 1.3010299956639813 32.04340428656301
258 1.7781512503836436 34.15368633845293
275 1.0 20.27889021374396
277 1.6989700043360187 24.417648522770687
279 1.0 19.349744435445626
282 1.0 19.08990744429096
294 1.0 18.739543300973466
295 1.0 21.53759215073197
335 1.9030899869919435 27.194637545841633
337 1.9030899869919435 25.8105965022697
339 1.0 17.809686811690188
342 1.6989700043360187 22.806563635018236
343 1.3010299956639813 20.837214848503734
361 1.3010299956639813 13.947713927095913
443 1.0 29.509952060039822
445 1.0 21.739884671677192
500 1.0 24.619860170608522
51 1.0 16.468103731109437
523 1.0 18.160502520733715
527 1.3010299956639813 21.0997074467684
528 1.3010299956639813 16.600990941589497
530 1.4771212547196624 20.54820717542731
531 1.4771212547196624 19.203803572139346
533 1.0 19.696864101303447
534 1.4771212547196624 18.11192779687125
579 1.0 16.468103731109437
592 1.0 18.068207751312215
596 1.3010299956639813 19.971318757650213
597 1.3010299956639813 19.894981669475758
599 1.0 18.573663222245116
59 1.3010299956639813 17.024968450726956
645 1.7781512503836436 20.99530825830948
659 1.3010299956639813 17.024968450726956
806 1.0 27.27436952647854
829 1.0 24.619860170608522
83 1.4771212547196624 25.345464687070297
86 1.0 24.815590935179138
878 1.0 33.105865818015594
967 1.0 20.350189453749287
979 1.0 19.907440181516993
