0.7281583934635011
169 1.0 16.893122029317794
175 1.0 22.356903676375765
186 1.0 25.345464687070297
192 1.3010299956639813 19.898472476859148
193 1.3010299956639813 17.74702978158316
194 1.0 16.794834479301993
195 1.0 16.794834479301993
197 1.3010299956639813 17.97236948828946
198 1.3010299956639813 19.930084158480717
199 1.0 22.603396897878287
204 1.0 18.43335978124768
206 1.0 18.772126118491787
208 1.0 19.715082278253885
210 1.0 19.851353724768064
211 1.0 22.03031942410671
212 1.0 19.272892292014472
213 1.0 18.016798133940682
214 1.3010299956639813 18.685531899177228
226 1.0 16.894525174208198
228 1.3010299956639813 19.894315832793946
229 1.0 22.603396897878287
230 1.0 19.818484653329044
231 1.0 18.43335978124768
232 1.0 18.772126118491787
235 1.0 23.489746840008912
237 1.3010299956639813 17.76548249061496
238 1.0 16.834808931146938
241 1.0 20.323087997959746
242 1.4771212547196624 17.48060764330447
243 1.3010299956639813 25.8105965022697
244 1.3010299956639813 16.48858847797927
245 1.4771212547196624 15.579322499796028
246 1.3010299956639813 17.897958254775837
249 1.4771212547196624 21.570555711548227
257 2.0413926851582254 32.04340428656301
258 1.3010299956639813 34.15368633845293
259 2.146128035678238 27.067295817703585
260 2.204119982655925 40.46004416097286
262 1.3010299956639813 21.133916878571615
263 1.3010299956639813 18.961368666684063
264 1.0 16.714220604471006
268 1.0 28.048590371713367
269 2.079181246047625 26.08506226190013
272 1.4771212547196624 15.457778110651116
277 1.6020599913279625 24.417648522770687
278 1.6989700043360187 17.70612989299446
279 1.6020599913279625 19.349744435445626
282 1.3010299956639813 19.08990744429096
283 1.0 15.990191960562015
284 1.0 27.31523209193297
285 1.3010299956639813 30.562929415100232
287 1.3010299956639813 16.48858847797927
294 1.0 18.739543300973466
295 1.3010299956639813 21.53759215073197
321 1.0 19.38943069849081
325 1.4771212547196624 26.246066768442137
327 1.0 32.86526353435894
335 1.9542425094393248 27.194637545841633
336 1.4771212547196624 17.48060764330447
337 1.3010299956639813 25.8105965022697
342 1.4771212547196624 22.806563635018236
343 1.7781512503836436 20.837214848503734
344 1.0 19.429659374481616
396 1.0 34.747346764383785
408 1.0 18.772126118491787
412 1.0 19.41595254379453
413 1.4771212547196624 19.214693399908615
415 1.0 19.419275690945604
41 1.9542425094393248 20.87407005016222
444 1.0 16.89424162983062
445 2.146128035678238 21.739884671677192
447 1.6020599913279625 18.6211653234297
458 1.4771212547196624 15.457778110651116
484 1.0 14.841497874872914
490 1.0 18.129559630239218
493 1.0 22.45238647455196
495 1.0 17.04471738567224
498 1.0 19.818484653329044
502 1.0 24.947803517854027
509 1.0 21.57146234433863
519 1.0 25.19479562289961
51 1.0 16.468103731109437
522 1.3010299956639813 19.672274363144883
523 1.4771212547196624 18.160502520733715
524 1.3010299956639813 20.518967135692183
525 1.3010299956639813 17.7242281093306
527 1.3010299956639813 21.0997074467684
529 1.0 16.990062759002303
530 1.6989700043360187 20.54820717542731
531 1.0 19.203803572139346
533 1.0 19.696864101303447
534 1.6020599913279625 18.11192779687125
535 1.0 17.779601462975204
539 1.0 23.34826527667759
540 1.3010299956639813 18.8619507228725
543 1.0 21.709967055619686
545 1.3010299956639813 23.297633308982533
54 1.0 16.32113418866619
553 1.3010299956639813 17.922498457011667
554 1.3010299956639813 22.40007556792627
558 1.0 21.15084713075001
560 1.0 26.176582993590046
576 1.0 21.517861792661158
578 1.4771212547196624 17.196077893890912
579 1.0 16.468103731109437
580 1.845098040014257 25.521710205582426
581 2.113943352306837 26.831073433021917
583 1.9542425094393248 23.271290483826427
584 1.3010299956639813 30.950545053399313
588 1.0 16.32113418866619
593 1.0 21.456267665239462
596 1.3010299956639813 19.971318757650213
597 1.0 19.894981669475758
599 1.6989700043360187 18.573663222245116
59 1.0 17.024968450726956
5 1.0 18.45678502981382
60 1.3010299956639813 20.28552366248819
627 1.0 15.56115616891949
628 1.0 17.4321572644572
629 1.0 15.448408287851615
62 1.0 20.323087997959746
630 1.0 16.96541394633868
631 1.0 19.950177336902193
632 1.0 22.247424428787344
633 1.0 20.514540434900287
634 1.0 21.49965573905078
635 1.0 18.02903493564441
636 1.0 15.995025442232151
637 1.0 15.345166756496607
638 1.0 17.972508687822355
642 1.0 19.614776409036214
643 1.0 19.629733620293802
645 1.6989700043360187 20.99530825830948
648 1.3010299956639813 19.898472476859148
649 1.3010299956639813 17.74702978158316
651 1.3010299956639813 17.97236948828946
652 1.3010299956639813 19.930084158480717
653 1.0 22.603396897878287
654 1.0 22.45238647455196
655 1.0 19.818484653329044
656 1.0 18.43335978124768
658 1.0 18.772126118491787
659 1.0 17.024968450726956
660 1.3010299956639813 17.15044222388708
661 1.0 19.589103365088256
662 1.3010299956639813 19.41917384237332
663 1.0 17.854013827579386
664 1.0 20.597926648495577
807 1.4771212547196624 23.916854058840084
80 1.3010299956639813 15.680631610845849
81 1.0 15.73170187126443
823 1.0 16.794834479301993
825 1.0 17.04471738567224
830 1.0 15.73170187126443
83 1.0 25.345464687070297
84 1.0 20.94724544657274
896 1.0 14.003704403713009
897 1.0 14.137583702742898
898 1.0 14.029360356309446
899 1.0 13.993675428820948
89 1.3010299956639813 16.48858847797927
900 1.0 14.099612986087388
901 1.0 13.926106883531865
902 1.0 13.26616819022042
912 1.0 21.510199531662707
917 1.0 20.297410938444266
944 1.0 19.37627093560627
948 1.0 19.383510389270164
955 1.0 20.597926648495577
956 1.3010299956639813 19.332344149929916
967 1.0 20.350189453749287
969 1.0 20.721079216106737
970 1.3010299956639813 20.574683754662654
971 1.0 18.789785549650443
972 1.0 19.669462220826514
973 1.0 19.582782794447926
974 1.0 18.84312245235009
975 1.0 17.854534961736917
976 1.0 19.01089422974206
977 1.3010299956639813 19.099167857362065
979 1.0 19.907440181516993
980 1.0 17.619733479266785
982 1.4771212547196624 19.01404692868626
987 1.9030899869919435 21.088601776656837
988 1.0 15.586281284702965
991 1.6989700043360187 19.241200976831678
992 1.6020599913279625 20.972634792127216
