1.6575773191777938
247 1.0 17.92587263398071
260 1.0 27.085761995614487
261 2.1760912590556813 40.472400145134394
268 1.0 24.276039699169623
269 1.3010299956639813 28.06641091839446
397 1.3010299956639813 34.76173337398946
399 1.0 31.06364857854412
513 1.0 17.51618482981768
552 1.0 21.18617303846442
553 1.0 20.46546645488232
556 1.9542425094393248 21.34923713779162
557 1.0 32.03860327247943
559 1.9542425094393248 21.174473649853873
566 1.4771212547196624 24.435514902659826
571 1.0 19.508904785615407
572 1.3010299956639813 29.842988809469816
573 1.6020599913279625 34.62164344212061
585 1.6989700043360187 30.96669564390913
772 1.0 31.06364857854412
808 1.0 27.292695599132404
917 1.0 21.083151146519995
927 1.3010299956639813 18.7642269613462
