1.721246399047171
134 1.0 27.567002922119546
172 1.0 13.820669166643537
187 1.0 25.365184410989947
204 1.0 17.837739327910686
226 1.0 16.343763522087997
261 1.3010299956639813 40.472400145134394
269 1.0 28.06641091839446
286 1.3010299956639813 30.579284727285547
332 1.0 26.156648054217282
340 1.0 17.837739327910686
558 1.0 29.49056558466878
666 1.0 21.979048869070308
672 1.0 19.607432276969973
808 1.3010299956639813 27.292695599132404
84 1.0 25.365184410989947
939 1.0 19.57746517154891
960 1.0 20.844073091142132
966 1.0 20.37474443529265
991 1.0 20.996461847748183
