1.4559319556497243
132 1.3010299956639813 31.9240224086541
133 1.4771212547196624 31.18619433249154
135 1.3010299956639813 29.53008637972915
136 1.3010299956639813 23.748484428238577
137 1.4771212547196624 22.922196064917607
140 1.3010299956639813 21.068838098294076
141 1.0 22.083311659467373
143 1.3010299956639813 21.629493927449314
146 1.6020599913279625 38.443348131520054
147 1.9030899869919435 38.27432982034523
148 1.9030899869919435 39.73153365749456
149 1.4771212547196624 36.714155384577936
154 1.6020599913279625 38.92312411360697
155 1.4771212547196624 39.65608647202028
157 1.0 27.318575173705053
158 1.6989700043360187 40.36801588254125
159 1.6989700043360187 34.663276209978875
161 1.7781512503836436 40.68786868352573
162 1.4771212547196624 29.200185832126223
164 1.6020599913279625 29.060873897358988
283 1.0 19.116081351354293
295 1.0 18.766205879960378
326 1.0 26.265110333168654
345 1.0 19.45537620834872
488 1.0 18.91692636651541
561 1.4771212547196624 26.19567707123272
565 1.0 25.067378635529828
570 1.0 35.00523577088447
611 1.0 16.956306990360925
672 1.0 19.607432276969973
83 1.0 16.202098073055122
867 1.3010299956639813 36.43404557128479
985 1.6020599913279625 20.023207099137547
988 1.6989700043360187 18.29479303891827
990 1.0 19.267169356987246
