1.431798275933005
175 1.0 22.356903676375765
243 1.0 25.8105965022697
249 1.0 21.570555711548227
258 1.3010299956639813 34.15368633845293
260 1.3010299956639813 40.46004416097286
263 1.0 18.961368666684063
268 1.0 28.048590371713367
275 1.0 20.27889021374396
284 1.3010299956639813 27.31523209193297
285 1.3010299956639813 30.562929415100232
295 1.0 21.53759215073197
325 1.0 26.246066768442137
327 1.3010299956639813 32.86526353435894
330 1.0 26.423852520632007
331 1.0 26.137525464974466
332 1.6020599913279625 24.231012577485338
337 1.0 25.8105965022697
398 1.3010299956639813 31.04754842191709
411 1.0 21.73531037580023
420 1.3010299956639813 22.69268235247738
472 1.0 20.431753744712537
524 1.0 20.518967135692183
530 1.3010299956639813 20.54820717542731
552 1.0 20.441020454368555
560 1.0 26.176582993590046
566 1.3010299956639813 23.04859528725498
571 1.3010299956639813 29.826229749704215
584 1.0 30.950545053399313
599 1.0 18.573663222245116
642 1.0 19.614776409036214
770 1.3010299956639813 31.04754842191709
878 1.0 33.105865818015594
918 1.0 21.05942217315108
963 1.0 17.01734493522861
970 1.0 20.574683754662654
980 1.0 17.619733479266785
987 1.0 21.088601776656837
