1.5086383061657274
127 1.0 17.367910512582892
187 1.0 25.365184410989947
193 1.0 19.923584188401467
194 1.0 17.77518118243523
219 1.0 20.060459993820544
414 1.0 19.240697556286563
420 1.0 16.4406842597468
457 1.0 18.43689483349195
458 1.0 17.695365074715316
528 1.0 21.12339116570097
552 1.0 21.18617303846442
581 1.3010299956639813 25.541293855592556
582 1.0 26.849702075967517
628 1.0 15.593254352876475
629 1.0 17.460816329506702
630 1.0 15.480740248068322
631 1.0 16.9948601162417
632 1.0 19.9752240481514
633 1.0 22.269887599954423
634 1.0 20.53889892996114
635 1.0 21.5228993608598
636 1.0 18.05674668124595
637 1.0 16.02625467467848
639 1.0 18.00030745664779
649 1.0 19.923584188401467
650 1.0 17.77518118243523
808 1.3010299956639813 27.292695599132404
84 1.0 25.365184410989947
918 1.0 24.222096258795588
927 1.3010299956639813 18.7642269613462
990 1.0 19.267169356987246
