1.2839966563652008
119 1.0 22.648675884415564
120 1.0 16.42166336328676
125 1.0 19.0809900086681
184 1.0 24.619860170608522
189 1.0 20.697181124016947
190 1.0 30.967630313961816
194 1.0 16.794834479301993
195 1.0 16.794834479301993
244 1.0 16.48858847797927
245 1.0 15.579322499796028
260 1.0 40.46004416097286
272 1.0 15.457778110651116
287 1.0 16.48858847797927
291 1.0 16.58416436051082
330 1.7781512503836436 26.423852520632007
331 1.6020599913279625 26.137525464974466
380 1.0 17.099229420425257
388 1.0 17.383230863411256
396 1.0 34.747346764383785
420 1.0 22.69268235247738
421 1.0 19.170545066323047
458 1.0 15.457778110651116
496 1.0 21.534181820846815
499 1.3010299956639813 27.781754633425805
500 1.0 24.619860170608522
501 1.0 18.576070342315386
502 1.0 24.947803517854027
503 1.0 18.364443485111277
504 1.0 17.799185167779708
505 1.0 20.09259021626153
509 1.0 21.57146234433863
512 1.0 17.487616504038936
528 1.0 16.600990941589497
551 1.0 21.162559580914515
556 1.3010299956639813 32.02299329624464
581 1.7781512503836436 26.831073433021917
731 1.0 28.951588555136127
769 1.0 19.37976637155202
806 1.3010299956639813 27.27436952647854
819 1.0 20.697181124016947
820 1.0 30.967630313961816
822 1.0 16.58416436051082
823 1.0 16.794834479301993
826 1.0 21.534181820846815
828 1.3010299956639813 27.781754633425805
829 1.0 24.619860170608522
88 1.0 17.71948261455228
89 1.0 16.48858847797927
923 1.3010299956639813 21.33531539196555
928 1.0 18.737561566460872
933 1.3010299956639813 22.32890278912787
934 1.0 19.043662363227906
