0.6439741428068773
105 1.0 21.33892101876266
117 1.0 21.166129822732998
120 1.3010299956639813 22.67074148141845
121 1.0 16.452082774442715
122 1.6989700043360187 25.99704858881334
123 1.0 21.94118068747015
125 1.0 17.797417400691103
126 1.0 19.10717613125738
127 1.0 17.367910512582892
128 1.3010299956639813 18.640638875516817
132 1.0 31.9240224086541
133 1.0 31.18619433249154
143 1.0 21.629493927449314
149 1.0 36.714155384577936
174 1.0 25.443847031718235
175 1.0 18.88811507135678
176 1.0 22.379256958057034
185 1.0 24.640160608655044
187 1.0 25.365184410989947
188 1.0 18.394820991631416
190 1.0 20.72132492096882
191 1.6020599913279625 30.983771998615772
193 1.0 19.923584188401467
195 1.0 16.82457919792204
196 1.0 16.82457919792204
197 1.0 21.73615837537494
1 1.0 24.099314783282633
200 1.3010299956639813 22.625506653399253
212 1.0 22.053003739358804
219 1.0 20.060459993820544
230 1.3010299956639813 22.625506653399253
245 1.0 16.518884647461846
246 1.0 15.611383332448497
250 1.0 21.593723016307443
258 1.6020599913279625 32.05900432440354
259 1.6020599913279625 34.168322910342354
260 1.6989700043360187 27.085761995614487
261 1.0 40.472400145134394
263 1.0 21.157562303591927
264 1.0 18.98771976077981
265 1.0 16.744108528521995
266 1.4771212547196624 24.006561347142163
267 1.0 20.272569941821523
268 1.4771212547196624 24.276039699169623
271 1.0 27.296216475399984
273 1.0 15.490090513554941
279 1.0 17.734346218217127
281 1.0 20.385373369801357
284 1.0 16.021430614511992
285 1.0 27.333530767834674
286 1.6020599913279625 30.579284727285547
288 1.0 16.518884647461846
290 1.0 19.344122607461724
292 1.3010299956639813 16.614286248179223
31 1.0 15.977249114874716
325 1.0 15.755311297820837
326 1.3010299956639813 26.265110333168654
328 1.4771212547196624 32.88047364596294
329 1.0 24.220820861806594
330 1.0 25.015154858124397
333 1.0 24.251638512278973
344 1.0 20.86119657744264
359 1.0 13.553227307353156
360 1.0 13.596759086117835
361 1.0 13.596759086117833
362 1.0 13.983516145523103
372 1.0 16.799196227548762
373 1.0 15.930282308948243
375 1.3010299956639813 18.075636329874662
380 1.0 15.615254870204684
391 1.0 15.480475837789893
397 1.0 34.76173337398946
399 1.4771212547196624 31.06364857854412
41 1.0 20.898009485572526
420 1.0 16.4406842597468
421 1.0 22.714705200606023
422 1.3010299956639813 19.196609027115258
431 1.0 21.076784861203542
432 1.6989700043360187 20.140245569349506
433 1.0 24.68064648083747
434 1.3010299956639813 26.054272842923844
435 1.0 24.468548355039516
437 1.0 16.518134272484215
444 1.0 29.526890635247195
449 1.3010299956639813 16.13298238638009
454 1.0 16.518884647461846
457 1.0 18.43689483349195
458 1.0 17.695365074715316
459 1.0 24.541701226408268
471 1.3010299956639813 24.01537280312254
472 1.0 26.198430887398857
486 1.3010299956639813 18.698257556219072
488 1.0 18.91692636651541
494 1.0 22.47464478924292
496 1.0 17.074026788002808
497 1.6989700043360187 21.557388215952543
498 1.0 22.596184090364247
500 1.3010299956639813 27.79974623106974
501 1.0 24.640160608655044
502 1.0 18.60296721930803
503 1.0 24.96783731854743
504 1.3010299956639813 18.391649858504977
505 1.0 17.827254209129045
506 1.0 20.117459620901656
510 1.0 21.594628676437562
512 1.0 21.108817330045582
514 1.0 19.011194543423425
515 1.3010299956639813 23.20380250236597
516 1.0 20.36682894213624
517 1.0 16.626536411088022
520 1.3010299956639813 25.214633181541256
543 1.0 18.30187230227827
549 1.0 19.672691459680365
550 1.0 22.418090015600434
551 1.0 15.64922422599311
552 1.0 21.18617303846442
553 1.3010299956639813 20.46546645488232
557 1.0 32.03860327247943
558 1.4771212547196624 29.49056558466878
560 1.9030899869919435 32.40746376373745
562 1.0 20.63816033660684
563 1.0 23.476641362660768
565 1.0 25.067378635529828
566 1.0 24.435514902659826
567 1.0 23.07027838400899
568 1.3010299956639813 16.29063286533528
569 1.0 21.220451953962858
570 2.146128035678238 35.00523577088447
571 1.3010299956639813 19.508904785615407
572 1.3010299956639813 29.842988809469816
573 1.0 34.62164344212061
57 1.0 16.169816605433944
581 1.6020599913279625 25.541293855592556
582 1.0 26.849702075967517
583 1.0 25.011711924712642
585 1.3010299956639813 30.96669564390913
600 1.0 18.60056357999351
60 1.0 20.310156825129837
628 1.0 15.593254352876475
629 1.0 17.460816329506702
630 1.0 15.480740248068322
631 1.0 16.9948601162417
632 1.0 19.9752240481514
633 1.0 22.269887599954423
634 1.0 20.53889892996114
635 1.0 21.5228993608598
636 1.0 18.05674668124595
637 1.0 16.02625467467848
638 1.0 15.377715785664936
639 1.0 18.00030745664779
63 1.0 17.37188739596265
645 1.0 16.169816605433944
646 1.0 21.019109611528222
649 1.0 19.923584188401467
64 1.0 16.737458178003557
651 1.0 21.73615837537494
654 1.3010299956639813 22.625506653399253
655 1.0 22.47464478924292
683 1.0 17.37188739596265
684 1.0 16.936770172063596
685 1.0 17.991995194459328
687 1.0 17.191449064838324
694 1.0 18.13228138623654
695 1.0 13.748192686610185
69 1.0 26.43449543906486
712 1.0 16.737458178003557
713 1.0 16.184280047905055
726 1.0 15.370445248663776
727 1.0 15.480475837789893
732 1.4771212547196624 28.96885361670166
733 1.0 24.09659662047416
735 1.0 14.99808583605626
745 1.0 15.833985711967152
746 1.0 19.14200258825803
747 1.3010299956639813 22.34898733858306
749 1.3010299956639813 22.58723493033533
751 1.0 24.759982935078224
771 1.0 19.405549325281637
772 1.4771212547196624 31.06364857854412
774 1.0 23.139038800697477
775 1.3010299956639813 23.494249679152507
779 1.0 28.58117033955364
807 1.0 24.483238969908477
808 2.079181246047625 27.292695599132404
80 1.0 15.71248572680523
818 1.0 15.490090513554941
820 1.0 18.394820991631416
821 1.0 19.344122607461724
822 1.0 20.72132492096882
823 1.6020599913279625 30.983771998615772
825 1.3010299956639813 16.614286248179223
826 1.0 16.82457919792204
828 1.0 17.074026788002808
829 1.6989700043360187 21.557388215952543
830 1.0 22.596184090364247
831 1.3010299956639813 27.79974623106974
840 1.0 14.949174756130038
84 1.0 25.365184410989947
854 1.0 20.336569559735775
85 1.0 20.97110134921298
864 1.4771212547196624 22.523102482333243
867 1.6989700043360187 36.43404557128479
869 1.0 20.353723559156737
877 1.0 22.452284526648562
878 1.0 27.134111744574057
879 1.0 22.452284526648562
87 1.0 24.835731385689954
880 1.0 33.12096543823041
898 1.0 14.029360356309446
899 1.0 14.135030468925212
900 1.0 13.961964508318792
902 1.0 16.786437281709325
90 1.0 17.747677710827986
913 1.0 18.473312192215285
916 1.0 20.322029692038072
917 1.3010299956639813 21.083151146519995
918 1.6989700043360187 24.222096258795588
91 1.0 21.73615837537494
922 1.0 21.35873785771627
927 1.0 18.7642269613462
92 1.0 21.402892320890444
930 1.0 22.37231226242215
932 1.0 22.35128407421646
933 1.0 19.069899742909588
936 1.0 20.64389709578883
952 1.3010299956639813 19.20083241364576
973 1.0 18.869638675773842
