1.7958800173440752
115 1.4771212547196624 17.956167137974
277 1.0 24.417648522770687
304 1.4771212547196624 17.956167137974
310 1.0 18.574581934797493
318 1.0 15.762695037388225
483 1.0 16.072305173973206
56 1.0 16.008658872883498
597 1.3010299956639813 19.894981669475758
610 1.0 16.926793752845303
625 1.0 16.008658872883498
632 1.0 22.247424428787344
638 1.3010299956639813 17.972508687822355
639 1.0 16.56038138552629
883 1.0 18.574581934797493
989 1.3010299956639813 18.267442413672814
992 1.0 20.972634792127216
