1.2441251443275085
110 1.0 16.382580531642766
112 1.0 16.283682408859754
254 1.0 16.42690925065229
285 1.0 27.333530767834674
304 1.0 16.616668083737665
306 1.0 18.739668070348888
307 1.0 16.630431048976302
311 1.6020599913279625 18.601480963958362
312 1.0 16.364677803659443
313 1.0 16.271444758929782
315 1.0 16.06942654142066
335 1.4771212547196624 26.592389103304416
341 1.3010299956639813 20.951702374187988
348 1.3010299956639813 18.44095543145629
375 1.0 18.075636329874662
397 1.9542425094393248 34.76173337398946
402 1.845098040014257 24.177242781351655
436 1.0 18.15542263413017
480 1.0 16.113389796665334
500 1.6020599913279625 27.79974623106974
545 1.0 16.369127366332837
553 1.3010299956639813 20.46546645488232
574 1.4771212547196624 16.969820351885488
575 1.0 16.63120895803179
578 1.0 16.152119214909096
613 1.4771212547196624 22.32306959448592
615 1.0 17.287230481631443
616 1.7781512503836436 23.902881671535816
617 1.0 16.314388963414707
618 1.0 16.289314548847216
623 1.0 16.32959493311789
632 1.4771212547196624 19.9752240481514
633 1.6989700043360187 22.269887599954423
634 1.0 20.53889892996114
669 1.0 17.756055320837486
671 1.3010299956639813 20.661290750656658
680 1.4771212547196624 15.775358504069235
681 1.0 17.041421373778608
691 1.3010299956639813 20.252883122476465
777 1.845098040014257 24.177242781351655
778 2.113943352306837 25.828938051552868
779 2.361727836017593 28.58117033955364
780 2.230448921378274 29.39263705080337
781 2.255272505103306 26.78123592188267
782 2.0 28.670617617530514
783 2.230448921378274 24.23640676791617
784 2.204119982655925 28.829559825624525
831 1.6020599913279625 27.79974623106974
885 1.0 16.616668083737665
887 1.0 18.739668070348888
888 1.0 16.630431048976302
909 1.3010299956639813 17.04982557935131
917 1.3010299956639813 21.083151146519995
943 1.0 19.402058534341666
953 1.6020599913279625 19.129941566095997
976 1.0 19.12532909112134
998 1.0 16.42690925065229
