1.2441251443275085
169 1.0 16.893122029317794
174 1.0 18.86162482260781
175 1.0 22.356903676375765
226 1.0 16.894525174208198
237 1.3010299956639813 17.76548249061496
279 1.0 19.349744435445626
282 1.0 19.08990744429096
294 1.3010299956639813 18.739543300973466
295 1.0 21.53759215073197
319 1.0 13.968866600762256
320 1.0 13.968866600762256
321 1.3010299956639813 19.38943069849081
323 1.0 14.040271867378184
411 1.0 21.73531037580023
412 1.0 19.41595254379453
413 1.0 19.214693399908615
415 1.0 19.419275690945604
522 1.3010299956639813 19.672274363144883
523 1.3010299956639813 18.160502520733715
525 1.3010299956639813 17.7242281093306
529 1.0 16.990062759002303
530 1.0 20.54820717542731
531 1.0 19.203803572139346
533 1.0 19.696864101303447
534 1.0 18.11192779687125
576 1.3010299956639813 21.517861792661158
593 1.0 21.456267665239462
597 1.3010299956639813 19.894981669475758
599 1.0 18.573663222245116
627 1.0 15.56115616891949
628 1.0 17.4321572644572
629 1.0 15.448408287851615
630 1.0 16.96541394633868
631 1.0 19.950177336902193
632 1.0 22.247424428787344
633 1.0 20.514540434900287
634 1.0 21.49965573905078
635 1.0 18.02903493564441
640 1.0 14.135814942016715
641 1.0 13.824949696468746
642 1.0 19.614776409036214
643 1.0 19.629733620293802
782 1.3010299956639813 28.8122112955473
807 1.3010299956639813 23.916854058840084
811 1.0 16.52497719495689
882 1.0 15.650130639830621
967 1.0 20.350189453749287
969 1.3010299956639813 20.721079216106737
971 1.0 18.789785549650443
972 1.0 19.669462220826514
973 1.0 19.582782794447926
974 1.0 18.84312245235009
975 1.0 17.854534961736917
976 1.0 19.01089422974206
977 1.3010299956639813 19.099167857362065
979 1.0 19.907440181516993
980 1.0 17.619733479266785
