1.6020599913279623
105 1.0 21.33892101876266
199 1.3010299956639813 19.95515608969582
207 1.0 18.798742484766407
209 1.0 19.7404272810474
213 1.0 19.298818028563065
229 1.3010299956639813 19.919432784468437
233 1.0 18.798742484766407
258 1.0 32.05900432440354
259 1.3010299956639813 34.168322910342354
285 1.0 27.333530767834674
323 1.0 19.99450022605915
409 1.0 18.798742484766407
441 1.0 31.735712827979288
494 1.0 22.47464478924292
520 1.0 25.214633181541256
525 1.0 20.543320381954224
544 1.0 21.7329857487666
653 1.3010299956639813 19.95515608969582
655 1.0 22.47464478924292
659 1.0 18.798742484766407
774 1.0 23.139038800697477
808 1.0 27.292695599132404
809 1.0 23.93775068948324
941 1.0 18.01860444167257
951 1.0 25.40756427571084
