1.1674910872937636
106 1.0 21.237877873941795
131 1.3010299956639813 31.908356378043813
132 1.3010299956639813 31.170157473839097
139 1.3010299956639813 21.045092986540304
141 1.0 19.014107610916184
157 1.3010299956639813 40.355627938282694
190 1.3010299956639813 30.967630313961816
198 1.4771212547196624 19.930084158480717
200 1.0 16.645211904679204
203 1.0 17.809686811690188
228 1.4771212547196624 19.894315832793946
235 1.4771212547196624 23.489746840008912
236 1.3010299956639813 18.969094117495082
23 1.0 18.90126570373093
24 1.0 22.69262746225858
2 1.0 25.653725024939046
306 1.0 16.600338456632596
321 1.3010299956639813 19.38943069849081
339 1.0 17.809686811690188
351 1.0 22.293535126779712
352 1.0 25.386817845441577
356 1.0 16.341214190652384
362 1.0 13.245246508097683
399 1.0 19.13339458833571
3 1.0 25.653725024939046
415 1.0 19.419275690945604
418 1.0 17.08472326939475
422 1.0 15.318690066440361
443 1.0 29.509952060039822
446 1.0 17.40906918615375
459 1.0 16.318175390056652
478 1.0 16.600338456632596
493 1.0 22.45238647455196
497 1.3010299956639813 22.57404561538827
499 2.079181246047625 27.781754633425805
545 1.0 23.297633308982533
569 1.0 34.990949277994865
652 1.4771212547196624 19.930084158480717
654 1.0 22.45238647455196
66 1.3010299956639813 17.276058696601304
671 1.6989700043360187 19.58191513861614
673 1.0 19.039369057845647
674 1.0 18.14076911717772
676 1.0 20.23539889371069
677 1.7781512503836436 19.89770402247368
691 1.6989700043360187 17.91548424436275
780 1.6020599913279625 28.653172853466874
782 1.6020599913279625 28.8122112955473
799 1.3010299956639813 21.750977795505374
800 1.3010299956639813 21.474900607430737
801 1.0 16.7176380868533
805 1.845098040014257 24.462808310936932
809 1.4771212547196624 19.258313969819948
810 2.079181246047625 18.41805748667281
812 1.3010299956639813 21.474900607430737
813 1.0 20.580671285807178
814 1.6989700043360187 26.382740623521833
820 1.3010299956639813 30.967630313961816
827 1.3010299956639813 22.57404561538827
828 2.079181246047625 27.781754633425805
850 1.0 21.84153000413391
871 1.0 25.16854217073077
876 1.0 27.115678493576954
878 1.4771212547196624 33.105865818015594
922 1.0 16.34273553368784
959 1.0 20.989047238821517
967 1.3010299956639813 20.350189453749287
973 1.0 19.582782794447926
