0.9956786262173575
104 1.0 21.315476777332258
116 1.0 21.142493979490386
119 1.0 22.648675884415564
120 1.0 16.42166336328676
121 1.0 25.97780851667672
173 1.0 25.424188320838816
184 1.0 24.619860170608522
190 1.3010299956639813 30.967630313961816
244 1.0 16.48858847797927
245 1.0 15.579322499796028
257 1.6020599913279625 32.04340428656301
258 2.0 34.15368633845293
259 1.4771212547196624 27.067295817703585
260 1.0 40.46004416097286
263 1.0 18.961368666684063
264 1.0 16.714220604471006
265 1.0 23.98572466518575
267 1.0 24.25543451426215
268 1.0 28.048590371713367
270 1.0 27.27789276817213
272 1.0 15.457778110651116
280 1.0 20.36083120666262
285 1.0 30.562929415100232
287 1.0 16.48858847797927
289 1.0 19.318257671242296
327 1.7781512503836436 32.86526353435894
328 1.3010299956639813 24.20016866097684
329 1.3010299956639813 24.995158982809944
331 1.6989700043360187 26.137525464974466
332 1.0 24.231012577485338
356 1.0 16.341214190652384
398 1.4771212547196624 31.04754842191709
41 1.3010299956639813 20.87407005016222
420 1.0 22.69268235247738
421 1.0 19.170545066323047
431 1.0 20.115404335824383
433 1.0 26.035075059878718
457 1.0 24.521319277035015
458 1.0 15.457778110651116
470 1.3010299956639813 23.994543772969674
471 1.0 26.179338818270686
493 1.0 22.45238647455196
499 1.0 27.781754633425805
500 1.0 24.619860170608522
501 1.3010299956639813 18.576070342315386
502 1.0 24.947803517854027
509 1.0 21.57146234433863
513 1.0 18.984876032460487
514 1.3010299956639813 23.1822442953396
519 1.0 25.19479562289961
552 1.3010299956639813 20.441020454368555
556 1.0 32.02299329624464
559 1.7781512503836436 32.39203154477896
562 1.0 23.455333927936188
564 1.0 25.047424451568215
565 1.4771212547196624 24.415044307928472
566 1.0 23.04859528725498
567 1.0 16.259911412831926
569 1.9542425094393248 34.990949277994865
570 1.0 19.48325860666556
571 1.0 29.826229749704215
572 1.0 34.607198595571596
576 1.3010299956639813 21.517861792661158
581 1.0 26.831073433021917
584 1.0 30.950545053399313
596 1.0 19.971318757650213
615 1.0 23.88195453063762
646 1.0 18.504078859130104
654 1.0 22.45238647455196
678 1.0 17.392347547587537
731 1.0 28.951588555136127
732 1.3010299956639813 24.075837860598885
750 1.0 24.739780818458456
769 1.0 19.37976637155202
770 1.4771212547196624 31.04754842191709
773 1.0 23.472958228275314
805 1.3010299956639813 24.462808310936932
806 1.6989700043360187 27.27436952647854
813 1.0 20.580671285807178
818 1.0 19.318257671242296
820 1.3010299956639813 30.967630313961816
828 1.0 27.781754633425805
829 1.0 24.619860170608522
84 1.0 20.94724544657274
852 1.0 20.31196842893302
862 1.0 22.500892102974184
865 1.4771212547196624 36.420319557775116
871 1.0 25.16854217073077
875 1.0 22.430004022861485
876 1.0 27.115678493576954
877 1.0 22.430004022861485
878 1.0 33.105865818015594
89 1.0 16.48858847797927
912 1.0 21.510199531662707
917 1.0 20.297410938444266
918 1.3010299956639813 21.05942217315108
919 1.0 24.20144514632048
923 1.0 21.33531539196555
931 1.0 22.349952035011718
933 1.0 22.32890278912787
970 1.0 20.574683754662654
