1.744727494896694
215 1.0 16.390784482423456
225 1.0 16.31314212731362
243 1.0 25.8105965022697
258 1.0 34.15368633845293
295 1.0 21.53759215073197
337 1.0 25.8105965022697
340 1.0 20.927824358412284
342 1.0 22.806563635018236
343 1.0 20.837214848503734
455 1.3010299956639813 18.409755324317654
456 1.3010299956639813 17.667086492329588
516 1.0 16.59643675700407
548 1.0 19.647259077738575
645 1.0 20.99530825830948
688 1.0 16.363787416979306
943 1.0 19.424340488107244
972 1.0 19.669462220826514
993 1.0 33.541218365030296
