1.4559319556497243
106 1.3010299956639813 21.237877873941795
131 1.0 31.908356378043813
132 1.0 31.170157473839097
133 1.0 27.54885932499107
134 1.0 29.51314963866556
145 1.4771212547196624 38.43033977941447
146 1.0 38.26126400416704
157 1.4771212547196624 40.355627938282694
158 1.3010299956639813 34.64884871982456
160 1.3010299956639813 40.68185651929256
190 1.0 30.967630313961816
209 1.4771212547196624 20.72532624391316
233 1.4771212547196624 20.72532624391316
249 1.0 21.570555711548227
409 1.4771212547196624 20.72532624391316
413 1.3010299956639813 19.214693399908615
418 1.0 17.08472326939475
422 1.0 15.318690066440361
470 1.0 23.994543772969674
471 1.4771212547196624 26.179338818270686
499 1.3010299956639813 27.781754633425805
502 1.4771212547196624 24.947803517854027
544 1.0 16.338553508044296
545 1.0 23.297633308982533
67 1.0 17.749330468393577
805 1.0 24.462808310936932
808 1.0 15.067523577769435
809 1.3010299956639813 19.258313969819948
814 1.0 26.382740623521833
820 1.0 30.967630313961816
828 1.3010299956639813 27.781754633425805
865 1.3010299956639813 36.420319557775116
871 1.845098040014257 25.16854217073077
876 1.6020599913279625 27.115678493576954
878 1.9030899869919435 33.105865818015594
