1.6777807052660807
193 1.0 17.74702978158316
197 1.0 17.97236948828946
209 1.0 20.72532624391316
222 1.0 19.47615277135082
233 1.0 20.72532624391316
260 1.0 40.46004416097286
262 1.0 21.133916878571615
330 1.0 26.423852520632007
335 1.0 27.194637545841633
409 1.0 20.72532624391316
446 1.0 17.40906918615375
447 1.0 18.6211653234297
449 1.0 15.973339287977442
450 1.0 15.76538963474183
493 1.0 22.45238647455196
545 1.0 23.297633308982533
649 1.0 17.74702978158316
651 1.0 17.97236948828946
654 1.0 22.45238647455196
807 1.0 23.916854058840084
993 1.0 33.541218365030296
