1.0915149811213503
140 1.0 22.06065850896495
14 1.0 14.489359616347349
157 1.0 40.355627938282694
15 1.0 14.489359616347349
174 1.0 18.86162482260781
175 1.3010299956639813 22.356903676375765
188 1.0 22.772628792451215
196 1.3010299956639813 21.713143045615993
211 1.0 22.03031942410671
213 1.3010299956639813 18.016798133940682
241 1.0 20.323087997959746
243 1.3010299956639813 25.8105965022697
24 1.6020599913279625 22.69262746225858
270 1.3010299956639813 27.27789276817213
285 1.0 30.562929415100232
295 1.0 21.53759215073197
2 1.7781512503836436 25.653725024939046
321 1.3010299956639813 19.38943069849081
325 1.0 26.246066768442137
327 1.0 32.86526353435894
337 1.3010299956639813 25.8105965022697
349 1.0 18.22236264627707
371 1.0 16.769406485969878
397 1.3010299956639813 15.59311007460044
398 1.4771212547196624 31.04754842191709
3 1.7781512503836436 25.653725024939046
422 1.0 15.318690066440361
431 1.0 20.115404335824383
432 1.3010299956639813 24.66037937080602
433 1.0 26.035075059878718
434 1.3010299956639813 24.448105419498397
440 1.6989700043360187 31.719953794102054
443 1.6020599913279625 29.509952060039822
446 1.3010299956639813 17.40906918615375
470 1.0 23.994543772969674
497 1.4771212547196624 22.57404561538827
505 1.0 20.09259021626153
514 1.3010299956639813 23.1822442953396
518 1.0 20.682013519960595
519 1.0 25.19479562289961
545 1.0 23.297633308982533
561 1.0 20.6139191343978
562 1.0 23.455333927936188
566 1.3010299956639813 23.04859528725498
568 1.0 21.196876683380644
572 1.0 34.607198595571596
5 1.3010299956639813 18.45678502981382
62 1.0 20.323087997959746
645 1.0 20.99530825830948
647 1.0 22.772628792451215
650 1.3010299956639813 21.713143045615993
670 1.0 20.6370767184495
671 1.3010299956639813 19.58191513861614
673 1.0 19.039369057845647
674 1.3010299956639813 18.14076911717772
690 1.0 20.22818021406503
697 1.0 13.203034617031962
732 1.0 24.075837860598885
746 1.0 22.32660375113389
768 1.3010299956639813 15.59311007460044
770 1.4771212547196624 31.04754842191709
772 1.0 23.117420198200822
801 1.4771212547196624 16.7176380868533
805 1.9542425094393248 24.462808310936932
806 1.3010299956639813 27.27436952647854
807 1.4771212547196624 23.916854058840084
80 1.0 15.680631610845849
813 1.3010299956639813 20.580671285807178
814 1.6020599913279625 26.382740623521833
824 1.0 14.185473624911529
827 1.4771212547196624 22.57404561538827
844 1.0 15.562398568103088
862 1.6989700043360187 22.500892102974184
865 1.0 36.420319557775116
871 1.3010299956639813 25.16854217073077
876 1.0 27.115678493576954
878 1.0 33.105865818015594
88 1.0 17.71948261455228
90 1.3010299956639813 21.713143045615993
954 1.0 19.103786648783725
987 1.0 21.088601776656837
