1.6989700043360187
185 1.0 24.640160608655044
187 1.0 25.365184410989947
191 1.0 30.983771998615772
2 1.0 25.673207973589584
3 1.0 25.673207973589584
402 1.3010299956639813 24.177242781351655
500 1.3010299956639813 27.79974623106974
501 1.0 24.640160608655044
512 1.3010299956639813 21.108817330045582
60 1.0 20.310156825129837
733 1.0 24.09659662047416
751 1.0 24.759982935078224
775 1.0 23.494249679152507
777 1.3010299956639813 24.177242781351655
780 2.57978359661681 29.39263705080337
783 1.9030899869919435 24.23640676791617
823 1.0 30.983771998615772
831 1.3010299956639813 27.79974623106974
84 1.0 25.365184410989947
85 1.0 20.97110134921298
