1.3467874862246563
172 1.0 18.832857933573873
187 1.0 18.36761931536485
190 1.0 30.967630313961816
199 1.0 22.603396897878287
218 1.0 20.03551983762025
229 1.0 22.603396897878287
234 1.0 18.103713917062354
260 1.6989700043360187 40.46004416097286
267 1.0 24.25543451426215
268 1.0 28.048590371713367
269 2.0 26.08506226190013
325 1.0 26.246066768442137
326 1.0 21.385169256471997
328 1.0 24.20016866097684
329 1.3010299956639813 24.995158982809944
331 1.0 26.137525464974466
396 1.0 34.747346764383785
398 1.845098040014257 31.04754842191709
420 1.0 22.69268235247738
457 1.0 24.521319277035015
471 1.0 26.179338818270686
502 1.7781512503836436 24.947803517854027
509 1.0 21.57146234433863
540 1.0 18.8619507228725
556 1.4771212547196624 32.02299329624464
564 1.0 25.047424451568215
571 1.0 29.826229749704215
572 1.0 34.607198595571596
581 1.6989700043360187 26.831073433021917
583 1.0 23.271290483826427
584 1.0 30.950545053399313
653 1.0 22.603396897878287
736 1.6020599913279625 14.864916275301095
742 1.0 13.483669057421706
748 1.3010299956639813 22.56508767539272
769 1.4771212547196624 19.37976637155202
770 1.845098040014257 31.04754842191709
772 1.0 23.117420198200822
817 1.0 18.36761931536485
820 1.0 30.967630313961816
871 1.7781512503836436 25.16854217073077
933 1.0 22.32890278912787
938 1.0 17.459496507758143
946 1.0 16.45126582587042
993 1.0 33.541218365030296
