1.4202164033831899
158 1.0 34.64884871982456
186 1.3010299956639813 25.345464687070297
192 1.0 19.898472476859148
202 1.0 18.45137749631327
223 1.0 18.45137749631327
227 1.0 19.245446135136124
236 1.0 18.969094117495082
248 1.0 22.73469994483774
295 1.4771212547196624 21.53759215073197
302 1.0 14.567110784185882
322 1.6020599913279625 19.969477691964787
410 1.3010299956639813 18.329720020247976
418 1.0 17.08472326939475
518 1.0 20.682013519960595
519 1.0 25.19479562289961
524 1.0 20.518967135692183
533 1.0 19.696864101303447
538 1.6020599913279625 20.55751044757001
550 1.0 15.617241077585044
565 1.0 24.415044307928472
57 1.0 16.138865172414302
605 1.0 18.5040994848109
61 1.0 18.45137749631327
642 1.0 19.614776409036214
643 1.0 19.629733620293802
644 1.0 16.138865172414302
648 1.0 19.898472476859148
664 1.0 20.597926648495577
665 1.0 21.956288146883587
66 1.0 17.276058696601304
83 1.3010299956639813 25.345464687070297
944 1.0 19.37627093560627
955 1.0 20.597926648495577
960 1.0 19.164284103879986
961 1.4771212547196624 20.820071638418433
973 1.0 19.582782794447926
983 1.3010299956639813 19.832098688531545
993 1.0 33.541218365030296
