0.6635402661514704
104 1.3010299956639813 21.315476777332258
170 1.0 17.270901992246657
173 1.6020599913279625 25.424188320838816
175 1.4771212547196624 22.356903676375765
192 1.0 19.898472476859148
193 1.0 17.74702978158316
194 1.0 16.794834479301993
195 1.0 16.794834479301993
197 1.6989700043360187 17.97236948828946
198 1.0 19.930084158480717
19 1.4771212547196624 22.88505492845388
204 1.0 18.43335978124768
206 1.4771212547196624 18.772126118491787
207 1.0 18.0557751805786
209 1.4771212547196624 20.72532624391316
210 1.0 19.851353724768064
214 1.3010299956639813 18.685531899177228
222 1.0 19.47615277135082
224 1.0 18.0557751805786
225 1.0 16.31314212731362
227 1.0 19.245446135136124
228 1.0 19.894315832793946
230 1.0 19.818484653329044
231 1.0 18.43335978124768
232 1.4771212547196624 18.772126118491787
233 1.4771212547196624 20.72532624391316
234 1.0 18.103713917062354
235 1.6989700043360187 23.489746840008912
241 1.0 20.323087997959746
242 1.0 17.48060764330447
248 1.0 22.73469994483774
249 1.4771212547196624 21.570555711548227
250 1.0 16.070194442289612
251 1.0 15.91714951082178
259 1.9542425094393248 27.067295817703585
260 2.3979400086720375 40.46004416097286
267 1.0 24.25543451426215
268 2.079181246047625 28.048590371713367
269 1.0 26.08506226190013
277 1.3010299956639813 24.417648522770687
290 1.0 17.858124243150325
294 1.0 18.739543300973466
307 1.6020599913279625 18.45025554098666
308 1.3010299956639813 17.69895328701503
309 1.0 16.353960229243555
316 1.0 16.400885878921038
334 1.0 26.57358007912264
335 1.0 27.194637545841633
336 1.0 17.48060764330447
347 1.3010299956639813 18.41382190706093
349 1.3010299956639813 18.22236264627707
38 1.0 15.242601505439389
392 1.0 14.283168530322774
393 1.0 15.71714517392524
394 1.0 13.494009199570673
395 1.4771212547196624 14.758399668360488
396 1.0 34.747346764383785
397 1.6020599913279625 15.59311007460044
398 1.0 31.04754842191709
399 1.0 19.13339458833571
400 1.0 14.08378662149524
401 1.0 24.1565533242725
402 1.0 16.368602790560463
403 1.0 13.500926207151714
408 1.4771212547196624 18.772126118491787
409 1.4771212547196624 20.72532624391316
410 1.3010299956639813 18.329720020247976
411 1.4771212547196624 21.73531037580023
413 1.3010299956639813 19.214693399908615
414 1.0 16.825205266315407
440 1.0 31.719953794102054
446 1.4771212547196624 17.40906918615375
450 1.0 15.76538963474183
460 1.0 14.356967600895358
472 1.0 20.431753744712537
47 1.4771212547196624 19.524027135780376
480 1.6020599913279625 18.45025554098666
481 1.3010299956639813 17.69895328701503
482 1.0 16.353960229243555
490 1.6020599913279625 18.129559630239218
492 1.0 15.242601505439389
495 1.3010299956639813 17.04471738567224
498 1.0 19.818484653329044
502 1.0 24.947803517854027
504 1.0 17.799185167779708
509 1.0 21.57146234433863
514 1.0 23.1822442953396
519 1.6989700043360187 25.19479562289961
524 1.0 20.518967135692183
527 1.0 21.0997074467684
531 1.0 19.203803572139346
532 1.0 15.834509410850428
533 1.3010299956639813 19.696864101303447
535 1.0 17.779601462975204
541 1.3010299956639813 19.703508556272116
546 1.4771212547196624 20.3971096387274
549 1.0 22.395775493328287
561 1.0 20.6139191343978
564 1.0 25.047424451568215
565 1.6989700043360187 24.415044307928472
569 1.0 34.990949277994865
571 1.3010299956639813 29.826229749704215
576 1.0 21.517861792661158
577 1.0 16.12113380419118
580 2.0413926851582254 25.521710205582426
582 1.0 24.99171329470656
584 1.845098040014257 30.950545053399313
591 1.0 15.92624199010319
599 1.0 18.573663222245116
60 1.0 20.28552366248819
611 1.0 16.37139499661555
614 1.3010299956639813 17.258283162732244
616 1.0 16.2837123301042
617 1.0 16.258590605316485
618 1.0 15.979851330655551
619 1.0 16.002509983007247
620 1.0 15.900698718230329
621 1.0 16.187886783484302
624 1.0 16.24926695969382
62 1.0 20.323087997959746
642 1.3010299956639813 19.614776409036214
645 1.0 20.99530825830948
648 1.0 19.898472476859148
649 1.0 17.74702978158316
651 1.6989700043360187 17.97236948828946
652 1.0 19.930084158480717
655 1.0 19.818484653329044
656 1.0 18.43335978124768
658 1.4771212547196624 18.772126118491787
65 1.4771212547196624 18.816428542926165
661 1.0 19.589103365088256
662 1.0 19.41917384237332
663 1.0 17.854013827579386
665 1.4771212547196624 21.956288146883587
666 1.0 20.41689440117043
668 1.0 17.727873548642012
669 1.0 16.622470868958438
66 1.0 17.276058696601304
670 1.3010299956639813 20.6370767184495
671 1.0 19.58191513861614
672 1.3010299956639813 17.43535257958473
673 1.3010299956639813 19.039369057845647
674 1.0 18.14076911717772
676 1.0 20.23539889371069
677 1.0 19.89770402247368
678 1.0 17.392347547587537
67 1.0 17.749330468393577
68 1.0 17.554437536932625
690 1.0 20.22818021406503
691 1.3010299956639813 17.91548424436275
69 1.0 26.41557398804616
753 1.0 21.70542592404138
768 1.6020599913279625 15.59311007460044
769 1.3010299956639813 19.37976637155202
76 1.0 13.459310544023309
770 1.0 31.04754842191709
771 1.0 25.078312841330952
772 1.0 23.117420198200822
773 1.3010299956639813 23.472958228275314
775 1.0 24.1565533242725
776 1.0 25.809572659595812
777 1.0 28.5636709471766
778 1.0 29.375621062375156
779 1.0 26.762559621671812
780 1.0 28.653172853466874
781 1.0 24.215767859390553
782 1.0 28.8122112955473
783 1.0 15.065543358973835
784 1.0 16.427467569369398
785 1.0 16.33924581085099
786 1.0 16.674504799836235
787 1.0 16.853403753588953
788 1.0 16.44195035074378
789 1.0 16.247732650957825
790 1.0 16.35543624625182
791 1.0 15.027617842401222
792 1.0 15.296720290112676
793 1.0 15.283359784295454
794 1.0 15.391766171743628
795 1.0 13.470927861124082
796 1.0 16.41623255841033
797 1.0 17.68690492205947
798 1.0 19.84500063961507
810 1.0 18.41805748667281
811 1.0 16.52497719495689
814 1.3010299956639813 26.382740623521833
823 1.0 16.794834479301993
825 1.3010299956639813 17.04471738567224
836 1.3010299956639813 13.007485896563807
871 1.0 25.16854217073077
875 1.0 22.430004022861485
877 1.0 22.430004022861485
878 1.0 33.105865818015594
891 1.7781512503836436 20.556957071190386
892 1.6020599913279625 19.44244897613975
893 1.6020599913279625 19.650125642603225
931 1.3010299956639813 22.349952035011718
933 1.0 22.32890278912787
934 1.0 19.043662363227906
939 1.3010299956639813 17.878596309450398
93 1.0 40.4099170367325
942 1.0 17.99083394469146
952 1.0 25.38787746985513
953 1.0 19.174774193635493
960 1.0 19.164284103879986
961 1.0 20.820071638418433
967 1.0 20.350189453749287
970 1.0 20.574683754662654
973 1.4771212547196624 19.582782794447926
976 1.3010299956639813 19.01089422974206
983 1.4771212547196624 19.832098688531545
986 1.3010299956639813 19.998220484206893
991 1.3010299956639813 19.241200976831678
992 1.0 20.972634792127216
994 1.0 16.070194442289612
996 1.0 16.28971068168109
997 1.0 15.91714951082178
