1.7958800173440752
132 1.4771212547196624 31.170157473839097
133 1.0 27.54885932499107
140 1.0 22.06065850896495
145 1.4771212547196624 38.43033977941447
146 1.0 38.26126400416704
154 1.3010299956639813 39.64347606197456
155 1.4771212547196624 32.78554205971943
156 1.0 27.300266473449927
159 2.113943352306837 33.49922392874927
21 1.0 18.02167784870146
382 1.0 23.381346006518903
386 1.0 21.856373350068075
389 1.0 22.987930278533103
741 1.0 21.665271886223913
93 1.3010299956639813 40.4099170367325
993 1.4771212547196624 33.541218365030296
