1.0915149811213503
186 1.0 25.345464687070297
188 1.0 22.772628792451215
192 1.3010299956639813 19.898472476859148
208 1.0 19.715082278253885
212 1.0 19.272892292014472
214 1.0 18.685531899177228
230 1.3010299956639813 19.818484653329044
235 1.0 23.489746840008912
237 1.0 17.76548249061496
241 1.3010299956639813 20.323087997959746
243 1.0 25.8105965022697
248 1.0 22.73469994483774
260 1.6989700043360187 40.46004416097286
269 2.278753600952829 26.08506226190013
277 1.3010299956639813 24.417648522770687
279 1.0 19.349744435445626
280 1.0 20.36083120666262
285 1.0 30.562929415100232
334 1.3010299956639813 26.57358007912264
335 1.0 27.194637545841633
337 1.0 25.8105965022697
345 1.0 17.350406766716183
411 1.6020599913279625 21.73531037580023
412 1.0 19.41595254379453
440 1.0 31.719953794102054
445 1.0 21.739884671677192
471 1.3010299956639813 26.179338818270686
490 1.0 18.129559630239218
493 1.0 22.45238647455196
495 1.0 17.04471738567224
498 1.3010299956639813 19.818484653329044
499 1.0 27.781754633425805
502 1.0 24.947803517854027
509 1.0 21.57146234433863
522 1.0 19.672274363144883
523 1.6020599913279625 18.160502520733715
527 1.4771212547196624 21.0997074467684
529 1.3010299956639813 16.990062759002303
530 1.4771212547196624 20.54820717542731
532 1.0 15.834509410850428
533 1.6020599913279625 19.696864101303447
538 1.4771212547196624 20.55751044757001
543 1.4771212547196624 21.709967055619686
545 1.0 23.297633308982533
548 1.0 19.647259077738575
551 1.0 21.162559580914515
555 1.0 21.325804237253536
558 1.0 21.15084713075001
576 1.4771212547196624 21.517861792661158
593 1.3010299956639813 21.456267665239462
605 1.3010299956639813 18.5040994848109
62 1.3010299956639813 20.323087997959746
645 1.6989700043360187 20.99530825830948
647 1.0 22.772628792451215
648 1.3010299956639813 19.898472476859148
654 1.0 22.45238647455196
655 1.3010299956639813 19.818484653329044
661 1.6989700043360187 19.589103365088256
662 1.4771212547196624 19.41917384237332
690 1.0 20.22818021406503
731 1.0 28.951588555136127
805 1.0 24.462808310936932
806 1.3010299956639813 27.27436952647854
807 1.6989700043360187 23.916854058840084
811 1.0 16.52497719495689
813 1.0 20.580671285807178
814 1.4771212547196624 26.382740623521833
825 1.0 17.04471738567224
828 1.0 27.781754633425805
83 1.0 25.345464687070297
84 1.0 20.94724544657274
912 1.0 21.510199531662707
917 1.0 20.297410938444266
919 1.0 24.20144514632048
936 1.4771212547196624 21.526279874452115
948 1.6989700043360187 19.383510389270164
960 1.0 19.164284103879986
969 1.0 20.721079216106737
990 1.0 17.043147830109415
992 1.0 20.972634792127216
993 1.6020599913279625 33.541218365030296
