1.6382721639824072
175 1.845098040014257 22.356903676375765
260 1.7781512503836436 40.46004416097286
266 1.0 20.247891051811926
268 1.3010299956639813 28.048590371713367
275 1.0 20.27889021374396
371 1.0 16.769406485969878
38 1.0 15.242601505439389
411 1.3010299956639813 21.73531037580023
412 1.3010299956639813 19.41595254379453
444 1.0 16.89424162983062
446 1.0 17.40906918615375
447 1.0 18.6211653234297
492 1.0 15.242601505439389
543 1.3010299956639813 21.709967055619686
584 1.0 30.950545053399313
662 1.6020599913279625 19.41917384237332
664 1.4771212547196624 20.597926648495577
667 1.0 16.465785588330146
683 1.0 16.907222831124663
697 1.0 13.203034617031962
955 1.4771212547196624 20.597926648495577
982 1.0 19.01404692868626
993 1.0 33.541218365030296
