1.337242168318426
108 1.0 13.12410324363886
118 1.3010299956639813 14.722236801759516
132 1.3010299956639813 31.9240224086541
133 1.4771212547196624 31.18619433249154
158 1.0 40.36801588254125
1 1.0 24.099314783282633
210 1.6989700043360187 20.74943729156614
213 1.0 19.298818028563065
234 1.6989700043360187 20.74943729156614
283 1.0 19.116081351354293
335 1.845098040014257 26.592389103304416
397 1.0 34.76173337398946
410 1.6989700043360187 20.74943729156614
43 1.0 17.141090857518964
441 1.4771212547196624 31.735712827979288
49 1.0 16.36609320638818
503 1.0 24.96783731854743
537 1.0 17.141090857518964
545 1.4771212547196624 16.369127366332837
556 1.0 21.34923713779162
559 1.0 21.174473649853873
661 1.0 17.17957125410552
680 1.0 15.775358504069235
693 1.0 16.43520777799439
733 1.3010299956639813 24.09659662047416
734 1.3010299956639813 16.710350266628105
747 1.0 22.34898733858306
751 1.0 24.759982935078224
752 1.0 15.72129036276342
754 1.0 21.72844942797455
77 1.0 16.90578733542276
795 1.0 15.316040163704834
796 1.0 15.424216864581213
798 1.0 16.44666201427546
800 1.0 19.870179928383198
801 1.0 21.773953133516383
802 1.0 21.49817099427365
814 1.0 21.49817099427365
817 1.0 16.90578733542276
859 1.0 17.03148242460064
874 1.0 15.628378267266886
878 1.0 27.134111744574057
87 1.3010299956639813 24.835731385689954
881 1.0 15.999505166650179
917 1.0 21.083151146519995
99 1.0 15.628378267266886
