1.8239087409443189
171 1.0 13.78444399364049
398 1.3010299956639813 31.04754842191709
410 1.0 18.329720020247976
472 1.0 20.431753744712537
514 1.0 23.1822442953396
560 1.3010299956639813 26.176582993590046
581 1.4771212547196624 26.831073433021917
770 1.3010299956639813 31.04754842191709
772 1.0 23.117420198200822
810 1.0 18.41805748667281
865 1.9542425094393248 36.420319557775116
867 1.4771212547196624 20.329143187123556
876 1.6989700043360187 27.115678493576954
878 1.4771212547196624 33.105865818015594
903 1.0 16.756624857433575
