1.0
104 1.3010299956639813 21.315476777332258
131 1.3010299956639813 31.908356378043813
132 1.3010299956639813 31.170157473839097
133 1.4771212547196624 27.54885932499107
135 1.0 23.727421112255122
157 1.3010299956639813 40.355627938282694
158 1.6020599913279625 34.64884871982456
160 1.7781512503836436 40.68185651929256
173 1.0 25.424188320838816
187 1.0 18.36761931536485
190 1.9030899869919435 30.967630313961816
19 1.0 22.88505492845388
206 1.6020599913279625 18.772126118491787
211 1.0 22.03031942410671
21 1.0 18.02167784870146
222 1.3010299956639813 19.47615277135082
232 1.6020599913279625 18.772126118491787
23 1.0 18.90126570373093
249 1.0 21.570555711548227
25 1.3010299956639813 18.14737887225271
265 1.0 23.98572466518575
270 1.3010299956639813 27.27789276817213
277 1.3010299956639813 24.417648522770687
2 1.3010299956639813 25.653725024939046
321 1.0 19.38943069849081
338 1.0 21.754781863703386
375 1.0 15.228685515885264
396 1.0 34.747346764383785
397 1.0 15.59311007460044
3 1.3010299956639813 25.653725024939046
404 1.0 14.731292035069075
405 1.0 17.108838352647496
406 1.0 16.1759267221591
407 1.4771212547196624 14.742151426884002
408 1.6020599913279625 18.772126118491787
410 1.845098040014257 18.329720020247976
411 1.0 21.73531037580023
412 1.0 19.41595254379453
413 1.4771212547196624 19.214693399908615
414 1.6020599913279625 16.825205266315407
415 1.3010299956639813 19.419275690945604
419 1.4771212547196624 16.410243719356703
420 1.3010299956639813 22.69268235247738
421 1.0 19.170545066323047
422 1.0 15.318690066440361
430 1.0 21.053048712370824
431 1.845098040014257 20.115404335824383
432 1.0 24.66037937080602
434 1.0 24.448105419498397
436 1.0 16.48783672419816
440 1.4771212547196624 31.719953794102054
444 1.7781512503836436 16.89424162983062
470 1.6989700043360187 23.994543772969674
471 1.0 26.179338818270686
472 1.845098040014257 20.431753744712537
486 1.0 19.08673079463014
488 1.0 18.786565844786978
493 1.3010299956639813 22.45238647455196
497 1.3010299956639813 22.57404561538827
505 1.0 20.09259021626153
518 1.3010299956639813 20.682013519960595
527 1.0 21.0997074467684
543 1.0 21.709967055619686
57 1.0 16.138865172414302
581 1.0 26.831073433021917
642 1.3010299956639813 19.614776409036214
644 1.0 16.138865172414302
654 1.3010299956639813 22.45238647455196
658 1.6020599913279625 18.772126118491787
666 1.4771212547196624 20.41689440117043
681 1.0 18.065059521538757
729 1.0 15.202096945171302
768 1.0 15.59311007460044
772 1.0 23.117420198200822
77 1.0 16.876185748875265
797 1.7781512503836436 17.68690492205947
798 1.7781512503836436 19.84500063961507
7 1.4771212547196624 20.637992374919182
801 1.6989700043360187 16.7176380868533
805 2.5563025007672873 24.462808310936932
806 2.255272505103306 27.27436952647854
807 2.3222192947339195 23.916854058840084
80 1.0 15.680631610845849
810 1.7781512503836436 18.41805748667281
813 1.6989700043360187 20.580671285807178
814 1.9542425094393248 26.382740623521833
815 1.0 16.876185748875265
817 1.0 18.36761931536485
820 1.9030899869919435 30.967630313961816
827 1.3010299956639813 22.57404561538827
862 1.0 22.500892102974184
865 1.6989700043360187 36.420319557775116
867 1.0 20.329143187123556
871 1.6989700043360187 25.16854217073077
875 1.0 22.430004022861485
876 1.0 27.115678493576954
877 1.0 22.430004022861485
878 1.9542425094393248 33.105865818015594
931 1.0 22.349952035011718
985 1.0 17.667633952974512
