1.337242168318426
107 1.3010299956639813 21.261407681253527
132 1.0 31.9240224086541
133 1.0 31.18619433249154
134 1.3010299956639813 27.567002922119546
138 1.0 22.291356872514033
143 1.0 21.629493927449314
144 1.0 19.628955678670632
146 1.0 38.443348131520054
148 1.0 39.73153365749456
149 1.3010299956639813 36.714155384577936
154 1.0 38.92312411360697
155 1.4771212547196624 39.65608647202028
158 1.3010299956639813 40.36801588254125
159 1.3010299956639813 34.663276209978875
161 1.3010299956639813 40.68786868352573
185 1.0 24.640160608655044
191 1.0 30.983771998615772
249 1.0 22.75668213035031
24 1.0 22.714650363605696
258 1.3010299956639813 32.05900432440354
259 1.0 34.168322910342354
286 1.3010299956639813 30.579284727285547
296 1.0 21.560794875219035
332 1.0 26.156648054217282
351 1.0 19.334505504177955
353 1.0 25.406505472371265
486 1.0 18.698257556219072
487 1.0 19.112909051912595
489 1.0 18.813161782127867
497 1.0 21.557388215952543
501 1.0 24.640160608655044
567 1.3010299956639813 23.07027838400899
646 1.0 21.019109611528222
681 1.0 17.041421373778608
69 1.3010299956639813 26.43449543906486
751 1.0 24.759982935078224
773 1.4771212547196624 25.098242467704086
803 1.0 16.74751991200512
823 1.0 30.983771998615772
829 1.0 21.557388215952543
852 1.6020599913279625 21.864410189197464
867 2.0 36.43404557128479
873 1.845098040014257 25.188400405739408
878 1.4771212547196624 27.134111744574057
880 1.6020599913279625 33.12096543823041
94 1.0 40.42228834338309
