1.494850021680094
147 1.0 39.718947201261805
159 1.0 33.49922392874927
163 1.0 29.043663537477517
172 1.0 18.832857933573873
184 1.0 24.619860170608522
205 1.0 18.02662549969417
334 1.0 26.57358007912264
396 1.6989700043360187 34.747346764383785
422 1.0 15.318690066440361
470 1.0 23.994543772969674
497 1.3010299956639813 22.57404561538827
499 1.0 27.781754633425805
500 1.0 24.619860170608522
509 1.0 21.57146234433863
560 1.0 26.176582993590046
642 1.0 19.614776409036214
657 1.0 18.02662549969417
732 1.3010299956639813 24.075837860598885
750 1.3010299956639813 24.739780818458456
805 1.0 24.462808310936932
807 1.0 23.916854058840084
827 1.3010299956639813 22.57404561538827
828 1.0 27.781754633425805
829 1.0 24.619860170608522
862 1.0 22.500892102974184
865 2.0 36.420319557775116
871 1.3010299956639813 25.16854217073077
875 1.3010299956639813 22.430004022861485
876 1.6989700043360187 27.115678493576954
877 1.3010299956639813 22.430004022861485
878 1.9542425094393248 33.105865818015594
91 1.0 21.379518228894476
