1.6020599913279623
255 1.4771212547196624 16.767843670427574
288 1.0 19.392382017280667
289 1.0 19.318257671242296
341 1.0 19.392382017280667
396 1.0 34.747346764383785
401 1.0 24.1565533242725
611 1.0 16.37139499661555
612 1.6020599913279625 22.300659992929845
615 1.9542425094393248 23.88195453063762
623 1.0 16.469393434006214
631 1.3010299956639813 19.950177336902193
632 1.0 22.247424428787344
633 1.0 20.514540434900287
775 1.0 24.1565533242725
776 2.113943352306837 25.809572659595812
777 1.7781512503836436 28.5636709471766
778 2.6434526764861874 29.375621062375156
779 2.0413926851582254 26.762559621671812
780 1.6020599913279625 28.653172853466874
781 1.7781512503836436 24.215767859390553
782 1.0 28.8122112955473
818 1.0 19.318257671242296
910 1.7781512503836436 17.02047450238395
927 1.0 15.57201869317147
977 1.0 19.099167857362065
