0.8632794328435932
100 1.4771212547196624 15.756951807688566
109 1.6020599913279625 15.561030750337954
116 1.0 16.285640371001193
185 2.079181246047625 24.640160608655044
187 1.0 25.365184410989947
190 1.6989700043360187 20.72132492096882
197 1.6020599913279625 21.73615837537494
1 1.0 24.099314783282633
201 1.0 16.675223517292782
202 1.0 16.202778266288398
204 1.3010299956639813 17.837739327910686
209 1.0 19.7404272810474
214 1.0 18.044528672125754
220 1.0 15.886881268828224
235 1.0 18.131311524289607
236 1.6989700043360187 23.511023087218234
244 1.4771212547196624 25.829961126625353
245 1.0 16.518884647461846
247 1.0 17.92587263398071
254 1.0 16.42690925065229
255 1.3010299956639813 16.359891446453577
258 1.3010299956639813 32.05900432440354
259 1.3010299956639813 34.168322910342354
261 1.0 40.472400145134394
284 1.6020599913279625 16.021430614511992
285 1.6020599913279625 27.333530767834674
286 1.0 30.579284727285547
288 1.0 16.518884647461846
2 1.0 25.673207973589584
306 1.0 18.739668070348888
310 1.0 16.384505338266393
311 1.0 18.601480963958362
314 1.0 16.718741339460014
316 1.0 16.866249934906318
335 1.4771212547196624 26.592389103304416
336 1.845098040014257 27.213017312486674
338 1.4771212547196624 25.829961126625353
340 1.3010299956639813 17.837739327910686
372 1.0 16.799196227548762
397 1.0 34.76173337398946
399 1.0 31.06364857854412
3 1.0 25.673207973589584
413 1.0 19.441687508621293
441 1.0 31.735712827979288
44 1.0 15.731627971229939
454 1.0 16.518884647461846
458 1.9542425094393248 17.695365074715316
459 1.4771212547196624 24.541701226408268
471 1.0 24.01537280312254
476 1.0 15.745555167328087
482 2.079181246047625 19.755861749534457
483 1.7781512503836436 14.843383405093189
484 1.0 16.33121855046969
485 1.3010299956639813 14.548650732915977
495 1.845098040014257 16.86418674665899
497 1.0 21.557388215952543
498 1.4771212547196624 22.596184090364247
49 1.0 16.36609320638818
500 1.6989700043360187 27.79974623106974
501 2.079181246047625 24.640160608655044
504 1.0 18.391649858504977
514 1.0 19.011194543423425
515 1.7781512503836436 23.20380250236597
520 1.3010299956639813 25.214633181541256
522 1.0 16.167444031550037
525 1.0 20.543320381954224
545 1.0 16.369127366332837
546 1.3010299956639813 23.31908484052949
550 1.4771212547196624 22.418090015600434
561 1.6989700043360187 26.19567707123272
563 1.3010299956639813 23.476641362660768
564 1.0 15.731627971229939
565 1.0 25.067378635529828
567 1.3010299956639813 23.07027838400899
572 1.0 29.842988809469816
574 1.4771212547196624 16.969820351885488
584 1.0 23.292766275876946
593 1.0 18.09585950831236
594 1.0 21.479558238529965
597 1.7781512503836436 19.996338987916545
613 1.3010299956639813 22.32306959448592
616 1.7781512503836436 23.902881671535816
618 1.0 16.289314548847216
621 1.0 15.932112845694121
629 1.0 17.460816329506702
633 1.0 22.269887599954423
634 1.0 20.53889892996114
651 1.6020599913279625 21.73615837537494
664 1.3010299956639813 17.88199680559741
666 1.0 21.979048869070308
668 1.0 16.496123636808157
66 1.0 17.304976281070527
671 1.0 20.661290750656658
680 1.0 15.775358504069235
706 1.0 13.12410324363886
732 1.4771212547196624 28.96885361670166
751 1.0 24.759982935078224
771 1.0 19.405549325281637
772 1.0 31.06364857854412
774 1.0 23.139038800697477
778 1.0 25.828938051552868
779 1.4771212547196624 28.58117033955364
780 1.4771212547196624 29.39263705080337
781 1.3010299956639813 26.78123592188267
782 1.0 28.670617617530514
809 1.6020599913279625 23.93775068948324
812 1.0 18.445184780380607
822 1.6989700043360187 20.72132492096882
829 1.0 21.557388215952543
830 1.4771212547196624 22.596184090364247
831 1.6989700043360187 27.79974623106974
84 1.0 25.365184410989947
852 1.0 21.864410189197464
867 1.3010299956639813 36.43404557128479
87 1.3010299956639813 24.835731385689954
884 1.845098040014257 16.86418674665899
887 1.0 18.739668070348888
892 1.0 16.384505338266393
896 1.4771212547196624 15.756951807688566
901 1.3010299956639813 13.303804660743335
907 1.3010299956639813 16.02381405871867
908 2.079181246047625 18.24824091238585
91 1.6020599913279625 21.73615837537494
921 1.4771212547196624 16.37330158288374
925 1.3010299956639813 17.14677502578712
934 1.6020599913279625 16.479445906159526
947 1.0 19.409288369513817
953 1.0 19.129941566095997
958 1.6020599913279625 21.012855683925522
959 1.0 19.190356568188804
961 1.4771212547196624 18.914849636919964
966 1.0 20.37474443529265
968 1.3010299956639813 20.745195199857015
978 1.0 19.932540595234652
982 1.0 19.85729433713603
998 1.0 16.42690925065229
999 1.3010299956639813 16.359891446453577
