1.4685210829577449
113 1.845098040014257 16.83451201033724
184 2.079181246047625 24.619860170608522
186 1.0 25.345464687070297
1 1.0 24.469666509833758
200 1.0 16.645211904679204
213 1.3010299956639813 18.016798133940682
308 1.0 17.69895328701503
315 1.0 16.836578834986856
340 1.0 20.927824358412284
396 1.3010299956639813 34.747346764383785
44 1.0 15.69981269395225
481 1.0 17.69895328701503
494 1.845098040014257 16.83451201033724
500 2.079181246047625 24.619860170608522
505 1.0 20.09259021626153
519 1.0 25.19479562289961
552 1.0 20.441020454368555
560 1.0 26.176582993590046
562 1.0 23.455333927936188
563 1.0 15.69981269395225
564 1.3010299956639813 25.047424451568215
565 1.4771212547196624 24.415044307928472
573 1.0 16.9403306571999
612 1.3010299956639813 22.300659992929845
615 1.0 23.88195453063762
633 1.0 20.514540434900287
829 2.079181246047625 24.619860170608522
83 1.0 25.345464687070297
888 1.0 16.836578834986856
892 1.0 19.44244897613975
893 1.3010299956639813 19.650125642603225
894 1.0 16.508326051842978
918 1.0 21.05942217315108
99 1.0 16.508326051842978
