1.6777807052660807
172 1.0 18.832857933573873
184 1.3010299956639813 24.619860170608522
188 1.0 22.772628792451215
218 1.0 20.03551983762025
235 1.0 23.489746840008912
285 1.0 30.562929415100232
325 1.0 26.246066768442137
328 1.0 24.20016866097684
329 1.0 24.995158982809944
398 1.0 31.04754842191709
433 1.3010299956639813 26.035075059878718
500 1.3010299956639813 24.619860170608522
545 1.0 23.297633308982533
562 1.4771212547196624 23.455333927936188
570 1.0 19.48325860666556
571 1.0 29.826229749704215
596 1.0 19.971318757650213
647 1.0 22.772628792451215
661 1.0 19.589103365088256
770 1.0 31.04754842191709
829 1.3010299956639813 24.619860170608522
