1.408935392973501
158 1.0 40.36801588254125
209 1.3010299956639813 19.7404272810474
210 1.0 20.74943729156614
212 1.0 22.053003739358804
215 1.0 18.71227143762001
228 1.0 19.271408794907185
234 1.0 20.74943729156614
235 1.0 18.131311524289607
246 1.0 15.611383332448497
247 1.0 17.92587263398071
248 1.0 16.370386131129504
273 1.0 15.490090513554941
281 1.0 20.385373369801357
344 1.0 20.86119657744264
399 1.0 31.06364857854412
410 1.0 20.74943729156614
418 1.0 15.939621763732179
419 1.0 17.11396415772215
47 1.0 19.549619832587243
496 1.0 17.074026788002808
503 1.3010299956639813 24.96783731854743
519 1.3010299956639813 20.706175002637085
525 1.0 20.543320381954224
579 1.0 17.22512975082521
646 1.0 21.019109611528222
662 1.0 19.61461115210067
680 1.0 15.775358504069235
681 1.0 17.041421373778608
685 1.0 17.991995194459328
686 1.0 17.204501418003492
687 1.0 17.191449064838324
688 1.3010299956639813 19.47837054680664
696 1.0 19.78611774450118
772 1.0 31.06364857854412
818 1.0 15.490090513554941
828 1.0 17.074026788002808
85 1.7781512503836436 20.97110134921298
969 1.0 20.598971129752556
991 1.0 20.996461847748183
