1.1549019599857433
133 1.3010299956639813 27.54885932499107
135 1.0 23.727421112255122
136 1.0 22.900372757632663
137 1.4771212547196624 22.26891535791042
138 1.3010299956639813 17.408752168168547
141 1.3010299956639813 19.014107610916184
143 1.0 19.603466556586774
146 1.3010299956639813 38.26126400416704
147 1.6989700043360187 39.718947201261805
148 1.0 36.70053413239285
149 1.6020599913279625 30.628195318865107
152 1.0 27.106140088612186
153 2.0413926851582254 38.91027615891787
154 1.6020599913279625 39.64347606197456
155 1.6989700043360187 32.78554205971943
156 1.3010299956639813 27.300266473449927
157 1.6020599913279625 40.355627938282694
161 1.0 29.183057629910973
162 1.0 27.42647719561716
163 1.3010299956639813 29.043663537477517
236 1.3010299956639813 18.969094117495082
23 1.0 18.90126570373093
282 1.0 19.08990744429096
283 1.0 15.990191960562015
308 1.3010299956639813 17.69895328701503
334 1.0 26.57358007912264
378 1.3010299956639813 24.653480438007165
382 1.0 23.381346006518903
386 1.4771212547196624 21.856373350068075
389 1.0 22.987930278533103
415 1.0 19.419275690945604
447 1.0 18.6211653234297
449 1.0 15.973339287977442
481 1.3010299956639813 17.69895328701503
486 1.3010299956639813 19.08673079463014
493 1.7781512503836436 22.45238647455196
538 1.4771212547196624 20.55751044757001
545 1.0 23.297633308982533
546 1.0 20.3971096387274
56 1.0 16.008658872883498
625 1.0 16.008658872883498
654 1.7781512503836436 22.45238647455196
735 1.4771212547196624 26.464092456397857
737 1.4771212547196624 23.235022308206137
741 1.0 21.665271886223913
748 1.0 22.56508767539272
749 1.0 20.209996528594978
771 1.3010299956639813 25.078312841330952
774 1.0 20.078881121899666
776 1.4771212547196624 25.809572659595812
777 1.4771212547196624 28.5636709471766
778 1.6020599913279625 29.375621062375156
779 1.4771212547196624 26.762559621671812
780 1.3010299956639813 28.653172853466874
781 1.6020599913279625 24.215767859390553
782 1.845098040014257 28.8122112955473
807 1.0 23.916854058840084
814 1.0 26.382740623521833
86 1.6020599913279625 24.815590935179138
894 1.0 16.508326051842978
903 1.0 16.756624857433575
915 1.3010299956639813 15.830828169778773
939 1.3010299956639813 17.878596309450398
93 1.0 40.4099170367325
944 1.0 19.37627093560627
952 1.0 25.38787746985513
959 1.4771212547196624 20.989047238821517
981 1.4771212547196624 18.147091699710654
993 1.3010299956639813 33.541218365030296
99 1.0 16.508326051842978
