1.6989700043360187
160 1.0 33.51414632402991
211 1.0 19.87652496554322
249 1.0 22.75668213035031
258 1.3010299956639813 32.05900432440354
259 1.0 34.168322910342354
326 1.0 26.265110333168654
331 1.0 26.442768047844584
332 1.3010299956639813 26.156648054217282
350 1.0 18.249780831901347
669 1.0 17.756055320837486
671 1.0 20.661290750656658
812 1.3010299956639813 18.445184780380607
873 1.0 25.188400405739408
877 1.0 22.452284526648562
879 1.0 22.452284526648562
880 1.3010299956639813 33.12096543823041
947 1.0 19.409288369513817
94 1.0 40.42228834338309
957 1.3010299956639813 18.152757365381166
992 1.0 33.556122085405605
