1.6989700043360187
200 1.0 22.625506653399253
230 1.0 22.625506653399253
248 1.3010299956639813 16.370386131129504
266 1.0 24.006561347142163
283 1.0 19.116081351354293
331 1.0 26.442768047844584
333 1.0 24.251638512278973
336 1.0 27.213017312486674
343 1.0 22.828476621056783
51 1.0 16.49843751688567
542 1.0 19.728868427436186
543 1.0 18.30187230227827
577 1.0 21.541085769479377
579 1.0 17.22512975082521
580 1.0 16.49843751688567
654 1.0 22.625506653399253
877 1.0 22.452284526648562
879 1.0 22.452284526648562
940 1.0 16.052956231011144
992 1.4771212547196624 33.556122085405605
