1.3979400086720377
122 1.0 25.99704858881334
123 1.0 21.94118068747015
138 1.0 22.291356872514033
147 1.0 38.27432982034523
148 1.0 39.73153365749456
160 1.3010299956639813 33.51414632402991
209 1.0 19.7404272810474
210 1.0 20.74943729156614
215 1.3010299956639813 18.71227143762001
234 1.0 20.74943729156614
238 1.0 17.79360469731602
318 1.0 15.856318953483731
380 1.0 15.615254870204684
410 1.0 20.74943729156614
441 1.7781512503836436 31.735712827979288
445 1.0 16.923811634708713
449 1.0 16.13298238638009
452 1.0 15.65046621316542
541 1.0 18.888440514559967
548 1.0 19.056516086799924
557 1.0 32.03860327247943
558 1.6020599913279625 29.49056558466878
569 1.0 21.220451953962858
573 1.3010299956639813 34.62164344212061
597 1.3010299956639813 19.996338987916545
613 1.0 22.32306959448592
733 1.0 24.09659662047416
751 1.0 24.759982935078224
809 1.0 23.93775068948324
810 1.0 15.100671070076253
811 1.0 19.284259305458484
815 1.0 20.604951603302737
867 1.0 36.43404557128479
880 1.3010299956639813 33.12096543823041
897 1.4771212547196624 15.971940710676494
919 1.0 17.121724244752095
930 1.0 22.37231226242215
946 1.0 19.482666389137716
951 1.0 25.40756427571084
956 1.0 20.484965365855015
