1.7958800173440752
126 1.0 19.10717613125738
132 1.0 31.9240224086541
137 1.0 22.922196064917607
160 1.3010299956639813 33.51414632402991
174 1.0 25.443847031718235
175 1.0 18.88811507135678
188 1.4771212547196624 18.394820991631416
206 1.0 18.054340943557705
385 1.0 18.664082738893658
399 1.0 31.06364857854412
444 1.0 29.526890635247195
506 1.4771212547196624 20.117459620901656
658 1.0 18.054340943557705
772 1.0 31.06364857854412
820 1.4771212547196624 18.394820991631416
963 1.0 18.42775682251999
