1.3279021420642825
107 1.0 21.261407681253527
122 1.0 25.99704858881334
123 1.3010299956639813 21.94118068747015
131 1.0 12.932211177895763
133 1.3010299956639813 31.18619433249154
137 1.0 22.922196064917607
143 1.0 21.629493927449314
147 1.0 38.27432982034523
189 1.0 22.794574400913437
199 1.0 19.95515608969582
212 1.3010299956639813 22.053003739358804
217 1.0 16.75160018454076
229 1.0 19.919432784468437
238 1.0 17.79360469731602
258 1.6020599913279625 32.05900432440354
25 1.0 18.174910176754217
263 1.0 21.157562303591927
28 1.0 13.960944211158973
2 1.0 25.673207973589584
375 1.0 18.075636329874662
397 1.0 34.76173337398946
3 1.0 25.673207973589584
433 1.0 24.68064648083747
435 1.0 24.468548355039516
441 1.0 31.735712827979288
451 1.3010299956639813 15.797072840726699
490 1.0 13.960944211158973
527 1.0 20.61363026869414
528 1.0 21.12339116570097
584 1.0 23.292766275876946
648 1.0 22.794574400913437
653 1.0 19.95515608969582
671 1.0 20.661290750656658
675 1.3010299956639813 18.16831043775807
681 1.0 17.041421373778608
773 1.3010299956639813 25.098242467704086
7 1.0 20.662205334068826
808 1.0 27.292695599132404
867 1.3010299956639813 36.43404557128479
880 1.6020599913279625 33.12096543823041
922 1.0 21.35873785771627
932 1.0 22.35128407421646
969 1.0 20.598971129752556
971 1.3010299956639813 19.694865931417798
975 1.0 19.03717677110868
984 1.0 17.695911660502205
991 1.0 20.996461847748183
