1.494850021680094
173 1.0 25.424188320838816
234 1.0 18.103713917062354
243 1.0 25.8105965022697
258 1.0 34.15368633845293
260 1.0 40.46004416097286
269 1.0 26.08506226190013
280 1.0 20.36083120666262
285 1.3010299956639813 30.562929415100232
326 1.0 21.385169256471997
337 1.0 25.8105965022697
340 1.0 20.927824358412284
421 1.0 19.170545066323047
443 1.0 29.509952060039822
445 1.0 21.739884671677192
533 1.0 19.696864101303447
539 1.0 23.34826527667759
543 1.0 21.709967055619686
548 1.0 19.647259077738575
556 1.0 32.02299329624464
576 1.0 21.517861792661158
646 1.0 18.504078859130104
672 1.0 17.43535257958473
746 1.0 22.32660375113389
751 1.0 15.689454122764054
915 1.0 15.830828169778773
961 1.0 20.820071638418433
963 1.0 17.01734493522861
969 1.0 20.721079216106737
970 1.0 20.574683754662654
971 1.0 18.789785549650443
987 1.0 21.088601776656837
993 1.3010299956639813 33.541218365030296
