1.5086383061657274
14 1.0 14.523826702761134
150 1.0 30.64451579794581
155 1.0 39.65608647202028
15 1.0 14.523826702761134
163 1.6989700043360187 27.444701699266258
164 1.3010299956639813 29.060873897358988
189 1.3010299956639813 22.794574400913437
194 1.0 17.77518118243523
198 1.0 18.00016847208931
204 1.3010299956639813 17.837739327910686
336 1.0 27.213017312486674
340 1.3010299956639813 17.837739327910686
341 1.0 20.951702374187988
379 1.0 24.673753214847594
387 1.0 21.87923801272718
436 1.0 18.15542263413017
494 1.0 22.47464478924292
528 1.0 21.12339116570097
546 1.0 23.31908484052949
648 1.3010299956639813 22.794574400913437
650 1.0 17.77518118243523
652 1.0 18.00016847208931
655 1.0 22.47464478924292
736 1.0 26.48297924216182
780 1.0 29.39263705080337
782 1.0 28.670617617530514
809 1.0 23.93775068948324
877 1.0 22.452284526648562
879 1.0 22.452284526648562
897 1.0 15.971940710676494
980 1.0 18.174623439227215
