1.6575773191777938
19 1.0 22.906892828979473
204 1.0 17.837739327910686
22 1.3010299956639813 20.042266187907835
23 1.3010299956639813 18.927700473196293
24 1.3010299956639813 22.714650363605696
25 1.0 18.174910176754217
2 1.0 25.673207973589584
340 1.0 17.837739327910686
350 1.0 18.249780831901347
351 1.0 19.334505504177955
3 1.0 25.673207973589584
502 1.0 18.60296721930803
65 1.0 18.842982330593173
669 1.0 17.756055320837486
673 1.0 17.464006401007527
678 1.3010299956639813 19.909993307821388
679 1.0 17.421072102946884
681 1.0 17.041421373778608
685 1.0 17.991995194459328
691 1.3010299956639813 20.252883122476465
694 1.0 18.13228138623654
7 1.3010299956639813 20.662205334068826
