1.5528419686577808
120 1.0 22.67074148141845
185 1.0 24.640160608655044
212 1.0 22.053003739358804
259 1.0 34.168322910342354
261 1.3010299956639813 40.472400145134394
267 1.0 20.272569941821523
268 1.0 24.276039699169623
270 1.3010299956639813 26.10422328297102
280 1.0 19.375567339230585
281 1.0 20.385373369801357
328 1.0 32.88047364596294
329 1.0 24.220820861806594
330 1.0 25.015154858124397
41 1.0 20.898009485572526
501 1.0 24.640160608655044
553 1.0 20.46546645488232
557 1.4771212547196624 32.03860327247943
558 1.3010299956639813 29.49056558466878
560 1.0 32.40746376373745
570 1.0 35.00523577088447
581 1.0 25.541293855592556
582 1.3010299956639813 26.849702075967517
585 1.0 30.96669564390913
646 1.0 21.019109611528222
665 1.0 20.62218664974217
917 1.0 21.083151146519995
935 1.0 21.549494779071786
954 1.0 20.62218664974217
