1.6575773191777938
190 1.3010299956639813 30.967630313961816
289 1.845098040014257 19.318257671242296
334 2.0413926851582254 26.57358007912264
497 1.3010299956639813 22.57404561538827
544 1.6020599913279625 16.338553508044296
66 1.0 17.276058696601304
776 1.4771212547196624 25.809572659595812
777 1.3010299956639813 28.5636709471766
778 1.4771212547196624 29.375621062375156
780 1.3010299956639813 28.653172853466874
782 1.3010299956639813 28.8122112955473
818 1.845098040014257 19.318257671242296
820 1.3010299956639813 30.967630313961816
827 1.3010299956639813 22.57404561538827
86 1.6020599913279625 24.815590935179138
875 1.0 22.430004022861485
877 1.0 22.430004022861485
932 1.0 19.543680316998906
938 1.6989700043360187 17.459496507758143
950 1.0 16.33085346902123
952 1.3010299956639813 25.38787746985513
959 1.0 20.989047238821517
