1.2839966563652008
139 1.0 17.437449700363672
149 1.0 36.714155384577936
156 1.0 32.80078913912944
185 1.3010299956639813 24.640160608655044
187 1.3010299956639813 25.365184410989947
1 1.0 24.099314783282633
212 1.4771212547196624 22.053003739358804
213 1.3010299956639813 19.298818028563065
223 1.0 19.5018082949504
243 1.0 17.509187404878464
258 1.6020599913279625 32.05900432440354
263 1.0 21.157562303591927
264 1.0 18.98771976077981
266 1.3010299956639813 24.006561347142163
268 1.0 24.276039699169623
269 1.0 28.06641091839446
286 1.0 30.579284727285547
296 1.0 21.560794875219035
326 1.3010299956639813 26.265110333168654
328 1.4771212547196624 32.88047364596294
329 1.0 24.220820861806594
330 1.0 25.015154858124397
332 1.0 26.156648054217282
333 1.0 24.251638512278973
337 1.0 17.509187404878464
412 1.0 21.758302257583633
445 1.3010299956639813 16.923811634708713
446 1.0 21.762871720842014
501 1.3010299956639813 24.640160608655044
520 1.0 25.214633181541256
547 1.0 20.421608203426736
562 1.0 20.63816033660684
563 1.6020599913279625 23.476641362660768
572 1.0 29.842988809469816
577 1.0 21.541085769479377
60 1.0 20.310156825129837
635 1.6020599913279625 21.5228993608598
662 1.0 19.61461115210067
663 1.0 19.44490454387257
674 1.0 19.06561234581387
69 1.0 26.43449543906486
774 1.3010299956639813 23.139038800697477
807 1.0 24.483238969908477
816 1.0 26.40168560543113
84 1.3010299956639813 25.365184410989947
864 1.0 22.523102482333243
94 1.0 40.42228834338309
969 1.0 20.598971129752556
971 1.4771212547196624 19.694865931417798
978 1.0 19.932540595234652
987 1.0 15.618327832578043
990 1.0 19.267169356987246
