1.744727494896694
258 1.0 32.05900432440354
259 1.0 34.168322910342354
266 1.0 24.006561347142163
269 1.0 28.06641091839446
280 1.3010299956639813 19.375567339230585
281 1.0 20.385373369801357
282 1.0 18.824144686242487
283 1.0 19.116081351354293
296 1.0 21.560794875219035
326 1.0 26.265110333168654
343 1.0 22.828476621056783
344 1.0 20.86119657744264
529 1.0 16.631082353314728
566 1.0 24.435514902659826
577 1.0 21.541085769479377
582 1.0 26.849702075967517
597 1.0 19.996338987916545
633 1.0 22.269887599954423
