1.207608310501746
109 1.3010299956639813 19.715945972128416
111 1.3010299956639813 18.8928542926875
131 1.0 31.908356378043813
132 1.3010299956639813 31.170157473839097
133 1.3010299956639813 27.54885932499107
134 1.3010299956639813 29.51314963866556
135 1.0 23.727421112255122
139 1.0 21.045092986540304
145 2.079181246047625 38.43033977941447
146 1.9542425094393248 38.26126400416704
147 1.4771212547196624 39.718947201261805
148 1.7781512503836436 36.70053413239285
149 1.4771212547196624 30.628195318865107
150 1.4771212547196624 28.679701781112843
152 1.0 27.106140088612186
154 1.3010299956639813 39.64347606197456
157 1.6020599913279625 40.355627938282694
158 1.0 34.64884871982456
160 1.3010299956639813 40.68185651929256
161 1.0 29.183057629910973
169 1.0 16.893122029317794
185 1.0 17.044758885154558
188 1.3010299956639813 22.772628792451215
236 1.0 18.969094117495082
23 1.0 18.90126570373093
315 1.0 16.836578834986856
334 1.3010299956639813 26.57358007912264
344 1.0 19.429659374481616
378 1.4771212547196624 24.653480438007165
382 1.0 23.381346006518903
386 1.0 21.856373350068075
389 1.0 22.987930278533103
401 1.0 24.1565533242725
457 1.0 24.521319277035015
479 1.0 17.044758885154558
526 1.3010299956639813 20.589360185649852
614 1.3010299956639813 17.258283162732244
647 1.3010299956639813 22.772628792451215
731 1.0 28.951588555136127
735 1.4771212547196624 26.464092456397857
737 1.4771212547196624 23.235022308206137
741 1.0 21.665271886223913
748 1.0 22.56508767539272
749 1.0 20.209996528594978
775 1.0 24.1565533242725
776 1.6020599913279625 25.809572659595812
777 1.3010299956639813 28.5636709471766
778 1.3010299956639813 29.375621062375156
779 1.4771212547196624 26.762559621671812
780 1.7781512503836436 28.653172853466874
781 1.4771212547196624 24.215767859390553
782 1.0 28.8122112955473
807 1.0 23.916854058840084
834 1.0 19.359056970763802
86 1.4771212547196624 24.815590935179138
888 1.0 16.836578834986856
895 1.0 16.22969191138666
909 1.0 18.220820409533506
936 1.0 21.526279874452115
93 1.0 40.4099170367325
945 1.0 19.892020741815653
981 1.0 18.147091699710654
