1.537602002101044
138 1.0 22.291356872514033
161 1.0 40.68786868352573
199 1.0 19.95515608969582
212 1.0 22.053003739358804
213 1.0 19.298818028563065
229 1.0 19.919432784468437
263 1.3010299956639813 21.157562303591927
264 1.0 18.98771976077981
266 1.4771212547196624 24.006561347142163
270 1.9542425094393248 26.10422328297102
332 1.4771212547196624 26.156648054217282
399 1.3010299956639813 31.06364857854412
523 1.0 19.697674446970826
553 1.3010299956639813 20.46546645488232
561 1.0 26.19567707123272
567 1.0 23.07027838400899
570 2.1760912590556813 35.00523577088447
584 1.0 23.292766275876946
644 1.0 19.655188678913582
653 1.0 19.95515608969582
680 1.3010299956639813 15.775358504069235
684 1.0 16.936770172063596
772 1.3010299956639813 31.06364857854412
917 1.3010299956639813 21.083151146519995
94 1.0 40.42228834338309
966 1.0 20.37474443529265
974 1.0 17.88251712427213
978 1.4771212547196624 19.932540595234652
990 1.0 19.267169356987246
