1.7695510786217261
122 1.4771212547196624 25.99704858881334
123 1.0 21.94118068747015
246 1.3010299956639813 15.611383332448497
258 1.0 32.05900432440354
263 1.0 21.157562303591927
266 1.6020599913279625 24.006561347142163
273 1.3010299956639813 15.490090513554941
339 1.0 21.777753188456284
460 1.0 16.24091782837226
51 1.0 16.49843751688567
54 1.0 16.35174061696333
561 1.0 26.19567707123272
580 1.0 16.49843751688567
585 1.0 30.96669564390913
589 1.0 16.35174061696333
661 1.0 17.17957125410552
818 1.3010299956639813 15.490090513554941
