1.6382721639824072
132 1.0 31.9240224086541
136 1.0 23.748484428238577
148 1.0 39.73153365749456
155 1.0 39.65608647202028
158 1.3010299956639813 40.36801588254125
160 1.0 33.51414632402991
161 1.0 40.68786868352573
164 1.3010299956639813 29.060873897358988
223 1.3010299956639813 19.5018082949504
24 1.0 22.714650363605696
332 1.4771212547196624 26.156648054217282
333 1.0 24.251638512278973
416 1.0 19.445006257673224
472 1.0 26.198430887398857
488 1.3010299956639813 18.91692636651541
570 1.3010299956639813 35.00523577088447
585 1.0 30.96669564390913
644 1.0 19.655188678913582
672 1.0 19.607432276969973
68 1.0 17.582897293622267
691 1.0 20.252883122476465
852 1.0 21.864410189197464
92 1.0 21.402892320890444
