1.2291479883578558
107 1.0 21.261407681253527
117 1.0 21.166129822732998
119 1.0 14.585078329436863
120 1.0 22.67074148141845
126 1.0 19.10717613125738
191 1.0 30.983771998615772
1 1.0 24.099314783282633
244 1.0 25.829961126625353
258 1.0 32.05900432440354
259 1.3010299956639813 34.168322910342354
260 1.0 27.085761995614487
261 1.3010299956639813 40.472400145134394
263 1.0 21.157562303591927
264 1.0 18.98771976077981
266 1.3010299956639813 24.006561347142163
268 1.4771212547196624 24.276039699169623
269 1.0 28.06641091839446
276 1.0 20.303531424387252
326 1.0 26.265110333168654
329 1.0 24.220820861806594
330 1.0 25.015154858124397
333 1.0 24.251638512278973
338 1.0 25.829961126625353
339 1.3010299956639813 21.777753188456284
350 1.0 18.249780831901347
399 1.6020599913279625 31.06364857854412
441 1.0 31.735712827979288
444 1.0 29.526890635247195
459 1.3010299956639813 24.541701226408268
471 1.0 24.01537280312254
512 1.0 21.108817330045582
520 1.0 25.214633181541256
557 1.0 32.03860327247943
558 1.0 29.49056558466878
561 1.0 26.19567707123272
562 1.4771212547196624 20.63816033660684
563 1.3010299956639813 23.476641362660768
567 1.0 23.07027838400899
569 1.0 21.220451953962858
572 1.0 29.842988809469816
581 1.0 25.541293855592556
582 1.7781512503836436 26.849702075967517
583 1.0 25.011711924712642
584 1.0 23.292766275876946
585 1.0 30.96669564390913
597 1.0 19.996338987916545
60 1.0 20.310156825129837
733 1.0 24.09659662047416
739 1.0 13.587768177626778
751 1.3010299956639813 24.759982935078224
754 1.0 21.72844942797455
772 1.6020599913279625 31.06364857854412
774 1.3010299956639813 23.139038800697477
823 1.0 30.983771998615772
873 1.0 25.188400405739408
880 1.0 33.12096543823041
918 1.0 24.222096258795588
94 1.3010299956639813 40.42228834338309
969 1.0 20.598971129752556
