1.6575773191777938
230 1.3010299956639813 19.818484653329044
284 1.0 27.31523209193297
402 1.6989700043360187 16.368602790560463
484 1.0 14.841497874872914
498 1.3010299956639813 19.818484653329044
538 1.0 20.55751044757001
546 1.0 20.3971096387274
623 1.0 16.469393434006214
655 1.3010299956639813 19.818484653329044
772 1.0 23.117420198200822
784 1.3010299956639813 16.427467569369398
785 1.4771212547196624 16.33924581085099
786 1.7781512503836436 16.674504799836235
787 1.6020599913279625 16.853403753588953
788 1.6020599913279625 16.44195035074378
789 1.6989700043360187 16.247732650957825
790 1.6989700043360187 16.35543624625182
797 1.6989700043360187 17.68690492205947
798 1.6989700043360187 19.84500063961507
834 1.0 19.359056970763802
906 1.0 12.881566868953074
959 1.0 20.989047238821517
