1.3872161432802645
122 1.0 25.99704858881334
126 1.0 19.10717613125738
141 1.0 22.083311659467373
144 1.0 19.628955678670632
190 1.0 20.72132492096882
228 1.0 19.271408794907185
258 1.0 32.05900432440354
259 1.0 34.168322910342354
268 1.0 24.276039699169623
270 1.0 26.10422328297102
276 1.0 20.303531424387252
278 1.0 24.438116936080927
279 1.0 17.734346218217127
283 1.0 19.116081351354293
286 1.3010299956639813 30.579284727285547
326 1.0 26.265110333168654
331 1.0 26.442768047844584
333 1.0 24.251638512278973
352 1.0 22.315951883102834
397 1.3010299956639813 34.76173337398946
399 1.0 31.06364857854412
416 1.0 19.445006257673224
444 1.0 29.526890635247195
473 1.0 20.456210819322695
556 1.0 21.34923713779162
559 1.0 21.174473649853873
560 1.0 32.40746376373745
584 1.3010299956639813 23.292766275876946
606 1.0 18.53110082385229
647 1.3010299956639813 18.531080228224845
674 1.3010299956639813 19.06561234581387
772 1.0 31.06364857854412
77 1.0 16.90578733542276
807 1.3010299956639813 24.483238969908477
817 1.0 16.90578733542276
822 1.0 20.72132492096882
864 1.0 22.523102482333243
873 1.0 25.188400405739408
913 1.0 18.473312192215285
936 1.0 20.64389709578883
939 1.3010299956639813 19.57746517154891
