1.3187587626244128
131 1.3010299956639813 31.908356378043813
132 1.0 31.170157473839097
133 1.0 27.54885932499107
138 1.0 17.408752168168547
148 1.0 36.70053413239285
154 1.0 39.64347606197456
157 1.6989700043360187 40.355627938282694
158 1.4771212547196624 34.64884871982456
159 1.845098040014257 33.49922392874927
160 1.9030899869919435 40.68185651929256
196 1.0 21.713143045615993
204 1.0 18.43335978124768
231 1.0 18.43335978124768
258 1.0 34.15368633845293
270 1.3010299956639813 27.27789276817213
274 1.0 17.324647965269033
327 1.0 32.86526353435894
342 1.0 22.806563635018236
351 1.0 22.293535126779712
412 1.3010299956639813 19.41595254379453
417 1.0 15.908222464211535
433 1.3010299956639813 26.035075059878718
440 1.3010299956639813 31.719953794102054
457 1.3010299956639813 24.521319277035015
471 1.0 26.179338818270686
476 1.0 14.187121428619786
499 1.0 27.781754633425805
502 1.0 24.947803517854027
631 1.0 19.950177336902193
650 1.0 21.713143045615993
656 1.0 18.43335978124768
668 1.0 17.727873548642012
673 1.4771212547196624 19.039369057845647
674 1.0 18.14076911717772
67 1.3010299956639813 17.749330468393577
799 1.0 21.750977795505374
800 1.0 21.474900607430737
809 1.3010299956639813 19.258313969819948
812 1.0 21.474900607430737
828 1.0 27.781754633425805
862 1.0 22.500892102974184
865 1.3010299956639813 36.420319557775116
873 1.0 15.748324655176601
876 1.0 27.115678493576954
878 1.9030899869919435 33.105865818015594
90 1.0 21.713143045615993
938 1.3010299956639813 17.459496507758143
942 1.0 17.99083394469146
