1.721246399047171
185 1.0 24.640160608655044
211 1.0 19.87652496554322
244 1.0 25.829961126625353
258 1.0 32.05900432440354
259 1.0 34.168322910342354
267 1.0 20.272569941821523
269 1.0 28.06641091839446
276 1.0 20.303531424387252
285 1.0 27.333530767834674
302 1.0 15.880314132670478
336 1.0 27.213017312486674
338 1.0 25.829961126625353
501 1.0 24.640160608655044
540 1.0 23.36967033208018
572 1.0 29.842988809469816
582 1.0 26.849702075967517
594 1.0 21.479558238529965
595 1.0 13.047685080108735
981 1.0 19.04032511818754
