1.6382721639824072
173 1.0 25.424188320838816
198 1.0 19.930084158480717
228 1.0 19.894315832793946
24 1.0 22.69262746225858
378 1.9030899869919435 24.653480438007165
382 1.0 23.381346006518903
401 1.3010299956639813 24.1565533242725
404 1.0 14.731292035069075
438 1.0 16.11979502108222
452 1.3010299956639813 19.142693477683043
652 1.0 19.930084158480717
670 1.4771212547196624 20.6370767184495
671 1.4771212547196624 19.58191513861614
673 1.0 19.039369057845647
674 1.0 18.14076911717772
771 1.3010299956639813 25.078312841330952
775 1.3010299956639813 24.1565533242725
777 1.3010299956639813 28.5636709471766
779 1.0 26.762559621671812
7 1.0 20.637992374919182
805 1.0 24.462808310936932
857 1.0 17.00209968149465
865 1.6989700043360187 36.420319557775116
