1.6989700043360187
127 1.3010299956639813 17.367910512582892
132 1.0 31.9240224086541
133 1.0 31.18619433249154
134 1.0 27.567002922119546
158 1.0 40.36801588254125
188 1.0 18.394820991631416
204 1.0 17.837739327910686
328 1.0 32.88047364596294
340 1.0 17.837739327910686
353 1.0 25.406505472371265
397 1.0 34.76173337398946
594 1.0 21.479558238529965
671 1.3010299956639813 20.661290750656658
674 1.0 19.06561234581387
757 1.3010299956639813 7.543978924498762
773 1.3010299956639813 25.098242467704086
812 1.4771212547196624 18.445184780380607
820 1.0 18.394820991631416
880 1.6020599913279625 33.12096543823041
89 1.3010299956639813 7.543978924498762
