1.2291479883578558
131 1.3010299956639813 31.908356378043813
132 1.4771212547196624 31.170157473839097
133 1.0 27.54885932499107
134 1.0 29.51314963866556
139 1.0 21.045092986540304
208 1.0 19.715082278253885
27 1.0 16.125116823755786
2 1.0 25.653725024939046
310 1.0 18.574581934797493
399 1.6989700043360187 19.13339458833571
3 1.0 25.653725024939046
401 1.0 24.1565533242725
405 1.0 17.108838352647496
415 1.0 19.419275690945604
416 1.0 18.61566394013484
417 1.3010299956639813 15.908222464211535
432 1.0 24.66037937080602
434 1.0 24.448105419498397
440 1.3010299956639813 31.719953794102054
443 1.0 29.509952060039822
448 1.0 16.101960150219295
471 1.3010299956639813 26.179338818270686
475 1.3010299956639813 15.713768088124892
490 1.0 18.129559630239218
4 1.0 14.37807423684427
502 1.845098040014257 24.947803517854027
552 1.3010299956639813 20.441020454368555
642 1.0 19.614776409036214
686 1.0 17.162340194417848
68 1.0 17.554437536932625
690 1.0 20.22818021406503
69 1.0 26.41557398804616
775 1.0 24.1565533242725
776 2.113943352306837 25.809572659595812
780 2.0413926851582254 28.653172853466874
781 2.6127838567197355 24.215767859390553
782 1.7781512503836436 28.8122112955473
791 1.0 15.027617842401222
794 1.3010299956639813 15.391766171743628
796 1.0 16.41623255841033
798 1.0 19.84500063961507
799 1.6989700043360187 21.750977795505374
7 1.3010299956639813 20.637992374919182
800 1.6989700043360187 21.474900607430737
807 1.3010299956639813 23.916854058840084
812 1.6989700043360187 21.474900607430737
814 1.845098040014257 26.382740623521833
844 1.3010299956639813 15.562398568103088
865 1.0 36.420319557775116
866 1.0 13.074202270093174
867 1.3010299956639813 20.329143187123556
872 1.0 15.596352370499325
875 1.0 22.430004022861485
877 1.0 22.430004022861485
879 1.3010299956639813 15.968223619979328
883 1.0 18.574581934797493
918 1.3010299956639813 21.05942217315108
959 1.0 20.989047238821517
98 1.0 15.596352370499325
