1.431798275933005
1000 1.0 16.329300295473313
114 1.0 16.58655052158543
141 1.3010299956639813 19.014107610916184
143 1.0 19.603466556586774
160 1.0 40.68185651929256
253 1.0 16.396443136520976
254 1.0 16.329300295473313
303 1.0 16.58655052158543
402 1.0 16.368602790560463
406 1.0 16.1759267221591
430 1.0 21.053048712370824
432 1.3010299956639813 24.66037937080602
433 1.3010299956639813 26.035075059878718
434 1.3010299956639813 24.448105419498397
436 1.0 16.48783672419816
437 1.0 16.500863545850883
440 1.0 31.719953794102054
486 1.0 19.08673079463014
548 1.0 19.647259077738575
549 1.3010299956639813 22.395775493328287
612 1.6989700043360187 22.300659992929845
771 1.4771212547196624 25.078312841330952
774 1.845098040014257 20.078881121899666
783 1.3010299956639813 15.065543358973835
784 1.3010299956639813 16.427467569369398
785 1.3010299956639813 16.33924581085099
786 1.3010299956639813 16.674504799836235
787 1.3010299956639813 16.853403753588953
788 1.3010299956639813 16.44195035074378
789 1.0 16.247732650957825
790 1.0 16.35543624625182
793 1.0 15.283359784295454
797 1.0 17.68690492205947
798 1.0 19.84500063961507
891 1.6020599913279625 20.556957071190386
960 1.0 19.164284103879986
999 1.0 16.396443136520976
