1.721246399047171
104 1.0 21.315476777332258
119 1.0 22.648675884415564
122 1.0 21.918380641831487
125 1.0 19.0809900086681
127 1.0 18.613796434027876
227 1.0 19.245446135136124
257 1.0 32.04340428656301
260 1.0 40.46004416097286
265 1.3010299956639813 23.98572466518575
269 1.0 26.08506226190013
270 1.0 27.27789276817213
285 1.0 30.562929415100232
326 1.3010299956639813 21.385169256471997
328 1.6020599913279625 24.20016866097684
329 1.4771212547196624 24.995158982809944
564 1.0 25.047424451568215
566 1.0 23.04859528725498
568 1.0 21.196876683380644
984 1.0 15.961555900385454
