1.3010299956639813
134 1.0 27.567002922119546
137 1.0 22.922196064917607
138 1.0 22.291356872514033
140 1.0 21.068838098294076
142 1.0 19.04038571666816
159 1.0 34.663276209978875
160 1.0 33.51414632402991
161 1.3010299956639813 40.68786868352573
173 1.0 18.85938858887468
185 1.4771212547196624 24.640160608655044
187 1.0 25.365184410989947
228 1.0 19.271408794907185
244 1.0 25.829961126625353
250 1.0 21.593723016307443
282 1.0 18.824144686242487
326 1.0 26.265110333168654
331 1.0 26.442768047844584
332 1.0 26.156648054217282
333 1.0 24.251638512278973
338 1.0 25.829961126625353
364 1.0 13.009307666040192
397 1.3010299956639813 34.76173337398946
399 1.0 31.06364857854412
416 1.0 19.445006257673224
450 1.0 16.00461083590737
472 1.0 26.198430887398857
47 1.0 19.549619832587243
487 1.4771212547196624 19.112909051912595
501 1.4771212547196624 24.640160608655044
520 1.0 25.214633181541256
536 1.0 17.80770137278335
562 1.0 20.63816033660684
563 1.0 23.476641362660768
567 1.0 23.07027838400899
573 1.6020599913279625 34.62164344212061
635 1.0 21.5228993608598
646 1.3010299956639813 21.019109611528222
64 1.0 16.737458178003557
677 1.3010299956639813 20.260093000467393
712 1.0 16.737458178003557
772 1.0 31.06364857854412
84 1.0 25.365184410989947
873 1.0 25.188400405739408
940 1.0 16.052956231011144
942 1.3010299956639813 19.45006435459591
946 1.0 19.482666389137716
951 1.0 25.40756427571084
962 1.0 17.046701400697756
985 1.0 20.023207099137547
991 1.0 20.996461847748183
