1.2676062401770316
117 1.845098040014257 21.166129822732998
118 1.3010299956639813 14.722236801759516
132 1.0 31.9240224086541
134 1.0 27.567002922119546
146 1.4771212547196624 38.443348131520054
155 1.4771212547196624 39.65608647202028
156 1.0 32.80078913912944
158 1.3010299956639813 40.36801588254125
161 1.3010299956639813 40.68786868352573
163 1.3010299956639813 27.444701699266258
189 1.3010299956639813 22.794574400913437
19 1.0 22.906892828979473
219 1.3010299956639813 20.060459993820544
22 1.0 20.042266187907835
375 2.278753600952829 18.075636329874662
387 1.0 21.87923801272718
397 2.146128035678238 34.76173337398946
399 1.0 31.06364857854412
406 1.0 17.13803809591465
432 1.0 20.140245569349506
434 1.3010299956639813 26.054272842923844
436 1.0 18.15542263413017
441 1.0 31.735712827979288
444 1.6989700043360187 29.526890635247195
453 1.7781512503836436 19.168795308535405
457 1.3010299956639813 18.43689483349195
471 1.0 24.01537280312254
476 1.0 15.745555167328087
497 1.0 21.557388215952543
498 1.0 22.596184090364247
503 1.0 24.96783731854743
514 1.0 19.011194543423425
553 1.6020599913279625 20.46546645488232
567 1.7781512503836436 23.07027838400899
570 1.6020599913279625 35.00523577088447
578 1.0 16.152119214909096
648 1.3010299956639813 22.794574400913437
682 1.3010299956639813 18.092716090093774
754 1.0 21.72844942797455
772 1.0 31.06364857854412
781 1.4771212547196624 26.78123592188267
782 1.3010299956639813 28.670617617530514
829 1.0 21.557388215952543
830 1.0 22.596184090364247
867 1.3010299956639813 36.43404557128479
870 1.0 13.12410324363886
878 1.4771212547196624 27.134111744574057
908 1.0 18.24824091238585
913 1.0 18.473312192215285
917 1.6020599913279625 21.083151146519995
922 1.4771212547196624 21.35873785771627
932 1.4771212547196624 22.35128407421646
935 1.0 21.549494779071786
988 1.0 18.29479303891827
