1.6575773191777938
187 1.0 25.365184410989947
191 1.0 30.983771998615772
194 1.0 17.77518118243523
215 1.0 18.71227143762001
236 1.0 23.511023087218234
326 1.0 26.265110333168654
328 1.3010299956639813 32.88047364596294
333 1.0 24.251638512278973
347 1.0 14.556617982255124
449 1.0 16.13298238638009
534 1.0 19.72223251625476
539 1.0 20.581818087864594
565 1.0 25.067378635529828
605 1.0 16.87814769144019
644 1.0 19.655188678913582
650 1.0 17.77518118243523
666 1.3010299956639813 21.979048869070308
823 1.0 30.983771998615772
84 1.0 25.365184410989947
911 1.0 21.53343177229172
916 1.0 20.322029692038072
972 1.3010299956639813 19.608298803683244
