1.7695510786217261
212 1.0 22.053003739358804
244 1.0 25.829961126625353
260 1.0 27.085761995614487
261 1.0 40.472400145134394
268 1.3010299956639813 24.276039699169623
269 1.0 28.06641091839446
271 1.0 27.296216475399984
285 1.0 27.333530767834674
286 1.0 30.579284727285547
295 1.0 18.766205879960378
338 1.0 25.829961126625353
540 1.0 23.36967033208018
585 1.0 30.96669564390913
663 1.0 19.44490454387257
911 1.0 21.53343177229172
978 1.3010299956639813 19.932540595234652
986 1.0 21.11229795390388
