1.1739251972991736
110 1.4771212547196624 14.809660053849848
113 1.6989700043360187 16.83451201033724
14 1.0 14.489359616347349
15 1.0 14.489359616347349
172 1.0 18.832857933573873
184 2.0 24.619860170608522
1 1.3010299956639813 24.469666509833758
200 1.0 16.645211904679204
217 1.0 15.95864382959388
230 1.0 19.818484653329044
242 1.0 17.48060764330447
243 1.0 25.8105965022697
244 1.0 16.48858847797927
257 1.0 32.04340428656301
258 1.0 34.15368633845293
277 1.0 24.417648522770687
27 1.0 16.125116823755786
283 1.3010299956639813 15.990191960562015
284 1.0 27.31523209193297
287 1.0 16.48858847797927
288 1.0 19.392382017280667
2 1.0 25.653725024939046
321 1.0 19.38943069849081
331 1.0 26.137525464974466
336 1.0 17.48060764330447
337 1.0 25.8105965022697
341 1.0 19.392382017280667
343 1.0 20.837214848503734
352 1.0 25.386817845441577
389 1.9030899869919435 22.987930278533103
395 1.0 14.758399668360488
3 1.0 25.653725024939046
410 1.0 18.329720020247976
444 1.0 16.89424162983062
44 1.0 15.69981269395225
472 1.6020599913279625 20.431753744712537
484 1.0 14.841497874872914
494 1.6989700043360187 16.83451201033724
498 1.0 19.818484653329044
500 2.0 24.619860170608522
549 1.6020599913279625 22.395775493328287
560 1.3010299956639813 26.176582993590046
563 1.0 15.69981269395225
583 1.0 23.271290483826427
596 1.4771212547196624 19.971318757650213
599 1.3010299956639813 18.573663222245116
655 1.0 19.818484653329044
661 1.0 19.589103365088256
662 1.3010299956639813 19.41917384237332
673 1.0 19.039369057845647
690 1.0 20.22818021406503
69 1.0 26.41557398804616
748 1.0 22.56508767539272
761 1.0 12.815696857748005
797 1.0 17.68690492205947
798 1.0 19.84500063961507
829 2.0 24.619860170608522
86 1.0 24.815590935179138
876 1.0 27.115678493576954
890 1.0 15.846061238571657
894 1.3010299956639813 16.508326051842978
89 1.0 16.48858847797927
902 1.0 13.26616819022042
908 1.0 15.998023604552252
93 1.3010299956639813 40.4099170367325
943 1.3010299956639813 19.424340488107244
99 1.3010299956639813 16.508326051842978
