1.6575773191777938
220 1.0 15.886881268828224
374 1.3010299956639813 15.477325925939487
384 1.0 13.169531315133195
385 1.6020599913279625 18.664082738893658
391 1.3010299956639813 15.480475837789893
392 1.4771212547196624 14.967448726783925
399 1.0 31.06364857854412
431 1.0 21.076784861203542
433 1.0 24.68064648083747
435 1.0 24.468548355039516
441 1.0 31.735712827979288
727 1.3010299956639813 15.480475837789893
728 1.4771212547196624 14.967448726783925
733 1.6020599913279625 24.09659662047416
734 1.4771212547196624 16.710350266628105
744 1.3010299956639813 15.477325925939487
745 1.3010299956639813 15.833985711967152
751 1.6020599913279625 24.759982935078224
752 1.3010299956639813 15.72129036276342
753 1.3010299956639813 13.792127777233018
75 1.3010299956639813 15.477325925939487
772 1.0 31.06364857854412
