1.0222763947111522
122 1.0 25.99704858881334
187 1.6020599913279625 25.365184410989947
211 1.3010299956639813 19.87652496554322
212 1.9542425094393248 22.053003739358804
217 1.0 16.75160018454076
244 1.6989700043360187 25.829961126625353
245 1.0 16.518884647461846
248 1.3010299956639813 16.370386131129504
249 1.3010299956639813 22.75668213035031
258 1.7781512503836436 32.05900432440354
259 1.9542425094393248 34.168322910342354
260 1.0 27.085761995614487
261 2.3979400086720375 40.472400145134394
265 1.0 16.744108528521995
266 1.7781512503836436 24.006561347142163
267 1.4771212547196624 20.272569941821523
268 1.0 24.276039699169623
269 1.845098040014257 28.06641091839446
270 2.278753600952829 26.10422328297102
271 2.146128035678238 27.296216475399984
276 1.7781512503836436 20.303531424387252
277 1.0 13.112389751655092
278 1.7781512503836436 24.438116936080927
280 1.6989700043360187 19.375567339230585
281 1.7781512503836436 20.385373369801357
282 1.3010299956639813 18.824144686242487
283 1.6989700043360187 19.116081351354293
285 1.4771212547196624 27.333530767834674
286 1.3010299956639813 30.579284727285547
288 1.0 16.518884647461846
289 1.6020599913279625 19.41814822026422
290 1.0 19.344122607461724
291 1.6020599913279625 17.88610079038451
295 1.6020599913279625 18.766205879960378
296 1.0 21.560794875219035
297 1.0 18.44466466993366
326 1.3010299956639813 26.265110333168654
327 1.0 21.408537178610665
328 1.6020599913279625 32.88047364596294
333 1.6020599913279625 24.251638512278973
336 1.6020599913279625 27.213017312486674
338 1.6989700043360187 25.829961126625353
342 1.6020599913279625 19.41814822026422
343 1.6020599913279625 22.828476621056783
344 1.6020599913279625 20.86119657744264
372 1.3010299956639813 16.799196227548762
399 1.3010299956639813 31.06364857854412
43 1.0 17.141090857518964
445 1.0 16.923811634708713
446 1.3010299956639813 21.762871720842014
450 1.0 16.00461083590737
454 1.0 16.518884647461846
485 1.0 14.548650732915977
494 1.0 22.47464478924292
524 1.0 18.188013959901607
525 1.4771212547196624 20.543320381954224
531 1.0 20.572525808084006
535 1.0 18.139512907437105
537 1.0 17.141090857518964
54 1.6020599913279625 16.35174061696333
561 1.3010299956639813 26.19567707123272
565 1.0 25.067378635529828
579 1.0 17.22512975082521
581 1.4771212547196624 25.541293855592556
582 2.079181246047625 26.849702075967517
583 1.0 25.011711924712642
584 1.845098040014257 23.292766275876946
585 1.7781512503836436 30.96669564390913
589 1.6020599913279625 16.35174061696333
597 1.0 19.996338987916545
598 1.3010299956639813 19.920097781606806
600 1.0 18.60056357999351
605 1.6020599913279625 16.87814769144019
643 1.0 19.64025085319644
644 1.0 19.655188678913582
646 1.3010299956639813 21.019109611528222
655 1.0 22.47464478924292
661 1.0 17.17957125410552
709 1.0 13.047685080108735
732 1.0 28.96885361670166
772 1.3010299956639813 31.06364857854412
821 1.0 19.344122607461724
84 1.6020599913279625 25.365184410989947
907 1.3010299956639813 16.02381405871867
944 1.3010299956639813 19.917140587765708
947 1.0 19.409288369513817
969 1.6989700043360187 20.598971129752556
970 1.6020599913279625 18.816376936112132
971 1.6020599913279625 19.694865931417798
973 1.845098040014257 18.869638675773842
977 1.6020599913279625 17.376734020918096
978 1.4771212547196624 19.932540595234652
979 1.3010299956639813 17.6480879383687
981 1.845098040014257 19.04032511818754
990 1.3010299956639813 19.267169356987246
