1.7695510786217261
199 1.0 22.603396897878287
211 1.0 22.03031942410671
229 1.0 22.603396897878287
247 1.0 16.339814628149156
248 1.0 22.73469994483774
258 1.0 34.15368633845293
284 1.0 27.31523209193297
290 1.0 17.858124243150325
327 1.0 32.86526353435894
331 1.6020599913279625 26.137525464974466
342 1.6020599913279625 22.806563635018236
361 1.3010299956639813 13.947713927095913
528 1.0 16.600990941589497
631 1.0 19.950177336902193
653 1.0 22.603396897878287
878 1.0 33.105865818015594
971 1.0 18.789785549650443
