1.3979400086720377
250 1.0 16.070194442289612
260 1.3010299956639813 40.46004416097286
268 1.3010299956639813 28.048590371713367
269 2.079181246047625 26.08506226190013
307 1.6020599913279625 18.45025554098666
308 1.3010299956639813 17.69895328701503
309 1.0 16.353960229243555
316 1.0 16.400885878921038
480 1.6020599913279625 18.45025554098666
481 1.3010299956639813 17.69895328701503
482 1.0 16.353960229243555
577 1.0 16.12113380419118
581 1.3010299956639813 26.831073433021917
583 1.6020599913279625 23.271290483826427
584 1.0 30.950545053399313
611 1.0 16.37139499661555
614 1.3010299956639813 17.258283162732244
616 1.0 16.2837123301042
617 1.0 16.258590605316485
618 1.0 15.979851330655551
619 1.0 16.002509983007247
620 1.0 15.900698718230329
621 1.0 16.187886783484302
624 1.0 16.24926695969382
627 1.0 15.56115616891949
628 1.0 17.4321572644572
629 1.0 15.448408287851615
630 1.0 16.96541394633868
631 1.0 19.950177336902193
632 1.0 22.247424428787344
633 1.0 20.514540434900287
634 1.0 21.49965573905078
635 1.0 18.02903493564441
636 1.0 15.995025442232151
638 1.0 17.972508687822355
891 1.7781512503836436 20.556957071190386
892 1.6020599913279625 19.44244897613975
893 1.6020599913279625 19.650125642603225
994 1.0 16.070194442289612
996 1.0 16.28971068168109
