0.6161846340195687
1000 1.3010299956639813 16.329300295473313
110 1.0 14.809660053849848
114 1.3010299956639813 16.58655052158543
115 1.4771212547196624 17.956167137974
169 1.0 16.893122029317794
170 1.0 17.270901992246657
175 1.0 22.356903676375765
186 1.0 25.345464687070297
192 1.3010299956639813 19.898472476859148
193 1.0 17.74702978158316
194 1.0 16.794834479301993
195 1.0 16.794834479301993
197 1.0 17.97236948828946
198 1.0 19.930084158480717
199 1.0 22.603396897878287
204 1.0 18.43335978124768
206 1.0 18.772126118491787
208 1.0 19.715082278253885
210 1.0 19.851353724768064
211 1.9030899869919435 22.03031942410671
212 1.3010299956639813 19.272892292014472
213 1.0 18.016798133940682
214 1.0 18.685531899177228
226 1.0 16.894525174208198
228 1.0 19.894315832793946
229 1.0 22.603396897878287
230 1.0 19.818484653329044
231 1.0 18.43335978124768
232 1.0 18.772126118491787
237 1.0 17.76548249061496
241 1.0 20.323087997959746
242 1.4771212547196624 17.48060764330447
243 1.4771212547196624 25.8105965022697
244 1.0 16.48858847797927
245 1.0 15.579322499796028
246 1.6020599913279625 17.897958254775837
250 1.0 16.070194442289612
251 1.0 15.91714951082178
252 1.3010299956639813 16.401453406092962
253 1.3010299956639813 16.396443136520976
254 1.3010299956639813 16.329300295473313
255 1.4771212547196624 16.767843670427574
256 1.0 14.651068157152437
257 1.6989700043360187 32.04340428656301
258 2.079181246047625 34.15368633845293
259 2.414973347970818 27.067295817703585
260 2.380211241711606 40.46004416097286
262 1.3010299956639813 21.133916878571615
263 1.6020599913279625 18.961368666684063
264 1.6989700043360187 16.714220604471006
265 1.0 23.98572466518575
267 1.0 24.25543451426215
268 2.380211241711606 28.048590371713367
270 1.845098040014257 27.27789276817213
272 1.0 15.457778110651116
274 1.3010299956639813 17.324647965269033
275 1.3010299956639813 20.27889021374396
277 1.3010299956639813 24.417648522770687
278 1.3010299956639813 17.70612989299446
279 1.3010299956639813 19.349744435445626
280 1.0 20.36083120666262
281 1.0 18.79756428818881
282 1.3010299956639813 19.08990744429096
283 1.4771212547196624 15.990191960562015
285 1.0 30.562929415100232
287 1.0 16.48858847797927
294 1.0 18.739543300973466
295 1.0 21.53759215073197
303 1.3010299956639813 16.58655052158543
304 1.4771212547196624 17.956167137974
305 1.4771212547196624 18.712967679843132
306 1.3010299956639813 16.600338456632596
307 1.0 18.45025554098666
308 1.0 17.69895328701503
309 1.0 16.353960229243555
310 1.4771212547196624 18.574581934797493
311 1.3010299956639813 16.33409561676385
312 1.3010299956639813 16.2406870095727
313 1.3010299956639813 16.688807985466465
314 1.3010299956639813 16.038281372083322
315 1.3010299956639813 16.836578834986856
316 1.0 16.400885878921038
321 1.0 19.38943069849081
324 1.0 15.723543941848508
325 1.0 26.246066768442137
327 1.4771212547196624 32.86526353435894
328 2.255272505103306 24.20016866097684
329 1.3010299956639813 24.995158982809944
332 1.6020599913279625 24.231012577485338
334 1.0 26.57358007912264
335 1.3010299956639813 27.194637545841633
336 1.4771212547196624 17.48060764330447
337 1.4771212547196624 25.8105965022697
342 1.7781512503836436 22.806563635018236
343 1.4771212547196624 20.837214848503734
344 1.0 19.429659374481616
408 1.0 18.772126118491787
411 1.0 21.73531037580023
412 1.0 19.41595254379453
41 1.0 20.87407005016222
43 1.0 17.11189632348561
455 1.0 18.409755324317654
456 1.0 17.667086492329588
458 1.0 15.457778110651116
477 1.4771212547196624 18.712967679843132
478 1.3010299956639813 16.600338456632596
480 1.0 18.45025554098666
481 1.0 17.69895328701503
482 1.0 16.353960229243555
493 1.0 22.45238647455196
498 1.0 19.818484653329044
499 1.3010299956639813 27.781754633425805
514 1.845098040014257 23.1822442953396
519 1.0 25.19479562289961
51 1.0 16.468103731109437
522 1.0 19.672274363144883
523 1.3010299956639813 18.160502520733715
525 1.0 17.7242281093306
527 1.0 21.0997074467684
530 1.3010299956639813 20.54820717542731
531 1.0 19.203803572139346
533 1.0 19.696864101303447
534 1.0 18.11192779687125
536 1.0 17.11189632348561
539 1.0 23.34826527667759
540 1.4771212547196624 18.8619507228725
543 1.3010299956639813 21.709967055619686
545 1.3010299956639813 23.297633308982533
54 1.3010299956639813 16.32113418866619
573 1.4771212547196624 16.9403306571999
574 1.3010299956639813 16.601117775791995
575 1.3010299956639813 16.359093907045278
576 1.6989700043360187 21.517861792661158
577 1.0 16.12113380419118
578 1.3010299956639813 17.196077893890912
579 1.0 16.468103731109437
580 2.361727836017593 25.521710205582426
581 1.6989700043360187 26.831073433021917
582 1.7781512503836436 24.99171329470656
583 1.6989700043360187 23.271290483826427
584 2.4313637641589874 30.950545053399313
588 1.3010299956639813 16.32113418866619
592 1.3010299956639813 18.068207751312215
593 1.0 21.456267665239462
596 1.3010299956639813 19.971318757650213
597 1.0 19.894981669475758
599 1.0 18.573663222245116
59 1.4771212547196624 17.024968450726956
5 1.3010299956639813 18.45678502981382
604 1.4771212547196624 16.848497544115553
60 1.0 20.28552366248819
610 1.0 16.926793752845303
611 1.0 16.37139499661555
612 1.9030899869919435 22.300659992929845
613 1.3010299956639813 16.24635806045507
614 1.0 17.258283162732244
615 2.0 23.88195453063762
616 1.0 16.2837123301042
617 1.0 16.258590605316485
618 1.0 15.979851330655551
619 1.0 16.002509983007247
620 1.0 15.900698718230329
621 1.0 16.187886783484302
622 1.4771212547196624 16.29894691934756
623 1.4771212547196624 16.469393434006214
624 1.0 16.24926695969382
627 1.3010299956639813 15.56115616891949
628 1.3010299956639813 17.4321572644572
629 1.3010299956639813 15.448408287851615
62 1.0 20.323087997959746
630 1.3010299956639813 16.96541394633868
631 1.3010299956639813 19.950177336902193
632 1.3010299956639813 22.247424428787344
633 1.3010299956639813 20.514540434900287
634 1.3010299956639813 21.49965573905078
635 1.3010299956639813 18.02903493564441
636 1.0 15.995025442232151
637 1.3010299956639813 15.345166756496607
638 1.3010299956639813 17.972508687822355
642 1.0 19.614776409036214
643 1.0 19.629733620293802
646 1.3010299956639813 18.504078859130104
648 1.3010299956639813 19.898472476859148
649 1.0 17.74702978158316
651 1.0 17.97236948828946
652 1.0 19.930084158480717
653 1.0 22.603396897878287
654 1.0 22.45238647455196
655 1.0 19.818484653329044
656 1.0 18.43335978124768
658 1.0 18.772126118491787
659 1.4771212547196624 17.024968450726956
660 1.3010299956639813 17.15044222388708
661 1.0 19.589103365088256
662 1.0 19.41917384237332
663 1.0 17.854013827579386
664 1.0 20.597926648495577
807 1.0 23.916854058840084
814 1.0 26.382740623521833
823 1.0 16.794834479301993
828 1.3010299956639813 27.781754633425805
83 1.0 25.345464687070297
881 1.3010299956639813 16.868603706098174
883 1.4771212547196624 18.574581934797493
884 1.3010299956639813 16.33409561676385
885 1.3010299956639813 16.2406870095727
886 1.3010299956639813 16.688807985466465
887 1.3010299956639813 16.038281372083322
888 1.3010299956639813 16.836578834986856
890 1.0 15.846061238571657
891 1.0 20.556957071190386
892 1.0 19.44244897613975
893 1.0 19.650125642603225
89 1.0 16.48858847797927
912 1.0 21.510199531662707
917 1.0 20.297410938444266
936 1.3010299956639813 21.526279874452115
955 1.0 20.597926648495577
956 1.0 19.332344149929916
967 1.0 20.350189453749287
969 1.0 20.721079216106737
970 1.6020599913279625 20.574683754662654
971 1.0 18.789785549650443
972 1.0 19.669462220826514
973 1.0 19.582782794447926
974 1.0 18.84312245235009
975 1.0 17.854534961736917
976 1.0 19.01089422974206
977 1.6020599913279625 19.099167857362065
978 1.6989700043360187 17.34793605111952
979 1.3010299956639813 19.907440181516993
980 1.0 17.619733479266785
982 1.3010299956639813 19.01404692868626
987 1.3010299956639813 21.088601776656837
991 1.0 19.241200976831678
992 1.0 20.972634792127216
994 1.0 16.070194442289612
995 1.3010299956639813 16.341134900020474
996 1.0 16.28971068168109
997 1.0 15.91714951082178
998 1.3010299956639813 16.401453406092962
999 1.3010299956639813 16.396443136520976
