0.7351821769904635
1000 1.0 16.329300295473313
114 1.0 16.58655052158543
115 1.0 17.956167137974
186 1.7781512503836436 25.345464687070297
1 1.6020599913279625 24.469666509833758
211 1.3010299956639813 22.03031942410671
242 1.6989700043360187 17.48060764330447
243 1.4771212547196624 25.8105965022697
248 2.079181246047625 22.73469994483774
249 1.6020599913279625 21.570555711548227
250 1.3010299956639813 16.070194442289612
251 1.3010299956639813 15.91714951082178
252 1.0 16.401453406092962
253 1.0 16.396443136520976
254 1.0 16.329300295473313
255 1.0 16.767843670427574
256 1.0 14.651068157152437
257 2.778151250383644 32.04340428656301
258 2.838849090737255 34.15368633845293
259 1.9542425094393248 27.067295817703585
260 2.5440680443502757 40.46004416097286
262 1.7781512503836436 21.133916878571615
263 1.6989700043360187 18.961368666684063
264 1.4771212547196624 16.714220604471006
265 1.7781512503836436 23.98572466518575
266 1.0 20.247891051811926
267 2.1760912590556813 24.25543451426215
268 2.230448921378274 28.048590371713367
269 2.414973347970818 26.08506226190013
270 2.9395192526186182 27.27789276817213
271 1.0 14.256693170752603
275 1.6989700043360187 20.27889021374396
277 2.0413926851582254 24.417648522770687
278 1.845098040014257 17.70612989299446
279 1.845098040014257 19.349744435445626
280 1.0 20.36083120666262
281 1.4771212547196624 18.79756428818881
284 1.6020599913279625 27.31523209193297
285 2.380211241711606 30.562929415100232
286 1.0 14.105675126378276
290 1.9542425094393248 17.858124243150325
291 1.6989700043360187 16.58416436051082
294 1.3010299956639813 18.739543300973466
296 1.3010299956639813 18.417536610152265
297 1.0 12.997490719339234
298 1.0 12.997490719339234
301 1.0 15.848797334570648
303 1.0 16.58655052158543
304 1.0 17.956167137974
305 1.0 18.712967679843132
306 1.0 16.600338456632596
307 1.6989700043360187 18.45025554098666
308 1.4771212547196624 17.69895328701503
309 1.3010299956639813 16.353960229243555
310 1.0 18.574581934797493
311 1.0 16.33409561676385
312 1.0 16.2406870095727
313 1.0 16.688807985466465
314 1.0 16.038281372083322
315 1.0 16.836578834986856
316 1.3010299956639813 16.400885878921038
317 1.9542425094393248 15.824754366327694
318 1.845098040014257 15.762695037388225
325 1.0 26.246066768442137
336 1.6989700043360187 17.48060764330447
337 1.4771212547196624 25.8105965022697
413 1.6989700043360187 19.214693399908615
477 1.0 18.712967679843132
478 1.0 16.600338456632596
47 1.0 19.524027135780376
480 1.6989700043360187 18.45025554098666
481 1.4771212547196624 17.69895328701503
482 1.3010299956639813 16.353960229243555
483 1.4771212547196624 16.072305173973206
499 1.0 27.781754633425805
519 1.3010299956639813 25.19479562289961
51 1.4771212547196624 16.468103731109437
531 1.0 19.203803572139346
532 1.6989700043360187 15.834509410850428
534 1.4771212547196624 18.11192779687125
53 1.4771212547196624 15.484623446241047
55 1.4771212547196624 16.109062218202855
562 1.845098040014257 23.455333927936188
564 1.4771212547196624 25.047424451568215
565 1.0 24.415044307928472
56 1.6020599913279625 16.008658872883498
573 1.0 16.9403306571999
574 1.0 16.601117775791995
575 1.0 16.359093907045278
576 1.3010299956639813 21.517861792661158
577 1.3010299956639813 16.12113380419118
578 1.0 17.196077893890912
579 1.4771212547196624 16.468103731109437
580 1.9030899869919435 25.521710205582426
581 1.9030899869919435 26.831073433021917
582 2.3979400086720375 24.99171329470656
583 2.4313637641589874 23.271290483826427
584 2.342422680822206 30.950545053399313
585 1.4771212547196624 15.484623446241047
587 1.0 13.1958036553251
591 1.0 15.92624199010319
592 1.6989700043360187 18.068207751312215
596 1.7781512503836436 19.971318757650213
597 1.845098040014257 19.894981669475758
599 1.9542425094393248 18.573663222245116
59 1.0 17.024968450726956
601 1.0 12.776622634706408
603 1.4771212547196624 16.109062218202855
604 1.6989700043360187 16.848497544115553
60 2.361727836017593 20.28552366248819
610 1.0 16.926793752845303
611 1.3010299956639813 16.37139499661555
612 1.0 22.300659992929845
613 1.0 16.24635806045507
614 1.4771212547196624 17.258283162732244
615 1.0 23.88195453063762
616 1.3010299956639813 16.2837123301042
617 1.3010299956639813 16.258590605316485
618 1.3010299956639813 15.979851330655551
619 1.3010299956639813 16.002509983007247
620 1.4771212547196624 15.900698718230329
621 1.3010299956639813 16.187886783484302
622 1.0 16.29894691934756
623 1.0 16.469393434006214
624 1.3010299956639813 16.24926695969382
625 1.6020599913279625 16.008658872883498
626 1.6989700043360187 15.483953915022516
627 1.3010299956639813 15.56115616891949
628 1.3010299956639813 17.4321572644572
629 1.0 15.448408287851615
630 1.3010299956639813 16.96541394633868
631 1.4771212547196624 19.950177336902193
632 1.3010299956639813 22.247424428787344
633 1.3010299956639813 20.514540434900287
634 2.079181246047625 21.49965573905078
635 1.3010299956639813 18.02903493564441
636 1.0 15.995025442232151
638 1.3010299956639813 17.972508687822355
639 1.9030899869919435 16.56038138552629
642 1.0 19.614776409036214
643 1.3010299956639813 19.629733620293802
659 1.0 17.024968450726956
662 2.113943352306837 19.41917384237332
77 1.0 16.876185748875265
815 1.0 16.876185748875265
822 1.6989700043360187 16.58416436051082
828 1.0 27.781754633425805
83 1.7781512503836436 25.345464687070297
84 1.845098040014257 20.94724544657274
881 1.0 16.868603706098174
883 1.0 18.574581934797493
884 1.0 16.33409561676385
885 1.0 16.2406870095727
886 1.0 16.688807985466465
887 1.0 16.038281372083322
888 1.0 16.836578834986856
891 1.845098040014257 20.556957071190386
892 1.6989700043360187 19.44244897613975
893 1.6989700043360187 19.650125642603225
894 1.4771212547196624 16.508326051842978
895 1.6020599913279625 16.22969191138666
908 1.0 15.998023604552252
969 2.0413926851582254 20.721079216106737
970 1.0 20.574683754662654
971 1.0 18.789785549650443
973 1.6020599913279625 19.582782794447926
974 2.1760912590556813 18.84312245235009
975 1.0 17.854534961736917
976 1.4771212547196624 19.01089422974206
977 1.4771212547196624 19.099167857362065
978 1.4771212547196624 17.34793605111952
979 2.113943352306837 19.907440181516993
982 2.079181246047625 19.01404692868626
987 1.7781512503836436 21.088601776656837
990 1.0 17.043147830109415
991 1.3010299956639813 19.241200976831678
992 1.845098040014257 20.972634792127216
994 1.3010299956639813 16.070194442289612
995 1.0 16.341134900020474
996 1.3010299956639813 16.28971068168109
997 1.3010299956639813 15.91714951082178
998 1.0 16.401453406092962
999 1.0 16.396443136520976
99 1.4771212547196624 16.508326051842978
