1.5228787452803376
145 1.3010299956639813 38.43033977941447
211 1.3010299956639813 22.03031942410671
242 1.0 17.48060764330447
246 1.4771212547196624 17.897958254775837
249 1.4771212547196624 21.570555711548227
257 1.6989700043360187 32.04340428656301
258 1.6020599913279625 34.15368633845293
260 1.4771212547196624 40.46004416097286
262 1.3010299956639813 21.133916878571615
277 1.0 24.417648522770687
279 1.3010299956639813 19.349744435445626
280 1.0 20.36083120666262
285 1.0 30.562929415100232
328 1.0 24.20016866097684
329 1.0 24.995158982809944
332 1.0 24.231012577485338
336 1.0 17.48060764330447
342 1.0 22.806563635018236
413 2.079181246047625 19.214693399908615
444 1.7781512503836436 16.89424162983062
445 2.146128035678238 21.739884671677192
447 1.6020599913279625 18.6211653234297
483 1.0 16.072305173973206
530 1.3010299956639813 20.54820717542731
596 1.0 19.971318757650213
5 1.0 18.45678502981382
77 1.0 16.876185748875265
80 1.3010299956639813 15.680631610845849
815 1.0 16.876185748875265
890 1.3010299956639813 15.846061238571657
