1.744727494896694
118 1.0 14.722236801759516
120 1.0 22.67074148141845
123 1.3010299956639813 21.94118068747015
128 1.0 18.640638875516817
187 1.0 25.365184410989947
200 1.0 22.625506653399253
212 1.0 22.053003739358804
230 1.0 22.625506653399253
332 1.3010299956639813 26.156648054217282
399 1.6020599913279625 31.06364857854412
412 1.0 21.758302257583633
436 1.0 18.15542263413017
515 1.0 23.20380250236597
582 2.0413926851582254 26.849702075967517
654 1.0 22.625506653399253
772 1.6020599913279625 31.06364857854412
84 1.0 25.365184410989947
902 1.0 16.786437281709325
