0.8239087409443188
1000 1.4771212547196624 16.329300295473313
110 1.0 14.809660053849848
114 1.4771212547196624 16.58655052158543
115 1.0 17.956167137974
1 1.0 24.469666509833758
211 1.3010299956639813 22.03031942410671
212 1.0 19.272892292014472
242 2.113943352306837 17.48060764330447
243 1.4771212547196624 25.8105965022697
244 1.7781512503836436 16.48858847797927
245 1.3010299956639813 15.579322499796028
246 1.845098040014257 17.897958254775837
248 1.3010299956639813 22.73469994483774
249 1.3010299956639813 21.570555711548227
250 1.6020599913279625 16.070194442289612
251 1.6020599913279625 15.91714951082178
252 1.4771212547196624 16.401453406092962
253 1.4771212547196624 16.396443136520976
254 1.4771212547196624 16.329300295473313
255 1.3010299956639813 16.767843670427574
257 1.9030899869919435 32.04340428656301
258 1.9542425094393248 34.15368633845293
259 2.1760912590556813 27.067295817703585
260 2.681241237375587 40.46004416097286
266 1.845098040014257 20.247891051811926
267 1.7781512503836436 24.25543451426215
268 2.204119982655925 28.048590371713367
269 1.3010299956639813 26.08506226190013
271 1.0 14.256693170752603
272 1.3010299956639813 15.457778110651116
273 1.3010299956639813 16.369637361529076
276 1.0 13.074202270093174
277 1.6989700043360187 24.417648522770687
283 1.3010299956639813 15.990191960562015
285 1.4771212547196624 30.562929415100232
287 1.7781512503836436 16.48858847797927
290 1.0 17.858124243150325
303 1.4771212547196624 16.58655052158543
304 1.0 17.956167137974
305 1.3010299956639813 18.712967679843132
306 1.4771212547196624 16.600338456632596
307 1.845098040014257 18.45025554098666
308 1.6989700043360187 17.69895328701503
309 1.0 16.353960229243555
310 1.4771212547196624 18.574581934797493
311 1.0 16.33409561676385
312 1.4771212547196624 16.2406870095727
313 1.4771212547196624 16.688807985466465
314 1.4771212547196624 16.038281372083322
315 1.4771212547196624 16.836578834986856
316 1.3010299956639813 16.400885878921038
336 2.113943352306837 17.48060764330447
337 1.4771212547196624 25.8105965022697
342 1.0 22.806563635018236
413 1.6989700043360187 19.214693399908615
41 1.7781512503836436 20.87407005016222
445 1.0 21.739884671677192
458 1.3010299956639813 15.457778110651116
477 1.3010299956639813 18.712967679843132
478 1.4771212547196624 16.600338456632596
480 1.845098040014257 18.45025554098666
481 1.6989700043360187 17.69895328701503
482 1.0 16.353960229243555
483 1.0 16.072305173973206
484 1.845098040014257 14.841497874872914
499 1.3010299956639813 27.781754633425805
519 1.0 25.19479562289961
51 1.6020599913279625 16.468103731109437
524 1.0 20.518967135692183
532 1.0 15.834509410850428
54 1.4771212547196624 16.32113418866619
55 1.0 16.109062218202855
562 1.0 23.455333927936188
573 1.3010299956639813 16.9403306571999
574 1.4771212547196624 16.601117775791995
575 1.4771212547196624 16.359093907045278
576 1.0 21.517861792661158
577 1.6020599913279625 16.12113380419118
579 1.6020599913279625 16.468103731109437
580 1.6989700043360187 25.521710205582426
581 1.0 26.831073433021917
582 1.0 24.99171329470656
583 2.4471580313422194 23.271290483826427
584 2.3222192947339195 30.950545053399313
588 1.4771212547196624 16.32113418866619
596 1.7781512503836436 19.971318757650213
59 1.3010299956639813 17.024968450726956
603 1.0 16.109062218202855
607 1.0 15.451856847580665
60 1.0 20.28552366248819
611 1.3010299956639813 16.37139499661555
612 1.4771212547196624 22.300659992929845
613 1.4771212547196624 16.24635806045507
614 1.6989700043360187 17.258283162732244
615 1.0 23.88195453063762
616 1.6020599913279625 16.2837123301042
617 1.3010299956639813 16.258590605316485
618 1.6020599913279625 15.979851330655551
619 1.6020599913279625 16.002509983007247
620 1.6020599913279625 15.900698718230329
621 1.6020599913279625 16.187886783484302
622 1.0 16.29894691934756
623 1.4771212547196624 16.469393434006214
624 1.6020599913279625 16.24926695969382
628 1.0 17.4321572644572
630 1.0 16.96541394633868
631 1.0 19.950177336902193
632 1.0 22.247424428787344
633 1.0 20.514540434900287
635 1.0 18.02903493564441
636 1.0 15.995025442232151
642 1.4771212547196624 19.614776409036214
643 1.6020599913279625 19.629733620293802
659 1.3010299956639813 17.024968450726956
660 1.0 17.15044222388708
662 1.0 19.41917384237332
81 1.3010299956639813 15.73170187126443
828 1.3010299956639813 27.781754633425805
830 1.3010299956639813 15.73170187126443
881 1.4771212547196624 16.868603706098174
883 1.4771212547196624 18.574581934797493
884 1.0 16.33409561676385
885 1.4771212547196624 16.2406870095727
886 1.4771212547196624 16.688807985466465
887 1.4771212547196624 16.038281372083322
888 1.4771212547196624 16.836578834986856
890 1.3010299956639813 15.846061238571657
891 2.0 20.556957071190386
892 1.845098040014257 19.44244897613975
893 1.845098040014257 19.650125642603225
895 1.3010299956639813 16.22969191138666
896 1.6989700043360187 14.003704403713009
897 1.6989700043360187 14.137583702742898
898 1.6989700043360187 14.029360356309446
899 1.6989700043360187 13.993675428820948
89 1.7781512503836436 16.48858847797927
900 1.6989700043360187 14.099612986087388
901 1.6989700043360187 13.926106883531865
902 1.3010299956639813 13.26616819022042
908 1.0 15.998023604552252
969 1.0 20.721079216106737
970 1.0 20.574683754662654
982 1.3010299956639813 19.01404692868626
990 1.0 17.043147830109415
994 1.6020599913279625 16.070194442289612
995 1.4771212547196624 16.341134900020474
996 1.3010299956639813 16.28971068168109
997 1.6020599913279625 15.91714951082178
998 1.4771212547196624 16.401453406092962
999 1.4771212547196624 16.396443136520976
