1.0705810742857074
100 1.0 15.756951807688566
110 1.0 16.382580531642766
111 1.0 16.152248564614663
112 1.0 16.283682408859754
113 1.0 16.11034052774081
114 1.0 16.193892293870782
115 1.0 16.237932532274638
116 1.0 16.285640371001193
187 1.0 25.365184410989947
1 1.0 24.099314783282633
211 1.0 19.87652496554322
212 1.0 22.053003739358804
244 1.0 25.829961126625353
248 1.0 16.370386131129504
251 1.0 16.101277881366933
252 1.0 15.94853123487721
258 2.230448921378274 32.05900432440354
259 1.6020599913279625 34.168322910342354
260 1.845098040014257 27.085761995614487
261 2.740362689494244 40.472400145134394
264 1.4771212547196624 18.98771976077981
266 1.6020599913279625 24.006561347142163
268 1.4771212547196624 24.276039699169623
269 2.278753600952829 28.06641091839446
270 2.204119982655925 26.10422328297102
271 2.7075701760979363 27.296216475399984
272 1.3010299956639813 14.291721385647843
286 1.9030899869919435 30.579284727285547
287 1.3010299956639813 14.141077426099002
291 1.0 17.88610079038451
308 1.6020599913279625 18.477335563541324
309 1.3010299956639813 17.72718103523344
310 1.0 16.384505338266393
317 1.0 16.431343755560334
326 1.0 26.265110333168654
333 1.0 24.251638512278973
338 1.0 25.829961126625353
445 1.4771212547196624 16.923811634708713
446 2.1760912590556813 21.762871720842014
448 1.3010299956639813 18.647997157938995
478 1.0 16.265225052820202
479 1.0 16.116413501007873
480 1.0 16.113389796665334
483 1.4771212547196624 14.843383405093189
515 1.0 23.20380250236597
520 1.3010299956639813 25.214633181541256
53 1.0 15.516879946428599
563 1.4771212547196624 23.476641362660768
578 1.0 16.152119214909096
581 1.6989700043360187 25.541293855592556
582 2.380211241711606 26.849702075967517
583 2.5051499783199063 25.011711924712642
584 1.6989700043360187 23.292766275876946
585 2.079181246047625 30.96669564390913
586 1.0 15.516879946428599
588 1.0 13.23364024408595
597 1.0 19.996338987916545
59 1.0 17.054311793451188
600 1.0 18.60056357999351
60 1.6020599913279625 20.310156825129837
612 1.0 16.40190763707712
615 1.0 17.287230481631443
617 1.0 16.314388963414707
618 1.0 16.289314548847216
619 1.0 16.011110159818838
620 1.0 16.033724637658167
621 1.0 15.932112845694121
622 1.0 16.21874466519853
625 1.0 16.28000849899647
635 1.6020599913279625 21.5228993608598
660 1.0 17.054311793451188
663 1.0 19.44490454387257
80 1.3010299956639813 15.71248572680523
84 1.0 25.365184410989947
85 1.0 20.97110134921298
890 1.6020599913279625 18.477335563541324
891 1.3010299956639813 17.72718103523344
892 1.0 16.384505338266393
896 1.0 15.756951807688566
973 1.3010299956639813 18.869638675773842
978 1.3010299956639813 19.932540595234652
979 1.0 17.6480879383687
993 1.0 16.101277881366933
995 1.0 16.320376040179806
996 1.0 15.94853123487721
