1.1079053973095196
1000 1.0 16.329300295473313
114 1.0 16.58655052158543
115 1.3010299956639813 17.956167137974
184 1.0 24.619860170608522
200 1.0 16.645211904679204
210 1.4771212547196624 19.851353724768064
252 1.0 16.401453406092962
253 1.0 16.396443136520976
254 1.0 16.329300295473313
255 1.0 16.767843670427574
257 1.3010299956639813 32.04340428656301
260 1.6989700043360187 40.46004416097286
263 1.3010299956639813 18.961368666684063
264 1.3010299956639813 16.714220604471006
265 1.4771212547196624 23.98572466518575
266 1.3010299956639813 20.247891051811926
268 1.4771212547196624 28.048590371713367
289 1.0 19.318257671242296
290 1.0 17.858124243150325
291 1.4771212547196624 16.58416436051082
303 1.0 16.58655052158543
304 1.3010299956639813 17.956167137974
305 1.3010299956639813 18.712967679843132
306 1.0 16.600338456632596
310 1.3010299956639813 18.574581934797493
311 1.0 16.33409561676385
312 1.0 16.2406870095727
313 1.0 16.688807985466465
314 1.0 16.038281372083322
315 1.0 16.836578834986856
325 1.0 26.246066768442137
371 1.0 16.769406485969878
43 1.0 17.11189632348561
459 1.0 16.318175390056652
477 1.3010299956639813 18.712967679843132
478 1.0 16.600338456632596
500 1.0 24.619860170608522
503 1.4771212547196624 18.364443485111277
519 1.3010299956639813 25.19479562289961
536 1.0 17.11189632348561
55 1.0 16.109062218202855
560 1.0 26.176582993590046
565 1.0 24.415044307928472
573 1.0 16.9403306571999
574 1.0 16.601117775791995
575 1.0 16.359093907045278
580 1.3010299956639813 25.521710205582426
581 1.3010299956639813 26.831073433021917
583 1.0 23.271290483826427
584 1.4771212547196624 30.950545053399313
591 1.0 15.92624199010319
603 1.0 16.109062218202855
610 1.0 16.926793752845303
612 1.845098040014257 22.300659992929845
613 1.0 16.24635806045507
615 1.9030899869919435 23.88195453063762
622 1.0 16.29894691934756
623 1.0 16.469393434006214
660 1.0 17.15044222388708
698 1.0 13.23364024408595
818 1.0 19.318257671242296
822 1.4771212547196624 16.58416436051082
829 1.0 24.619860170608522
831 1.0 15.854309531641922
881 1.0 16.868603706098174
883 1.3010299956639813 18.574581934797493
884 1.0 16.33409561676385
885 1.0 16.2406870095727
886 1.0 16.688807985466465
887 1.0 16.038281372083322
888 1.0 16.836578834986856
974 1.0 18.84312245235009
978 1.0 17.34793605111952
980 1.0 17.619733479266785
981 1.0 18.147091699710654
995 1.0 16.341134900020474
998 1.0 16.401453406092962
999 1.0 16.396443136520976
