1.5686362358410126
258 1.4771212547196624 32.05900432440354
259 1.9542425094393248 34.168322910342354
260 1.3010299956639813 27.085761995614487
261 1.6989700043360187 40.472400145134394
269 1.4771212547196624 28.06641091839446
279 1.4771212547196624 17.734346218217127
285 1.0 27.333530767834674
286 1.0 30.579284727285547
291 1.0 17.88610079038451
53 1.0 15.516879946428599
563 1.0 23.476641362660768
565 1.0 25.067378635529828
566 1.3010299956639813 24.435514902659826
581 1.4771212547196624 25.541293855592556
583 1.0 25.011711924712642
584 1.3010299956639813 23.292766275876946
586 1.0 15.516879946428599
597 1.0 19.996338987916545
598 1.4771212547196624 19.920097781606806
605 1.4771212547196624 16.87814769144019
60 1.0 20.310156825129837
635 1.6020599913279625 21.5228993608598
713 1.0 16.184280047905055
974 1.7781512503836436 17.88251712427213
976 2.1760912590556813 19.12532909112134
977 1.9542425094393248 17.376734020918096
979 1.0 17.6480879383687
