1.4202164033831899
187 1.0 25.365184410989947
258 1.4771212547196624 32.05900432440354
259 2.0 34.168322910342354
263 1.3010299956639813 21.157562303591927
269 1.0 28.06641091839446
274 1.0 16.400153272087692
279 1.3010299956639813 17.734346218217127
291 1.6989700043360187 17.88610079038451
292 1.4771212547196624 16.614286248179223
298 1.0 13.03590292228772
299 1.0 13.03590292228772
300 1.0 12.815696857748005
302 1.0 15.880314132670478
447 1.0 17.43776619662874
520 1.0 25.214633181541256
532 1.7781512503836436 19.229822454648716
535 1.7781512503836436 18.139512907437105
54 1.0 16.35174061696333
55 1.4771212547196624 16.140070803745896
584 1.0 23.292766275876946
585 1.0 30.96669564390913
589 1.0 16.35174061696333
592 1.0 15.957605833185818
594 1.3010299956639813 21.479558238529965
600 1.6020599913279625 18.60056357999351
604 1.4771212547196624 16.140070803745896
605 1.6989700043360187 16.87814769144019
611 1.0 16.956306990360925
825 1.4771212547196624 16.614286248179223
84 1.0 25.365184410989947
85 1.0 20.97110134921298
965 1.0 13.009307666040192
966 1.6989700043360187 20.37474443529265
967 1.0 12.932211177895763
970 1.6989700043360187 18.816376936112132
974 1.845098040014257 17.88251712427213
978 1.3010299956639813 19.932540595234652
979 1.3010299956639813 17.6480879383687
