1.4685210829577449
174 1.0 25.443847031718235
175 1.0 18.88811507135678
197 1.0 21.73615837537494
19 1.0 22.906892828979473
207 1.0 18.798742484766407
210 1.0 20.74943729156614
233 1.0 18.798742484766407
234 1.0 20.74943729156614
254 1.0 16.42690925065229
261 1.4771212547196624 40.472400145134394
267 1.0 20.272569941821523
409 1.0 18.798742484766407
410 1.0 20.74943729156614
444 1.0 29.526890635247195
506 1.0 20.117459620901656
582 1.0 26.849702075967517
585 1.0 30.96669564390913
594 1.0 21.479558238529965
597 1.0 19.996338987916545
598 1.0 19.920097781606806
651 1.0 21.73615837537494
659 1.0 18.798742484766407
65 1.0 18.842982330593173
808 1.0 27.292695599132404
864 1.0 22.523102482333243
877 1.0 22.452284526648562
879 1.0 22.452284526648562
919 1.0 17.121724244752095
91 1.0 21.73615837537494
927 1.0 18.7642269613462
945 1.0 16.481630601170867
961 1.0 18.914849636919964
992 1.0 33.556122085405605
998 1.0 16.42690925065229
