1.3467874862246563
161 1.0 40.68786868352573
174 1.0 25.443847031718235
188 1.0 18.394820991631416
202 1.0 16.202778266288398
309 1.0 17.72718103523344
359 1.0 13.553227307353156
360 1.4771212547196624 13.596759086117835
361 1.0 13.596759086117833
362 1.0 13.983516145523103
372 1.3010299956639813 16.799196227548762
373 1.6989700043360187 15.930282308948243
397 1.3010299956639813 34.76173337398946
399 1.0 31.06364857854412
431 1.4771212547196624 21.076784861203542
433 1.3010299956639813 24.68064648083747
434 1.7781512503836436 26.054272842923844
435 1.3010299956639813 24.468548355039516
441 1.3010299956639813 31.735712827979288
444 1.4771212547196624 29.526890635247195
506 1.0 20.117459620901656
510 1.3010299956639813 21.594628676437562
520 1.6020599913279625 25.214633181541256
560 1.3010299956639813 32.40746376373745
566 1.0 24.435514902659826
573 2.278753600952829 34.62164344212061
583 1.3010299956639813 25.011711924712642
64 1.0 16.737458178003557
704 1.0 13.009307666040192
712 1.0 16.737458178003557
713 1.0 16.184280047905055
715 1.0 13.112389751655092
717 1.0 13.112389751655092
722 1.0 12.893490060867618
723 1.0 12.893490060867618
726 1.0 15.370445248663776
732 1.3010299956639813 28.96885361670166
733 1.0 24.09659662047416
747 1.0 22.34898733858306
754 1.3010299956639813 21.72844942797455
771 1.3010299956639813 19.405549325281637
772 1.0 31.06364857854412
820 1.0 18.394820991631416
891 1.0 17.72718103523344
960 1.3010299956639813 20.844073091142132
961 1.0 18.914849636919964
