1.0915149811213503
107 1.3010299956639813 21.261407681253527
122 1.0 25.99704858881334
125 1.3010299956639813 17.797417400691103
133 1.0 31.18619433249154
134 1.0 27.567002922119546
135 1.4771212547196624 29.53008637972915
136 1.0 23.748484428238577
138 1.0 22.291356872514033
140 1.3010299956639813 21.068838098294076
143 1.3010299956639813 21.629493927449314
146 1.6989700043360187 38.443348131520054
147 1.9030899869919435 38.27432982034523
148 1.6989700043360187 39.73153365749456
149 1.9542425094393248 36.714155384577936
150 1.6989700043360187 30.64451579794581
151 1.845098040014257 28.69713041845068
152 1.6989700043360187 26.43569384136088
154 2.204119982655925 38.92312411360697
155 1.7781512503836436 39.65608647202028
156 1.9542425094393248 32.80078913912944
157 1.0 27.318575173705053
158 1.6989700043360187 40.36801588254125
159 1.3010299956639813 34.663276209978875
161 1.0 40.68786868352573
162 1.6020599913279625 29.200185832126223
163 1.3010299956639813 27.444701699266258
175 1.0 18.88811507135678
189 1.0 22.794574400913437
217 1.0 16.75160018454076
22 1.0 20.042266187907835
236 1.0 23.511023087218234
24 1.0 22.714650363605696
250 1.0 21.593723016307443
253 1.0 16.431910230774704
258 1.0 32.05900432440354
261 1.0 40.472400145134394
335 1.0 26.592389103304416
336 1.0 27.213017312486674
344 1.0 20.86119657744264
349 1.3010299956639813 16.95637498328479
383 1.0 23.402720804995248
389 1.0 17.411970458585486
390 1.0 23.009670542854348
399 1.0 31.06364857854412
402 1.0 24.177242781351655
414 1.0 19.240697556286563
41 1.0 20.898009485572526
441 1.3010299956639813 31.735712827979288
444 1.0 29.526890635247195
472 1.3010299956639813 26.198430887398857
520 1.4771212547196624 25.214633181541256
527 1.0 20.61363026869414
528 1.0 21.12339116570097
543 1.0 18.30187230227827
561 1.3010299956639813 26.19567707123272
583 1.0 25.011711924712642
598 1.0 19.920097781606806
646 1.0 21.019109611528222
647 1.0 18.531080228224845
648 1.0 22.794574400913437
665 1.3010299956639813 20.62218664974217
671 1.0 20.661290750656658
691 1.0 20.252883122476465
736 1.0 26.48297924216182
738 1.0 23.256531591422583
742 1.0 21.68833801617828
746 1.0 19.14200258825803
749 1.0 22.58723493033533
750 1.0 20.234721635985533
772 1.0 31.06364857854412
777 1.0 24.177242781351655
778 1.0 25.828938051552868
779 1.3010299956639813 28.58117033955364
812 1.0 18.445184780380607
854 1.0 20.336569559735775
867 1.0 36.43404557128479
902 1.0 16.786437281709325
908 1.0 18.24824091238585
94 1.0 40.42228834338309
954 1.3010299956639813 20.62218664974217
997 1.0 16.431910230774704
