1.1870866433571445
139 1.0 17.437449700363672
144 1.0 19.628955678670632
189 1.9542425094393248 22.794574400913437
209 1.3010299956639813 19.7404272810474
223 1.0 19.5018082949504
258 1.0 32.05900432440354
271 1.6989700043360187 27.296216475399984
285 1.6020599913279625 27.333530767834674
296 1.0 21.560794875219035
2 1.3010299956639813 25.673207973589584
332 1.4771212547196624 26.156648054217282
333 1.4771212547196624 24.251638512278973
335 1.0 26.592389103304416
339 1.0 21.777753188456284
3 1.3010299956639813 25.673207973589584
402 2.0413926851582254 24.177242781351655
434 1.3010299956639813 26.054272842923844
437 1.0 16.518134272484215
438 1.0 16.53113721916283
441 1.4771212547196624 31.735712827979288
452 1.0 15.65046621316542
453 1.6020599913279625 19.168795308535405
472 1.3010299956639813 26.198430887398857
494 1.0 22.47464478924292
500 1.3010299956639813 27.79974623106974
526 1.0 17.752415668623385
528 1.0 21.12339116570097
551 1.0 15.64922422599311
553 1.0 20.46546645488232
560 1.6020599913279625 32.40746376373745
563 1.0 23.476641362660768
571 1.3010299956639813 19.508904785615407
57 1.0 16.169816605433944
616 1.0 23.902881671535816
636 1.0 18.05674668124595
645 1.0 16.169816605433944
646 1.0 21.019109611528222
648 1.9542425094393248 22.794574400913437
655 1.0 22.47464478924292
66 1.4771212547196624 17.304976281070527
672 1.3010299956639813 19.607432276969973
673 1.0 17.464006401007527
686 1.0 17.204501418003492
732 1.0 28.96885361670166
751 1.3010299956639813 24.759982935078224
777 2.0413926851582254 24.177242781351655
778 2.6989700043360187 25.828938051552868
779 2.7160033436347994 28.58117033955364
780 2.838849090737255 29.39263705080337
781 2.8512583487190755 26.78123592188267
782 2.255272505103306 28.670617617530514
783 2.6989700043360187 24.23640676791617
784 2.3010299956639813 28.829559825624525
80 1.0 15.71248572680523
831 1.3010299956639813 27.79974623106974
856 1.0 17.292029554288533
859 1.0 17.03148242460064
873 1.0 25.188400405739408
907 1.0 16.02381405871867
917 1.0 21.083151146519995
921 1.0 16.37330158288374
953 1.3010299956639813 19.129941566095997
958 1.6020599913279625 21.012855683925522
978 1.0 19.932540595234652
992 1.4771212547196624 33.556122085405605
