1.6989700043360187
117 1.0 21.166129822732998
122 1.0 25.99704858881334
209 1.3010299956639813 19.7404272810474
258 1.3010299956639813 32.05900432440354
259 1.0 34.168322910342354
268 1.0 24.276039699169623
2 1.0 25.673207973589584
329 1.3010299956639813 24.220820861806594
3 1.0 25.673207973589584
433 1.0 24.68064648083747
435 1.0 24.468548355039516
511 1.0 18.55968024231519
512 1.0 21.108817330045582
544 1.0 21.7329857487666
557 1.0 32.03860327247943
558 1.4771212547196624 29.49056558466878
571 1.0 19.508904785615407
572 1.3010299956639813 29.842988809469816
647 1.0 18.531080228224845
7 1.0 20.662205334068826
