1.2839966563652008
185 1.3010299956639813 24.640160608655044
191 1.0 30.983771998615772
201 1.0 16.675223517292782
205 1.0 18.460464588544884
232 1.0 18.460464588544884
285 1.0 27.333530767834674
2 1.0 25.673207973589584
375 1.3010299956639813 18.075636329874662
379 3.214843848047698 24.673753214847594
387 3.0791812460476247 21.87923801272718
397 1.3010299956639813 34.76173337398946
3 1.0 25.673207973589584
40 1.0 13.974390039448755
44 1.4771212547196624 15.731627971229939
455 1.0 15.077540523688015
457 1.3010299956639813 18.43689483349195
458 1.6020599913279625 17.695365074715316
459 1.0 24.541701226408268
461 1.4771212547196624 14.461504091988365
495 1.3010299956639813 16.86418674665899
497 1.0 21.557388215952543
501 1.3010299956639813 24.640160608655044
517 1.0 16.626536411088022
552 1.0 21.18617303846442
556 1.0 21.34923713779162
559 1.0 21.174473649853873
564 1.4771212547196624 15.731627971229939
570 1.3010299956639813 35.00523577088447
583 1.0 25.011711924712642
657 1.0 18.460464588544884
732 1.4771212547196624 28.96885361670166
733 1.4771212547196624 24.09659662047416
735 1.0 14.99808583605626
736 3.2810333672477277 26.48297924216182
737 1.4771212547196624 14.898514552522053
738 3.1818435879447726 23.256531591422583
742 1.0 21.68833801617828
743 1.0 13.520700102068366
747 1.3010299956639813 22.34898733858306
748 1.3010299956639813 14.04369359882837
749 2.1760912590556813 22.58723493033533
751 1.4771212547196624 24.759982935078224
775 1.0 23.494249679152507
823 1.0 30.983771998615772
829 1.0 21.557388215952543
833 1.0 15.885438230900338
839 1.0 12.854652307615794
864 1.0 22.523102482333243
867 1.0 36.43404557128479
884 1.3010299956639813 16.86418674665899
893 1.0 15.109347256076695
913 1.0 18.473312192215285
