1.744727494896694
128 1.0 18.640638875516817
185 1.0 24.640160608655044
286 1.0 30.579284727285547
328 2.204119982655925 32.88047364596294
329 1.0 24.220820861806594
331 1.7781512503836436 26.442768047844584
335 1.0 26.592389103304416
339 1.0 21.777753188456284
434 1.0 26.054272842923844
446 1.7781512503836436 21.762871720842014
501 1.0 24.640160608655044
515 1.0 23.20380250236597
525 1.0 20.543320381954224
528 1.3010299956639813 21.12339116570097
545 1.0 16.369127366332837
57 1.0 16.169816605433944
645 1.0 16.169816605433944
87 1.0 24.835731385689954
