1.5086383061657274
116 1.4771212547196624 21.142493979490386
193 1.0 17.74702978158316
199 1.0 22.603396897878287
218 1.0 20.03551983762025
229 1.0 22.603396897878287
258 1.6020599913279625 34.15368633845293
265 1.0 23.98572466518575
281 1.0 18.79756428818881
285 1.3010299956639813 30.562929415100232
286 1.0 14.105675126378276
2 1.0 25.653725024939046
335 1.4771212547196624 27.194637545841633
3 1.0 25.653725024939046
415 1.3010299956639813 19.419275690945604
457 1.0 24.521319277035015
47 1.0 19.524027135780376
519 1.3010299956639813 25.19479562289961
523 1.0 18.160502520733715
540 1.0 18.8619507228725
545 1.0 23.297633308982533
548 1.0 19.647259077738575
587 1.0 13.1958036553251
592 1.3010299956639813 18.068207751312215
649 1.0 17.74702978158316
653 1.0 22.603396897878287
807 1.0 23.916854058840084
86 1.0 24.815590935179138
936 1.0 21.526279874452115
965 1.0 15.571575634782315
971 1.0 18.789785549650443
978 1.0 17.34793605111952
