1.744727494896694
132 1.0 31.9240224086541
161 1.6989700043360187 40.68786868352573
213 1.0 19.298818028563065
236 1.0 23.511023087218234
259 1.0 34.168322910342354
275 1.0 17.353484581504098
441 1.0 31.735712827979288
472 1.3010299956639813 26.198430887398857
500 1.0 27.79974623106974
505 1.0 17.827254209129045
831 1.0 27.79974623106974
864 1.0 22.523102482333243
867 1.3010299956639813 36.43404557128479
880 1.3010299956639813 33.12096543823041
937 1.3010299956639813 17.488110770017975
941 1.0 18.01860444167257
984 1.0 17.695911660502205
985 1.4771212547196624 20.023207099137547
