1.3665315444204134
184 1.0 24.619860170608522
187 1.3010299956639813 18.36761931536485
1 1.0 24.469666509833758
200 1.0 16.645211904679204
218 1.0 20.03551983762025
260 1.0 40.46004416097286
268 1.0 28.048590371713367
269 1.0 26.08506226190013
284 1.3010299956639813 27.31523209193297
285 1.0 30.562929415100232
330 1.0 26.423852520632007
334 1.0 26.57358007912264
406 1.0 16.1759267221591
420 1.0 22.69268235247738
433 1.4771212547196624 26.035075059878718
440 1.0 31.719953794102054
457 1.0 24.521319277035015
459 1.0 16.318175390056652
497 1.3010299956639813 22.57404561538827
500 1.0 24.619860170608522
509 1.4771212547196624 21.57146234433863
555 1.6020599913279625 21.325804237253536
556 1.3010299956639813 32.02299329624464
557 1.0 29.473606133346674
558 1.6020599913279625 21.15084713075001
569 1.4771212547196624 34.990949277994865
571 1.0 29.826229749704215
572 1.6020599913279625 34.607198595571596
583 1.0 23.271290483826427
591 1.0 15.92624199010319
731 1.0 28.951588555136127
769 1.4771212547196624 19.37976637155202
817 1.3010299956639813 18.36761931536485
827 1.3010299956639813 22.57404561538827
829 1.0 24.619860170608522
82 1.0 16.54101827897147
853 1.0 16.54101827897147
865 1.0 36.420319557775116
908 1.0 15.998023604552252
912 1.0 21.510199531662707
917 1.0 20.297410938444266
91 1.0 21.379518228894476
923 1.0 21.33531539196555
