1.0915149811213503
101 1.0 13.047685080108735
104 1.0 21.315476777332258
106 1.3010299956639813 21.237877873941795
131 1.3010299956639813 31.908356378043813
132 1.3010299956639813 31.170157473839097
133 1.0 27.54885932499107
134 1.4771212547196624 29.51314963866556
160 1.3010299956639813 40.68185651929256
19 1.0 22.88505492845388
1 1.3010299956639813 24.469666509833758
206 1.3010299956639813 18.772126118491787
209 2.1760912590556813 20.72532624391316
218 1.0 20.03551983762025
232 1.3010299956639813 18.772126118491787
233 2.1760912590556813 20.72532624391316
235 1.6020599913279625 23.489746840008912
236 1.0 18.969094117495082
249 1.4771212547196624 21.570555711548227
270 1.0 27.27789276817213
277 1.4771212547196624 24.417648522770687
284 1.3010299956639813 27.31523209193297
321 1.3010299956639813 19.38943069849081
399 1.3010299956639813 19.13339458833571
405 1.3010299956639813 17.108838352647496
406 1.6020599913279625 16.1759267221591
408 1.3010299956639813 18.772126118491787
409 2.1760912590556813 20.72532624391316
410 1.6020599913279625 18.329720020247976
413 1.6020599913279625 19.214693399908615
415 1.3010299956639813 19.419275690945604
416 1.4771212547196624 18.61566394013484
417 1.0 15.908222464211535
431 1.0 20.115404335824383
440 1.3010299956639813 31.719953794102054
446 1.0 17.40906918615375
470 1.6989700043360187 23.994543772969674
471 1.6989700043360187 26.179338818270686
472 1.9030899869919435 20.431753744712537
475 1.6020599913279625 15.713768088124892
499 1.0 27.781754633425805
502 2.0413926851582254 24.947803517854027
539 1.0 23.34826527667759
541 1.0 19.703508556272116
542 1.3010299956639813 18.27453227223341
658 1.3010299956639813 18.772126118491787
665 1.4771212547196624 21.956288146883587
666 1.6020599913279625 20.41689440117043
689 1.0 16.928793195831474
691 1.3010299956639813 17.91548424436275
777 1.3010299956639813 28.5636709471766
791 1.0 15.027617842401222
792 1.0 15.296720290112676
793 1.4771212547196624 15.283359784295454
794 1.4771212547196624 15.391766171743628
796 1.7781512503836436 16.41623255841033
797 1.7781512503836436 17.68690492205947
798 2.079181246047625 19.84500063961507
799 1.9542425094393248 21.750977795505374
800 1.9030899869919435 21.474900607430737
810 1.3010299956639813 18.41805748667281
812 1.9030899869919435 21.474900607430737
814 1.4771212547196624 26.382740623521833
828 1.0 27.781754633425805
860 1.0 13.047685080108735
862 1.4771212547196624 22.500892102974184
865 1.845098040014257 36.420319557775116
866 1.0 13.074202270093174
867 1.6020599913279625 20.329143187123556
871 1.9030899869919435 25.16854217073077
872 1.4771212547196624 15.596352370499325
873 1.3010299956639813 15.748324655176601
875 1.0 22.430004022861485
876 1.6020599913279625 27.115678493576954
877 1.0 22.430004022861485
878 2.361727836017593 33.105865818015594
879 1.3010299956639813 15.968223619979328
931 1.0 22.349952035011718
939 1.0 17.878596309450398
953 1.3010299956639813 19.174774193635493
959 1.0 20.989047238821517
98 1.4771212547196624 15.596352370499325
