1.721246399047171
131 1.3010299956639813 31.908356378043813
184 1.3010299956639813 24.619860170608522
218 1.4771212547196624 20.03551983762025
284 1.0 27.31523209193297
351 1.0 22.293535126779712
362 1.0 13.245246508097683
365 1.0 13.207443168920843
471 1.0 26.179338818270686
493 1.7781512503836436 22.45238647455196
499 1.6989700043360187 27.781754633425805
500 1.3010299956639813 24.619860170608522
64 1.0 16.707558357235154
654 1.7781512503836436 22.45238647455196
711 1.0 16.707558357235154
779 1.3010299956639813 26.762559621671812
828 1.6989700043360187 27.781754633425805
829 1.3010299956639813 24.619860170608522
935 1.0 16.449077097941938
959 1.0 20.989047238821517
