1.7958800173440752
146 1.0 38.443348131520054
157 1.0 27.318575173705053
159 1.6020599913279625 34.663276209978875
160 1.3010299956639813 33.51414632402991
250 1.0 21.593723016307443
258 1.0 32.05900432440354
290 1.0 19.344122607461724
551 1.0 15.64922422599311
68 1.3010299956639813 17.582897293622267
821 1.0 19.344122607461724
846 1.0 15.59449419482713
92 1.0 21.402892320890444
956 1.3010299956639813 20.484965365855015
963 1.0 18.42775682251999
964 1.0 15.603652384930466
991 1.0 20.996461847748183
