1.6989700043360187
131 1.4771212547196624 31.908356378043813
132 1.0 31.170157473839097
141 1.4771212547196624 19.014107610916184
143 1.0 19.603466556586774
211 1.0 22.03031942410671
246 1.0 17.897958254775837
258 1.0 34.15368633845293
277 1.3010299956639813 24.417648522770687
285 1.4771212547196624 30.562929415100232
331 1.0 26.137525464974466
413 1.3010299956639813 19.214693399908615
440 1.4771212547196624 31.719953794102054
443 1.4771212547196624 29.509952060039822
471 1.3010299956639813 26.179338818270686
549 1.0 22.395775493328287
642 1.0 19.614776409036214
643 1.4771212547196624 19.629733620293802
68 1.0 17.554437536932625
807 1.0 23.916854058840084
980 1.0 17.619733479266785
