1.5528419686577808
189 1.0 22.794574400913437
192 1.0 16.982274168574502
207 1.0 18.798742484766407
209 1.3010299956639813 19.7404272810474
233 1.0 18.798742484766407
289 1.0 19.41814822026422
2 1.0 25.673207973589584
335 1.3010299956639813 26.592389103304416
342 1.0 19.41814822026422
3 1.0 25.673207973589584
409 1.0 18.798742484766407
497 1.0 21.557388215952543
545 1.3010299956639813 16.369127366332837
548 1.0 19.056516086799924
598 1.0 19.920097781606806
648 1.0 22.794574400913437
659 1.0 18.798742484766407
803 1.0 16.74751991200512
809 1.0 23.93775068948324
824 1.0 16.982274168574502
829 1.0 21.557388215952543
87 1.3010299956639813 24.835731385689954
880 1.0 33.12096543823041
883 1.0 16.982274168574502
942 1.0 19.45006435459591
94 1.0 40.42228834338309
962 1.0 17.046701400697756
982 1.0 19.85729433713603
