1.6020599913279623
105 1.0 21.33892101876266
126 1.3010299956639813 19.10717613125738
268 1.0 24.276039699169623
271 1.0 27.296216475399984
326 1.0 26.265110333168654
328 1.4771212547196624 32.88047364596294
331 1.0 26.442768047844584
380 1.0 15.615254870204684
471 1.0 24.01537280312254
496 1.0 17.074026788002808
503 1.0 24.96783731854743
505 1.0 17.827254209129045
556 1.0 21.34923713779162
558 1.0 29.49056558466878
559 1.0 21.174473649853873
560 1.0 32.40746376373745
579 1.0 17.22512975082521
57 1.0 16.169816605433944
583 1.0 25.011711924712642
645 1.0 16.169816605433944
747 1.3010299956639813 22.34898733858306
77 1.0 16.90578733542276
817 1.0 16.90578733542276
828 1.0 17.074026788002808
919 1.0 17.121724244752095
