1.3665315444204134
175 1.0 22.356903676375765
192 1.0 19.898472476859148
199 1.0 22.603396897878287
213 1.0 18.016798133940682
218 1.0 20.03551983762025
222 1.0 19.47615277135082
226 1.0 16.894525174208198
229 1.0 22.603396897878287
235 1.0 23.489746840008912
241 1.3010299956639813 20.323087997959746
285 1.0 30.562929415100232
342 1.0 22.806563635018236
396 1.0 34.747346764383785
433 1.3010299956639813 26.035075059878718
470 1.0 23.994543772969674
471 1.0 26.179338818270686
493 1.0 22.45238647455196
545 1.3010299956639813 23.297633308982533
610 1.0 16.926793752845303
62 1.3010299956639813 20.323087997959746
645 1.0 20.99530825830948
648 1.0 19.898472476859148
653 1.0 22.603396897878287
654 1.0 22.45238647455196
665 1.0 21.956288146883587
666 1.0 20.41689440117043
668 1.0 17.727873548642012
676 1.3010299956639813 20.23539889371069
754 1.0 14.74786118683863
806 1.0 27.27436952647854
813 1.0 20.580671285807178
84 1.0 20.94724544657274
862 1.0 22.500892102974184
865 1.6020599913279625 36.420319557775116
938 1.0 17.459496507758143
93 1.6020599913279625 40.4099170367325
944 1.0 19.37627093560627
967 1.0 20.350189453749287
984 1.3010299956639813 15.961555900385454
986 1.7781512503836436 19.998220484206893
987 1.0 21.088601776656837
988 1.0 15.586281284702965
989 1.0 18.267442413672814
