1.1674910872937636
131 1.4771212547196624 31.908356378043813
132 1.0 31.170157473839097
133 1.0 27.54885932499107
135 1.3010299956639813 23.727421112255122
137 1.0 22.26891535791042
140 1.3010299956639813 22.06065850896495
142 1.3010299956639813 21.606364977884798
145 1.9542425094393248 38.43033977941447
146 1.7781512503836436 38.26126400416704
147 1.9030899869919435 39.718947201261805
148 1.6020599913279625 36.70053413239285
153 1.7781512503836436 38.91027615891787
154 1.4771212547196624 39.64347606197456
155 1.0 32.78554205971943
156 1.3010299956639813 27.300266473449927
157 1.845098040014257 40.355627938282694
158 1.0 34.64884871982456
160 1.7781512503836436 40.68185651929256
161 1.4771212547196624 29.183057629910973
162 1.0 27.42647719561716
163 1.0 29.043663537477517
186 1.0 25.345464687070297
1 1.0 24.469666509833758
209 1.0 20.72532624391316
233 1.0 20.72532624391316
248 1.0 22.73469994483774
257 1.0 32.04340428656301
258 1.0 34.15368633845293
260 1.0 40.46004416097286
270 1.0 27.27789276817213
285 1.3010299956639813 30.562929415100232
325 1.0 26.246066768442137
331 1.0 26.137525464974466
352 1.0 25.386817845441577
409 1.0 20.72532624391316
412 1.3010299956639813 19.41595254379453
440 1.0 31.719953794102054
443 1.0 29.509952060039822
445 1.0 21.739884671677192
555 1.0 21.325804237253536
558 1.0 21.15084713075001
561 1.0 20.6139191343978
562 1.0 23.455333927936188
564 1.0 25.047424451568215
566 1.3010299956639813 23.04859528725498
569 1.0 34.990949277994865
571 1.0 29.826229749704215
572 1.3010299956639813 34.607198595571596
582 1.0 24.99171329470656
593 1.0 21.456267665239462
596 1.0 19.971318757650213
59 1.0 17.024968450726956
60 1.6020599913279625 20.28552366248819
634 1.0 21.49965573905078
659 1.0 17.024968450726956
670 1.0 20.6370767184495
691 1.0 17.91548424436275
805 1.0 24.462808310936932
83 1.0 25.345464687070297
84 1.0 20.94724544657274
865 1.3010299956639813 36.420319557775116
875 1.0 22.430004022861485
877 1.0 22.430004022861485
93 1.6989700043360187 40.4099170367325
952 1.0 25.38787746985513
961 1.6020599913279625 20.820071638418433
967 1.0 20.350189453749287
992 1.0 20.972634792127216
