1.6777807052660807
138 1.0 17.408752168168547
157 1.0 40.355627938282694
186 1.3010299956639813 25.345464687070297
285 1.3010299956639813 30.562929415100232
326 1.3010299956639813 21.385169256471997
327 1.4771212547196624 32.86526353435894
328 1.3010299956639813 24.20016866097684
329 1.3010299956639813 24.995158982809944
345 1.0 17.350406766716183
47 1.0 19.524027135780376
493 1.3010299956639813 22.45238647455196
518 1.3010299956639813 20.682013519960595
645 1.845098040014257 20.99530825830948
654 1.3010299956639813 22.45238647455196
664 1.0 20.597926648495577
667 1.0 16.465785588330146
83 1.3010299956639813 25.345464687070297
865 1.0 36.420319557775116
947 1.3010299956639813 19.45698562548774
955 1.0 20.597926648495577
965 1.0 15.571575634782315
