1.6989700043360187
132 1.9030899869919435 31.9240224086541
133 2.0413926851582254 31.18619433249154
134 1.7781512503836436 27.567002922119546
135 1.6020599913279625 29.53008637972915
136 1.6020599913279625 23.748484428238577
137 1.845098040014257 22.922196064917607
138 1.3010299956639813 22.291356872514033
139 1.0 17.437449700363672
140 1.6020599913279625 21.068838098294076
141 1.845098040014257 22.083311659467373
24 1.4771212547196624 22.714650363605696
486 1.3010299956639813 18.698257556219072
488 1.4771212547196624 18.91692636651541
498 1.0 22.596184090364247
673 1.0 17.464006401007527
67 1.4771212547196624 17.777478226009574
684 1.0 16.936770172063596
692 1.0 17.94337135852708
830 1.0 22.596184090364247
852 1.0 21.864410189197464
