1.537602002101044
131 1.0 31.908356378043813
135 1.0 23.727421112255122
140 1.0 22.06065850896495
145 1.3010299956639813 38.43033977941447
146 1.0 38.26126400416704
147 1.3010299956639813 39.718947201261805
148 1.0 36.70053413239285
149 1.0 30.628195318865107
154 1.0 39.64347606197456
155 1.0 32.78554205971943
157 1.4771212547196624 40.355627938282694
160 1.0 40.68185651929256
161 1.6020599913279625 29.183057629910973
162 1.3010299956639813 27.42647719561716
22 1.0 20.017303363514117
283 1.0 15.990191960562015
389 1.0 22.987930278533103
741 1.0 21.665271886223913
748 1.0 22.56508767539272
749 1.0 20.209996528594978
771 1.3010299956639813 25.078312841330952
776 1.0 25.809572659595812
778 1.3010299956639813 29.375621062375156
799 1.0 21.750977795505374
800 1.0 21.474900607430737
807 1.0 23.916854058840084
812 1.0 21.474900607430737
903 1.0 16.756624857433575
941 1.0 16.02177904462421
