1.136677139879544
1000 1.0 16.797636183579463
105 1.0 21.33892101876266
107 1.0 21.261407681253527
185 1.0 24.640160608655044
198 1.0 18.00016847208931
253 1.0 16.431910230774704
254 1.0 16.42690925065229
255 1.0 16.359891446453577
256 1.0 16.797636183579463
260 1.0 27.085761995614487
261 1.6020599913279625 40.472400145134394
267 1.0 20.272569941821523
269 1.3010299956639813 28.06641091839446
304 1.0 16.616668083737665
305 1.0 17.98399116678101
306 1.0 18.739668070348888
307 1.0 16.630431048976302
311 1.0 18.601480963958362
312 1.0 16.364677803659443
313 1.0 16.271444758929782
314 1.0 16.718741339460014
315 1.0 16.06942654142066
316 1.0 16.866249934906318
322 1.0 19.415200818214007
397 1.0 34.76173337398946
399 1.0 31.06364857854412
432 1.3010299956639813 20.140245569349506
471 1.4771212547196624 24.01537280312254
473 1.0 20.456210819322695
497 1.3010299956639813 21.557388215952543
501 1.0 24.640160608655044
515 1.0 23.20380250236597
520 1.0 25.214633181541256
553 1.0 20.46546645488232
573 1.0 34.62164344212061
574 1.0 16.969820351885488
575 1.0 16.63120895803179
576 1.0 16.389629448511823
581 1.0 25.541293855592556
582 1.4771212547196624 26.849702075967517
583 1.6020599913279625 25.011711924712642
584 1.0 23.292766275876946
585 1.3010299956639813 30.96669564390913
613 1.0 22.32306959448592
614 1.0 16.27710509361273
616 1.0 23.902881671535816
623 1.0 16.32959493311789
624 1.0 16.49972484873875
635 1.0 21.5228993608598
652 1.0 18.00016847208931
664 1.3010299956639813 17.88199680559741
732 1.0 28.96885361670166
772 1.0 31.06364857854412
808 1.3010299956639813 27.292695599132404
829 1.3010299956639813 21.557388215952543
864 1.3010299956639813 22.523102482333243
867 1.845098040014257 36.43404557128479
878 1.7781512503836436 27.134111744574057
880 1.0 33.12096543823041
885 1.0 16.616668083737665
886 1.0 17.98399116678101
887 1.0 18.739668070348888
888 1.0 16.630431048976302
894 1.0 16.898218574553624
917 1.0 21.083151146519995
958 1.0 21.012855683925522
966 1.0 20.37474443529265
968 1.0 20.745195199857015
991 1.0 20.996461847748183
994 1.0 16.371703937607325
997 1.0 16.431910230774704
998 1.0 16.42690925065229
999 1.0 16.359891446453577
