0.8860566476931633
105 1.0 21.33892101876266
120 1.3010299956639813 22.67074148141845
121 1.0 16.452082774442715
122 1.845098040014257 25.99704858881334
123 1.0 21.94118068747015
125 1.0 17.797417400691103
126 1.3010299956639813 19.10717613125738
133 1.0 31.18619433249154
137 1.3010299956639813 22.922196064917607
154 1.3010299956639813 38.92312411360697
159 1.0 34.663276209978875
161 1.4771212547196624 40.68786868352573
174 1.0 25.443847031718235
187 1.0 25.365184410989947
191 1.0 30.983771998615772
193 1.0 19.923584188401467
198 1.3010299956639813 18.00016847208931
199 1.0 19.95515608969582
212 1.4771212547196624 22.053003739358804
229 1.0 19.919432784468437
235 1.0 18.131311524289607
23 1.0 18.927700473196293
242 1.0 20.34767568477578
244 1.3010299956639813 25.829961126625353
24 1.0 22.714650363605696
258 1.4771212547196624 32.05900432440354
259 1.3010299956639813 34.168322910342354
261 1.845098040014257 40.472400145134394
266 1.0 24.006561347142163
268 1.0 24.276039699169623
269 1.0 28.06641091839446
271 1.3010299956639813 27.296216475399984
274 1.0 16.400153272087692
279 1.3010299956639813 17.734346218217127
282 1.0 18.824144686242487
283 1.3010299956639813 19.116081351354293
285 1.0 27.333530767834674
286 1.7781512503836436 30.579284727285547
291 1.0 17.88610079038451
326 1.3010299956639813 26.265110333168654
327 1.0 21.408537178610665
328 1.0 32.88047364596294
330 1.0 25.015154858124397
331 1.0 26.442768047844584
336 1.0 27.213017312486674
338 1.3010299956639813 25.829961126625353
348 1.0 18.44095543145629
353 1.3010299956639813 25.406505472371265
397 1.0 34.76173337398946
399 1.0 31.06364857854412
402 1.0 24.177242781351655
41 1.0 20.898009485572526
422 1.3010299956639813 19.196609027115258
432 1.0 20.140245569349506
456 1.0 14.185030139327283
459 1.4771212547196624 24.541701226408268
472 1.0 26.198430887398857
489 1.4771212547196624 18.813161782127867
498 1.0 22.596184090364247
503 1.0 24.96783731854743
505 1.0 17.827254209129045
506 1.0 20.117459620901656
512 1.0 21.108817330045582
516 1.3010299956639813 20.36682894213624
520 1.3010299956639813 25.214633181541256
525 1.0 20.543320381954224
532 1.4771212547196624 19.229822454648716
535 1.0 18.139512907437105
557 1.7781512503836436 32.03860327247943
558 1.6020599913279625 29.49056558466878
560 1.6020599913279625 32.40746376373745
562 1.6989700043360187 20.63816033660684
563 1.7781512503836436 23.476641362660768
565 1.7781512503836436 25.067378635529828
566 2.0 24.435514902659826
567 1.3010299956639813 23.07027838400899
570 1.3010299956639813 35.00523577088447
572 1.845098040014257 29.842988809469816
577 1.0 21.541085769479377
584 1.3010299956639813 23.292766275876946
585 1.7781512503836436 30.96669564390913
594 1.0 21.479558238529965
610 1.0 13.243797047954057
62 1.0 20.34767568477578
644 1.0 19.655188678913582
649 1.0 19.923584188401467
652 1.3010299956639813 18.00016847208931
653 1.0 19.95515608969582
671 1.0 20.661290750656658
675 1.0 18.16831043775807
693 1.0 16.43520777799439
69 1.3010299956639813 26.43449543906486
733 1.3010299956639813 24.09659662047416
747 1.0 22.34898733858306
751 1.3010299956639813 24.759982935078224
772 1.0 31.06364857854412
777 1.0 24.177242781351655
778 1.0 25.828938051552868
779 1.0 28.58117033955364
780 1.0 29.39263705080337
781 1.0 26.78123592188267
782 1.0 28.670617617530514
783 1.0 24.23640676791617
784 1.0 28.829559825624525
807 1.0 24.483238969908477
819 1.0 14.38700094710823
823 1.0 30.983771998615772
827 1.0 14.220677268086096
830 1.0 22.596184090364247
83 1.0 16.202098073055122
84 1.0 25.365184410989947
854 1.0 20.336569559735775
85 1.6989700043360187 20.97110134921298
869 1.0 20.353723559156737
88 1.0 14.220677268086096
922 1.0 21.35873785771627
92 1.3010299956639813 21.402892320890444
932 1.0 22.35128407421646
94 1.3010299956639813 40.42228834338309
968 1.0 20.745195199857015
969 1.0 20.598971129752556
974 1.3010299956639813 17.88251712427213
976 1.4771212547196624 19.12532909112134
977 1.3010299956639813 17.376734020918096
978 1.3010299956639813 19.932540595234652
981 1.0 19.04032511818754
984 1.0 17.695911660502205
987 1.0 15.618327832578043
990 1.0 19.267169356987246
992 1.0 33.556122085405605
