1.585026652029182
155 1.0 39.65608647202028
193 1.0 19.923584188401467
194 1.0 17.77518118243523
231 1.0 19.843697587754125
258 1.0 32.05900432440354
259 1.3010299956639813 34.168322910342354
280 1.0 19.375567339230585
281 1.0 20.385373369801357
286 1.0 30.579284727285547
336 1.0 27.213017312486674
499 1.0 19.843697587754125
532 1.3010299956639813 19.229822454648716
535 1.0 18.139512907437105
597 1.3010299956639813 19.996338987916545
646 1.0 21.019109611528222
649 1.0 19.923584188401467
650 1.0 17.77518118243523
656 1.0 19.843697587754125
681 1.0 17.041421373778608
69 1.0 26.43449543906486
966 1.0 20.37474443529265
969 1.0 20.598971129752556
970 1.0 18.816376936112132
971 1.0 19.694865931417798
974 1.0 17.88251712427213
987 1.0 15.618327832578043
