1.721246399047171
141 1.3010299956639813 22.083311659467373
146 1.0 38.443348131520054
147 1.3010299956639813 38.27432982034523
148 1.3010299956639813 39.73153365749456
149 1.4771212547196624 36.714155384577936
150 1.6989700043360187 30.64451579794581
151 1.4771212547196624 28.69713041845068
152 1.6020599913279625 26.43569384136088
153 1.3010299956639813 27.124579821694358
192 1.0 16.982274168574502
211 1.0 19.87652496554322
244 1.0 25.829961126625353
296 1.0 21.560794875219035
338 1.0 25.829961126625353
341 1.0 20.951702374187988
352 1.0 22.315951883102834
750 1.0 20.234721635985533
824 1.0 16.982274168574502
883 1.0 16.982274168574502
