1.2924298239020637
109 1.0 19.715945972128416
131 1.0 31.908356378043813
155 1.3010299956639813 32.78554205971943
156 1.0 27.300266473449927
188 1.3010299956639813 22.772628792451215
198 1.7781512503836436 19.930084158480717
228 1.7781512503836436 19.894315832793946
230 1.3010299956639813 19.818484653329044
237 1.0 17.76548249061496
251 1.0 15.91714951082178
25 1.0 18.14737887225271
305 1.0 18.712967679843132
310 1.3010299956639813 18.574581934797493
334 1.0 26.57358007912264
344 1.3010299956639813 19.429659374481616
345 1.0 17.350406766716183
382 1.0 23.381346006518903
386 1.0 21.856373350068075
389 1.0 22.987930278533103
401 1.0 24.1565533242725
42 1.0 17.338897626616056
445 1.4771212547196624 21.739884671677192
477 1.0 18.712967679843132
483 1.0 16.072305173973206
498 1.3010299956639813 19.818484653329044
49 1.0 16.335513669309126
501 1.0 18.576070342315386
507 1.0 17.338897626616056
56 1.0 16.008658872883498
615 1.0 23.88195453063762
625 1.0 16.008658872883498
647 1.3010299956639813 22.772628792451215
652 1.7781512503836436 19.930084158480717
655 1.3010299956639813 19.818484653329044
735 1.0 26.464092456397857
737 1.0 23.235022308206137
775 1.0 24.1565533242725
776 1.4771212547196624 25.809572659595812
777 1.6989700043360187 28.5636709471766
778 1.3010299956639813 29.375621062375156
779 1.0 26.762559621671812
782 1.6020599913279625 28.8122112955473
834 1.0 19.359056970763802
86 1.3010299956639813 24.815590935179138
883 1.3010299956639813 18.574581934797493
893 1.0 19.650125642603225
909 1.0 18.220820409533506
910 1.0 17.02047450238395
936 1.0 21.526279874452115
954 1.0 19.103786648783725
997 1.0 15.91714951082178
