1.6382721639824072
133 1.0 31.18619433249154
135 1.0 29.53008637972915
158 1.0 40.36801588254125
159 1.3010299956639813 34.663276209978875
200 1.3010299956639813 22.625506653399253
212 1.0 22.053003739358804
230 1.3010299956639813 22.625506653399253
258 1.0 32.05900432440354
259 1.0 34.168322910342354
328 1.3010299956639813 32.88047364596294
331 1.3010299956639813 26.442768047844584
343 1.3010299956639813 22.828476621056783
446 1.0 21.762871720842014
582 1.6989700043360187 26.849702075967517
643 1.3010299956639813 19.64025085319644
644 1.3010299956639813 19.655188678913582
654 1.3010299956639813 22.625506653399253
664 1.0 17.88199680559741
675 1.4771212547196624 18.16831043775807
682 1.0 18.092716090093774
773 1.0 25.098242467704086
878 1.0 27.134111744574057
94 1.3010299956639813 40.42228834338309
