1.8239087409443189
285 1.0 27.333530767834674
335 1.7781512503836436 26.592389103304416
500 1.4771212547196624 27.79974623106974
598 1.6020599913279625 19.920097781606806
779 1.9542425094393248 28.58117033955364
780 1.0 29.39263705080337
781 2.113943352306837 26.78123592188267
831 1.4771212547196624 27.79974623106974
87 1.6020599913279625 24.835731385689954
918 1.6020599913279625 24.222096258795588
939 1.3010299956639813 19.57746517154891
942 1.0 19.45006435459591
952 1.0 19.20083241364576
956 1.6020599913279625 20.484965365855015
958 1.3010299956639813 21.012855683925522
