1.4202164033831899
132 1.0 31.9240224086541
136 1.0 23.748484428238577
141 1.0 22.083311659467373
146 1.3010299956639813 38.443348131520054
147 1.0 38.27432982034523
148 1.3010299956639813 39.73153365749456
149 1.0 36.714155384577936
150 1.0 30.64451579794581
155 1.3010299956639813 39.65608647202028
156 1.0 32.80078913912944
158 1.4771212547196624 40.36801588254125
161 1.0 40.68786868352573
162 1.0 29.200185832126223
22 1.0 20.042266187907835
25 1.4771212547196624 18.174910176754217
284 1.0 16.021430614511992
325 1.0 15.755311297820837
335 1.0 26.592389103304416
379 1.3010299956639813 24.673753214847594
383 1.0 23.402720804995248
390 1.3010299956639813 23.009670542854348
400 1.0 19.159509087472838
640 1.0 16.590546453751475
732 1.0 28.96885361670166
736 1.0 26.48297924216182
738 1.0 23.256531591422583
742 1.3010299956639813 21.68833801617828
746 1.3010299956639813 19.14200258825803
749 1.3010299956639813 22.58723493033533
750 1.3010299956639813 20.234721635985533
773 1.3010299956639813 25.098242467704086
776 1.0 20.10376748540877
778 1.0 25.828938051552868
780 1.3010299956639813 29.39263705080337
816 1.3010299956639813 26.40168560543113
902 1.0 16.786437281709325
977 1.0 17.376734020918096
980 1.0 18.174623439227215
