1.4814860601221125
135 1.0 29.53008637972915
136 1.0 23.748484428238577
138 1.0 22.291356872514033
146 1.4771212547196624 38.443348131520054
147 1.4771212547196624 38.27432982034523
148 1.3010299956639813 39.73153365749456
149 1.7781512503836436 36.714155384577936
150 1.0 30.64451579794581
153 1.0 27.124579821694358
155 1.4771212547196624 39.65608647202028
156 1.0 32.80078913912944
289 1.0 19.41814822026422
341 1.0 20.951702374187988
342 1.0 19.41814822026422
379 1.3010299956639813 24.673753214847594
387 1.0 21.87923801272718
402 1.0 24.177242781351655
477 1.0 14.222320993086985
640 1.0 16.590546453751475
736 1.3010299956639813 26.48297924216182
738 1.0 23.256531591422583
749 1.0 22.58723493033533
750 1.0 20.234721635985533
777 1.0 24.177242781351655
778 1.0 25.828938051552868
779 1.0 28.58117033955364
780 1.0 29.39263705080337
781 1.0 26.78123592188267
782 1.9030899869919435 28.670617617530514
876 1.0 13.009307666040192
925 1.3010299956639813 17.14677502578712
980 1.3010299956639813 18.174623439227215
985 1.0 20.023207099137547
