1.136677139879544
120 1.0 22.67074148141845
126 1.0 19.10717613125738
170 1.0 16.92269399053892
174 1.0 25.443847031718235
185 1.0 24.640160608655044
200 1.0 22.625506653399253
212 1.0 22.053003739358804
230 1.0 22.625506653399253
235 1.0 18.131311524289607
237 1.3010299956639813 18.99543449459334
242 1.0 20.34767568477578
247 1.0 17.92587263398071
248 1.0 16.370386131129504
249 1.4771212547196624 22.75668213035031
268 1.0 24.276039699169623
270 1.0 26.10422328297102
289 1.0 19.41814822026422
290 1.0 19.344122607461724
296 1.0 21.560794875219035
335 1.0 26.592389103304416
339 1.0 21.777753188456284
341 1.0 20.951702374187988
342 1.0 19.41814822026422
343 1.3010299956639813 22.828476621056783
348 1.0 18.44095543145629
397 1.0 34.76173337398946
399 1.4771212547196624 31.06364857854412
434 1.0 26.054272842923844
444 1.0 29.526890635247195
497 1.3010299956639813 21.557388215952543
500 1.4771212547196624 27.79974623106974
501 1.0 24.640160608655044
519 1.0 20.706175002637085
527 1.0 20.61363026869414
532 1.0 19.229822454648716
534 1.0 19.72223251625476
540 1.3010299956639813 23.36967033208018
542 1.0 19.728868427436186
551 1.0 15.64922422599311
557 1.3010299956639813 32.03860327247943
558 1.0 29.49056558466878
561 1.0 26.19567707123272
582 1.0 26.849702075967517
593 1.3010299956639813 18.09585950831236
60 1.0 20.310156825129837
62 1.0 20.34767568477578
643 1.0 19.64025085319644
654 1.0 22.625506653399253
664 1.0 17.88199680559741
665 1.0 20.62218664974217
685 1.4771212547196624 17.991995194459328
694 1.4771212547196624 18.13228138623654
733 1.0 24.09659662047416
772 1.4771212547196624 31.06364857854412
809 1.0 23.93775068948324
821 1.0 19.344122607461724
829 1.3010299956639813 21.557388215952543
831 1.4771212547196624 27.79974623106974
880 1.4771212547196624 33.12096543823041
930 1.0 22.37231226242215
938 1.0 17.906540871879564
939 1.0 19.57746517154891
942 1.0 19.45006435459591
945 1.0 16.481630601170867
952 1.0 19.20083241364576
954 1.0 20.62218664974217
961 1.0 18.914849636919964
963 1.0 18.42775682251999
982 1.0 19.85729433713603
984 1.3010299956639813 17.695911660502205
985 1.0 20.023207099137547
990 1.0 19.267169356987246
992 1.0 33.556122085405605
