1.1804560644581314
132 1.0 31.9240224086541
135 1.0 29.53008637972915
136 1.0 23.748484428238577
146 1.0 38.443348131520054
148 1.3010299956639813 39.73153365749456
154 1.0 38.92312411360697
159 1.3010299956639813 34.663276209978875
160 1.0 33.51414632402991
174 1.3010299956639813 25.443847031718235
175 1.0 18.88811507135678
220 1.0 15.886881268828224
221 1.0 14.929399151330296
239 2.204119982655925 16.864483145006986
243 1.0 17.509187404878464
259 1.0 34.168322910342354
263 2.633468455579586 21.157562303591927
286 1.0 30.579284727285547
326 1.0 26.265110333168654
327 2.6720978579357175 21.408537178610665
337 1.0 17.509187404878464
348 1.3010299956639813 18.44095543145629
397 1.3010299956639813 34.76173337398946
399 1.6020599913279625 31.06364857854412
416 1.3010299956639813 19.445006257673224
431 1.4771212547196624 21.076784861203542
433 1.4771212547196624 24.68064648083747
434 1.0 26.054272842923844
435 1.4771212547196624 24.468548355039516
437 1.0 16.518134272484215
438 1.0 16.53113721916283
439 1.0 16.150783000266802
440 1.0 16.088747357134647
444 1.0 29.526890635247195
450 1.0 16.00461083590737
459 1.0 24.541701226408268
471 1.0 24.01537280312254
488 1.0 18.91692636651541
502 1.0 18.60296721930803
510 1.9030899869919435 21.594628676437562
514 1.0 19.011194543423425
531 1.0 20.572525808084006
542 1.0 19.728868427436186
555 2.6720978579357175 22.42238581080986
556 1.0 21.34923713779162
557 1.0 32.03860327247943
559 1.0 21.174473649853873
568 1.6020599913279625 16.29063286533528
570 1.3010299956639813 35.00523577088447
571 1.4771212547196624 19.508904785615407
573 1.4771212547196624 34.62164344212061
663 1.0 19.44490454387257
732 2.255272505103306 28.96885361670166
733 1.3010299956639813 24.09659662047416
737 1.0 14.898514552522053
747 1.4771212547196624 22.34898733858306
748 1.0 14.04369359882837
751 1.3010299956639813 24.759982935078224
754 1.7781512503836436 21.72844942797455
772 1.6020599913279625 31.06364857854412
918 1.7781512503836436 24.222096258795588
936 1.6989700043360187 20.64389709578883
943 1.0 19.402058534341666
946 1.0 19.482666389137716
950 1.0 16.21290906039629
952 1.0 19.20083241364576
956 1.3010299956639813 20.484965365855015
