1.1023729087095586
187 1.0 25.365184410989947
195 1.0 16.82457919792204
196 1.0 16.82457919792204
199 1.9030899869919435 19.95515608969582
19 1.3010299956639813 22.906892828979473
1 1.3010299956639813 24.099314783282633
200 1.3010299956639813 22.625506653399253
203 1.0 18.47845587465186
208 1.4771212547196624 18.083445948480012
210 1.4771212547196624 20.74943729156614
211 1.0 19.87652496554322
214 1.0 18.044528672125754
215 1.3010299956639813 18.71227143762001
224 1.0 18.47845587465186
225 1.4771212547196624 18.083445948480012
229 1.9030899869919435 19.919432784468437
230 1.3010299956639813 22.625506653399253
231 1.6020599913279625 19.843697587754125
234 1.4771212547196624 20.74943729156614
235 1.0 18.131311524289607
236 1.6020599913279625 23.511023087218234
237 1.4771212547196624 18.99543449459334
238 2.0413926851582254 17.79360469731602
242 1.3010299956639813 20.34767568477578
243 1.0 17.509187404878464
275 1.0 17.353484581504098
278 1.0 24.438116936080927
283 1.0 19.116081351354293
291 1.0 17.88610079038451
296 1.6020599913279625 21.560794875219035
297 1.9542425094393248 18.44466466993366
337 1.0 17.509187404878464
346 1.0 17.379200642449316
353 1.0 25.406505472371265
367 1.0 12.951597430844446
370 1.0 13.15738014197561
410 1.4771212547196624 20.74943729156614
412 1.4771212547196624 21.758302257583633
415 1.3010299956639813 16.854896388101817
418 1.0 15.939621763732179
42 1.0 17.36771058332882
446 1.0 21.762871720842014
472 1.0 26.198430887398857
499 1.6020599913279625 19.843697587754125
49 1.3010299956639813 16.36609320638818
504 1.0 18.391649858504977
508 1.0 17.36771058332882
525 1.0 20.543320381954224
526 1.0 17.752415668623385
530 1.0 17.01946628290197
547 1.0 20.421608203426736
55 1.0 16.140070803745896
604 1.0 16.140070803745896
61 1.0 18.47845587465186
62 1.3010299956639813 20.34767568477578
64 1.6020599913279625 16.737458178003557
653 1.9030899869919435 19.95515608969582
654 1.3010299956639813 22.625506653399253
656 1.6020599913279625 19.843697587754125
667 1.0 20.441369254248713
668 1.0 16.496123636808157
677 1.0 20.260093000467393
678 1.0 19.909993307821388
712 1.6020599913279625 16.737458178003557
71 1.3010299956639813 13.115365116845272
809 1.0 23.93775068948324
811 1.0 19.284259305458484
826 1.0 16.82457919792204
84 1.0 25.365184410989947
85 1.0 20.97110134921298
938 1.6020599913279625 17.906540871879564
941 1.0 18.01860444167257
955 1.0 19.358190264880896
960 1.0 20.844073091142132
961 1.0 18.914849636919964
968 1.0 20.745195199857015
971 1.0 19.694865931417798
972 1.3010299956639813 19.608298803683244
991 1.4771212547196624 20.996461847748183
