1.8239087409443189
400 1.0 19.159509087472838
407 1.0 16.206807375934993
503 1.3010299956639813 24.96783731854743
793 1.0 15.060853163657614
794 1.3010299956639813 15.329372186555613
795 1.0 15.316040163704834
796 1.0 15.424216864581213
800 1.0 19.870179928383198
801 1.3010299956639813 21.773953133516383
802 1.3010299956639813 21.49817099427365
809 1.3010299956639813 23.93775068948324
814 1.3010299956639813 21.49817099427365
816 1.0 26.40168560543113
875 1.0 15.780042124305094
878 1.0 27.134111744574057
