1.6989700043360187
107 1.0 21.261407681253527
132 1.0 31.9240224086541
140 1.0 21.068838098294076
147 1.0 38.27432982034523
148 1.0 39.73153365749456
156 1.0 32.80078913912944
158 1.0 40.36801588254125
161 1.0 40.68786868352573
163 1.0 27.444701699266258
24 1.0 22.714650363605696
357 1.0 16.36239469864959
670 1.0 16.652523466110832
675 1.4771212547196624 18.16831043775807
686 1.0 17.204501418003492
690 1.0 16.958302953633954
691 1.0 20.252883122476465
692 1.0 17.94337135852708
773 1.3010299956639813 25.098242467704086
852 1.0 21.864410189197464
92 1.4771212547196624 21.402892320890444
