0.9546770212133426
106 1.3010299956639813 21.237877873941795
112 1.0 16.952806137528757
119 1.0 22.648675884415564
121 1.0 25.97780851667672
131 1.9542425094393248 31.908356378043813
132 1.845098040014257 31.170157473839097
133 1.6989700043360187 27.54885932499107
134 1.845098040014257 29.51314963866556
135 1.4771212547196624 23.727421112255122
136 1.4771212547196624 22.900372757632663
137 1.4771212547196624 22.26891535791042
138 1.3010299956639813 17.408752168168547
139 1.3010299956639813 21.045092986540304
140 1.3010299956639813 22.06065850896495
141 1.3010299956639813 19.014107610916184
142 1.6020599913279625 21.606364977884798
145 1.3010299956639813 38.43033977941447
146 1.4771212547196624 38.26126400416704
147 1.0 39.718947201261805
148 1.3010299956639813 36.70053413239285
153 1.6020599913279625 38.91027615891787
154 1.6020599913279625 39.64347606197456
157 1.4771212547196624 40.355627938282694
160 1.7781512503836436 40.68185651929256
161 1.0 29.183057629910973
173 1.4771212547196624 25.424188320838816
190 1.0 30.967630313961816
191 1.0 16.952806137528757
192 1.0 19.898472476859148
199 1.0 22.603396897878287
19 1.0 22.88505492845388
212 1.3010299956639813 19.272892292014472
227 1.0 19.245446135136124
229 1.0 22.603396897878287
234 1.0 18.103713917062354
236 1.3010299956639813 18.969094117495082
237 1.3010299956639813 17.76548249061496
23 1.0 18.90126570373093
257 1.0 32.04340428656301
258 1.0 34.15368633845293
25 1.0 18.14737887225271
260 1.0 40.46004416097286
265 1.0 23.98572466518575
268 1.0 28.048590371713367
280 1.6020599913279625 20.36083120666262
322 1.3010299956639813 19.969477691964787
334 1.0 26.57358007912264
338 1.6020599913279625 21.754781863703386
348 1.0 16.926861864319864
352 1.3010299956639813 25.386817845441577
398 1.4771212547196624 31.04754842191709
414 1.0 16.825205266315407
417 1.0 15.908222464211535
430 1.0 21.053048712370824
432 1.0 24.66037937080602
434 1.0 24.448105419498397
436 1.0 16.48783672419816
440 1.0 31.719953794102054
443 1.0 29.509952060039822
449 1.0 15.973339287977442
470 1.3010299956639813 23.994543772969674
472 1.0 20.431753744712537
485 1.0 18.6714979484428
496 1.0 21.534181820846815
501 1.0 18.576070342315386
545 1.0 23.297633308982533
556 1.6989700043360187 32.02299329624464
557 1.3010299956639813 29.473606133346674
560 1.0 26.176582993590046
562 1.0 23.455333927936188
565 1.0 24.415044307928472
571 1.3010299956639813 29.826229749704215
583 1.0 23.271290483826427
584 1.4771212547196624 30.950545053399313
604 1.0 16.848497544115553
648 1.0 19.898472476859148
653 1.0 22.603396897878287
663 1.0 17.854013827579386
669 1.3010299956639813 16.622470868958438
671 1.3010299956639813 19.58191513861614
672 1.3010299956639813 17.43535257958473
676 1.0 20.23539889371069
67 1.0 17.749330468393577
686 1.0 17.162340194417848
68 1.0 17.554437536932625
690 1.0 20.22818021406503
69 1.3010299956639813 26.41557398804616
732 1.0 24.075837860598885
746 1.0 22.32660375113389
750 1.0 24.739780818458456
770 1.4771212547196624 31.04754842191709
771 1.6989700043360187 25.078312841330952
773 1.0 23.472958228275314
7 1.3010299956639813 20.637992374919182
820 1.0 30.967630313961816
821 1.0 16.952806137528757
826 1.0 21.534181820846815
850 1.6989700043360187 21.84153000413391
865 2.3010299956639813 36.420319557775116
867 1.0 20.329143187123556
871 1.6989700043360187 25.16854217073077
876 1.6989700043360187 27.115678493576954
878 1.4771212547196624 33.105865818015594
91 1.6020599913279625 21.379518228894476
93 2.0 40.4099170367325
967 1.0 20.350189453749287
970 1.0 20.574683754662654
972 1.3010299956639813 19.669462220826514
976 1.4771212547196624 19.01089422974206
979 1.0 19.907440181516993
988 1.0 15.586281284702965
