1.6382721639824072
234 1.0 18.103713917062354
273 1.0 16.369637361529076
289 1.0 19.318257671242296
291 1.0 16.58416436051082
334 1.0 26.57358007912264
419 1.0 16.410243719356703
433 1.0 26.035075059878718
501 1.0 18.576070342315386
503 1.0 18.364443485111277
511 1.3010299956639813 21.085117241154542
549 1.0 22.395775493328287
556 1.7781512503836436 32.02299329624464
557 1.6989700043360187 29.473606133346674
592 1.3010299956639813 18.068207751312215
731 1.0 28.951588555136127
740 1.3010299956639813 16.495381734999228
746 1.3010299956639813 22.32660375113389
753 1.4771212547196624 21.70542592404138
818 1.0 19.318257671242296
822 1.0 16.58416436051082
86 1.0 24.815590935179138
919 1.0 24.20144514632048
983 1.0 19.832098688531545
