1.585026652029182
147 1.0 38.27432982034523
158 1.0 40.36801588254125
159 1.0 34.663276209978875
161 1.0 40.68786868352573
242 1.0 20.34767568477578
261 1.0 40.472400145134394
267 1.0 20.272569941821523
269 1.0 28.06641091839446
270 1.0 26.10422328297102
282 1.0 18.824144686242487
290 1.0 19.344122607461724
439 1.0 16.150783000266802
440 1.0 16.088747357134647
457 1.3010299956639813 18.43689483349195
458 1.0 17.695365074715316
471 1.0 24.01537280312254
472 1.3010299956639813 26.198430887398857
473 1.0 20.456210819322695
515 1.6989700043360187 23.20380250236597
572 1.0 29.842988809469816
582 1.0 26.849702075967517
585 1.0 30.96669564390913
62 1.0 20.34767568477578
669 1.0 17.756055320837486
821 1.0 19.344122607461724
873 1.0 25.188400405739408
