1.7958800173440752
121 1.0 25.97780851667672
122 1.0 21.918380641831487
124 1.3010299956639813 17.76930122808498
211 1.0 22.03031942410671
257 1.0 32.04340428656301
260 1.3010299956639813 40.46004416097286
267 1.0 24.25543451426215
268 1.0 28.048590371713367
270 1.6020599913279625 27.27789276817213
285 1.0 30.562929415100232
325 1.0 26.246066768442137
328 1.0 24.20016866097684
332 1.4771212547196624 24.231012577485338
564 1.0 25.047424451568215
582 1.0 24.99171329470656
584 1.0 30.950545053399313
