1.3767507096020994
125 1.0 17.797417400691103
126 1.0 19.10717613125738
127 1.0 17.367910512582892
128 1.0 18.640638875516817
187 1.0 25.365184410989947
205 1.0 18.460464588544884
232 1.0 18.460464588544884
258 1.3010299956639813 32.05900432440354
259 1.0 34.168322910342354
260 1.0 27.085761995614487
267 1.0 20.272569941821523
269 1.0 28.06641091839446
271 1.3010299956639813 27.296216475399984
280 1.0 19.375567339230585
286 1.0 30.579284727285547
296 1.0 21.560794875219035
297 1.0 18.44466466993366
328 1.4771212547196624 32.88047364596294
329 1.0 24.220820861806594
332 1.0 26.156648054217282
422 1.0 19.196609027115258
520 1.0 25.214633181541256
528 1.0 21.12339116570097
543 1.0 18.30187230227827
544 1.0 21.7329857487666
546 1.3010299956639813 23.31908484052949
556 1.0 21.34923713779162
559 1.0 21.174473649853873
563 1.0 23.476641362660768
572 1.0 29.842988809469816
583 1.0 25.011711924712642
585 1.0 30.96669564390913
597 1.0 19.996338987916545
646 1.0 21.019109611528222
647 1.0 18.531080228224845
657 1.0 18.460464588544884
663 1.3010299956639813 19.44490454387257
751 1.0 24.759982935078224
84 1.0 25.365184410989947
867 1.0 36.43404557128479
976 1.0 19.12532909112134
990 1.0 19.267169356987246
