1.5686362358410126
119 1.0 22.648675884415564
19 1.0 22.88505492845388
202 1.0 18.45137749631327
223 1.0 18.45137749631327
258 1.7781512503836436 34.15368633845293
266 1.0 20.247891051811926
277 1.0 24.417648522770687
278 1.3010299956639813 17.70612989299446
290 1.0 17.858124243150325
301 1.0 15.848797334570648
365 1.0 13.207443168920843
372 1.3010299956639813 15.898864564577854
398 1.3010299956639813 31.04754842191709
433 1.0 26.035075059878718
53 1.0 15.484623446241047
559 1.0 32.39203154477896
585 1.0 15.484623446241047
597 1.0 19.894981669475758
600 1.0 13.074202270093174
61 1.0 18.45137749631327
64 1.0 16.707558357235154
711 1.0 16.707558357235154
712 1.3010299956639813 16.15335632829963
714 1.0 13.074202270093174
716 1.0 13.074202270093174
770 1.3010299956639813 31.04754842191709
876 1.0 27.115678493576954
