0.9746941347352298
109 1.3010299956639813 19.715945972128416
131 1.3010299956639813 31.908356378043813
132 1.3010299956639813 31.170157473839097
133 1.4771212547196624 27.54885932499107
134 1.6989700043360187 29.51314963866556
135 1.4771212547196624 23.727421112255122
136 1.3010299956639813 22.900372757632663
137 1.0 22.26891535791042
138 1.0 17.408752168168547
139 1.4771212547196624 21.045092986540304
140 1.3010299956639813 22.06065850896495
142 1.4771212547196624 21.606364977884798
143 1.0 19.603466556586774
145 2.079181246047625 38.43033977941447
146 2.230448921378274 38.26126400416704
147 2.204119982655925 39.718947201261805
148 2.414973347970818 36.70053413239285
149 2.079181246047625 30.628195318865107
150 2.146128035678238 28.679701781112843
151 2.0 26.41677324871767
152 1.6989700043360187 27.106140088612186
153 2.380211241711606 38.91027615891787
154 2.1760912590556813 39.64347606197456
155 2.230448921378274 32.78554205971943
156 1.6020599913279625 27.300266473449927
157 1.845098040014257 40.355627938282694
158 2.0 34.64884871982456
159 1.6989700043360187 33.49922392874927
160 2.3010299956639813 40.68185651929256
161 1.9542425094393248 29.183057629910973
162 1.6020599913279625 27.42647719561716
163 1.7781512503836436 29.043663537477517
174 1.0 18.86162482260781
188 1.3010299956639813 22.772628792451215
18 1.0 14.272801310968436
208 1.0 19.715082278253885
211 1.0 22.03031942410671
22 1.6020599913279625 20.017303363514117
248 1.0 22.73469994483774
26 1.3010299956639813 18.618919907073398
295 1.0 21.53759215073197
310 1.3010299956639813 18.574581934797493
317 1.3010299956639813 15.824754366327694
334 1.3010299956639813 26.57358007912264
338 1.0 21.754781863703386
348 1.3010299956639813 16.926861864319864
378 1.845098040014257 24.653480438007165
382 1.4771212547196624 23.381346006518903
386 1.6020599913279625 21.856373350068075
388 1.0 17.383230863411256
389 1.4771212547196624 22.987930278533103
398 1.0 31.04754842191709
401 1.6020599913279625 24.1565533242725
415 1.0 19.419275690945604
435 1.0 18.127861733361883
445 1.0 21.739884671677192
457 1.0 24.521319277035015
483 1.0 16.072305173973206
486 1.0 19.08673079463014
488 1.0 18.786565844786978
527 1.0 21.0997074467684
56 1.0 16.008658872883498
5 1.0 18.45678502981382
612 1.0 22.300659992929845
614 1.4771212547196624 17.258283162732244
623 1.3010299956639813 16.469393434006214
625 1.0 16.008658872883498
633 1.0 20.514540434900287
647 1.3010299956639813 22.772628792451215
661 1.0 19.589103365088256
664 1.0 20.597926648495577
712 1.0 16.15335632829963
735 1.9030899869919435 26.464092456397857
737 1.9030899869919435 23.235022308206137
741 1.3010299956639813 21.665271886223913
745 1.0 19.115864173216895
748 1.3010299956639813 22.56508767539272
749 1.4771212547196624 20.209996528594978
770 1.0 31.04754842191709
771 1.6989700043360187 25.078312841330952
775 1.6020599913279625 24.1565533242725
776 1.7781512503836436 25.809572659595812
777 1.9542425094393248 28.5636709471766
778 1.4771212547196624 29.375621062375156
779 1.4771212547196624 26.762559621671812
780 1.6989700043360187 28.653172853466874
781 1.6989700043360187 24.215767859390553
782 2.414973347970818 28.8122112955473
807 1.0 23.916854058840084
834 1.3010299956639813 19.359056970763802
86 1.4771212547196624 24.815590935179138
883 1.3010299956639813 18.574581934797493
889 1.0 15.099016185383055
895 1.4771212547196624 16.22969191138666
903 1.0 16.756624857433575
909 1.4771212547196624 18.220820409533506
910 1.0 17.02047450238395
915 1.0 15.830828169778773
936 1.3010299956639813 21.526279874452115
93 1.6989700043360187 40.4099170367325
945 1.0 19.892020741815653
952 1.0 25.38787746985513
955 1.0 20.597926648495577
976 1.7781512503836436 19.01089422974206
981 1.3010299956639813 18.147091699710654
993 1.3010299956639813 33.541218365030296
