1.6020599913279623
132 1.6020599913279625 31.9240224086541
135 1.0 29.53008637972915
138 1.0 22.291356872514033
146 1.7781512503836436 38.443348131520054
147 1.9542425094393248 38.27432982034523
148 1.845098040014257 39.73153365749456
149 1.6020599913279625 36.714155384577936
151 1.3010299956639813 28.69713041845068
152 1.0 26.43569384136088
153 1.0 27.124579821694358
158 1.4771212547196624 40.36801588254125
159 1.0 34.663276209978875
160 1.0 33.51414632402991
161 1.3010299956639813 40.68786868352573
189 1.0 22.794574400913437
23 1.0 18.927700473196293
383 1.0 23.402720804995248
390 1.0 23.009670542854348
523 1.0 19.697674446970826
527 1.0 20.61363026869414
648 1.0 22.794574400913437
741 1.0 16.52566545054529
742 1.0 21.68833801617828
749 1.0 22.58723493033533
750 1.0 20.234721635985533
