1.2839966563652008
132 1.0 31.9240224086541
134 1.3010299956639813 27.567002922119546
189 1.0 22.794574400913437
191 2.204119982655925 30.983771998615772
198 1.9542425094393248 18.00016847208931
199 1.4771212547196624 19.95515608969582
200 1.0 22.625506653399253
229 1.4771212547196624 19.919432784468437
230 1.0 22.625506653399253
2 1.3010299956639813 25.673207973589584
336 1.3010299956639813 27.213017312486674
346 1.0 17.379200642449316
387 1.0 21.87923801272718
3 1.3010299956639813 25.673207973589584
400 1.0 19.159509087472838
413 1.3010299956639813 19.441687508621293
414 1.0 19.240697556286563
42 1.0 17.36771058332882
494 1.3010299956639813 22.47464478924292
496 1.0 17.074026788002808
498 1.3010299956639813 22.596184090364247
4 1.0 14.41280745587774
500 1.0 27.79974623106974
508 1.0 17.36771058332882
527 1.0 20.61363026869414
531 1.0 20.572525808084006
561 1.0 26.19567707123272
605 1.0 16.87814769144019
633 1.0 22.269887599954423
634 1.0 20.53889892996114
646 1.0 21.019109611528222
648 1.0 22.794574400913437
652 1.9542425094393248 18.00016847208931
653 1.4771212547196624 19.95515608969582
654 1.0 22.625506653399253
655 1.3010299956639813 22.47464478924292
66 1.6989700043360187 17.304976281070527
781 1.6020599913279625 26.78123592188267
784 1.6989700043360187 28.829559825624525
801 1.0 21.773953133516383
802 1.0 21.49817099427365
814 1.0 21.49817099427365
816 1.0 26.40168560543113
823 2.204119982655925 30.983771998615772
828 1.0 17.074026788002808
830 1.3010299956639813 22.596184090364247
831 1.0 27.79974623106974
846 1.0 15.59449419482713
867 1.0 36.43404557128479
873 1.3010299956639813 25.188400405739408
935 1.0 21.549494779071786
976 1.6020599913279625 19.12532909112134
