1.0705810742857074
137 1.0 22.922196064917607
141 1.0 22.083311659467373
185 1.0 24.640160608655044
187 1.4771212547196624 25.365184410989947
190 2.255272505103306 20.72132492096882
191 2.778151250383644 30.983771998615772
198 1.0 18.00016847208931
199 2.204119982655925 19.95515608969582
1 1.3010299956639813 24.099314783282633
200 1.845098040014257 22.625506653399253
201 1.0 16.675223517292782
229 2.204119982655925 19.919432784468437
230 1.845098040014257 22.625506653399253
237 1.4771212547196624 18.99543449459334
250 1.0 21.593723016307443
258 1.0 32.05900432440354
259 1.3010299956639813 34.168322910342354
285 2.230448921378274 27.333530767834674
291 1.0 17.88610079038451
297 1.0 18.44466466993366
2 1.3010299956639813 25.673207973589584
307 1.0 16.630431048976302
336 1.0 27.213017312486674
344 1.0 20.86119657744264
346 1.3010299956639813 17.379200642449316
399 1.3010299956639813 31.06364857854412
3 1.3010299956639813 25.673207973589584
402 1.4771212547196624 24.177242781351655
412 1.0 21.758302257583633
41 1.0 20.898009485572526
42 1.6020599913279625 17.36771058332882
432 1.0 20.140245569349506
460 1.4771212547196624 16.24091782837226
468 1.0 16.172637573889855
494 1.4771212547196624 22.47464478924292
497 1.3010299956639813 21.557388215952543
498 1.4771212547196624 22.596184090364247
49 1.3010299956639813 16.36609320638818
500 2.414973347970818 27.79974623106974
501 1.0 24.640160608655044
508 1.6020599913279625 17.36771058332882
509 1.0 16.17664537722168
519 1.3010299956639813 20.706175002637085
525 1.4771212547196624 20.543320381954224
528 1.4771212547196624 21.12339116570097
531 1.0 20.572525808084006
553 1.0 20.46546645488232
555 1.0 22.42238581080986
574 1.0 16.969820351885488
616 1.4771212547196624 23.902881671535816
63 1.0 17.37188739596265
644 1.0 19.655188678913582
652 1.0 18.00016847208931
653 2.204119982655925 19.95515608969582
654 1.845098040014257 22.625506653399253
655 1.4771212547196624 22.47464478924292
66 2.255272505103306 17.304976281070527
683 1.0 17.37188739596265
772 1.3010299956639813 31.06364857854412
774 1.0 23.139038800697477
777 1.4771212547196624 24.177242781351655
779 2.7634279935629373 28.58117033955364
780 2.8195439355418688 29.39263705080337
781 2.8573324964312685 26.78123592188267
782 1.9030899869919435 28.670617617530514
783 1.4771212547196624 24.23640676791617
784 1.7781512503836436 28.829559825624525
808 1.0 27.292695599132404
809 1.0 23.93775068948324
811 1.3010299956639813 19.284259305458484
822 2.255272505103306 20.72132492096882
823 2.778151250383644 30.983771998615772
829 1.3010299956639813 21.557388215952543
830 1.4771212547196624 22.596184090364247
831 2.414973347970818 27.79974623106974
833 1.3010299956639813 15.885438230900338
846 1.6020599913279625 15.59449419482713
84 1.4771212547196624 25.365184410989947
888 1.0 16.630431048976302
913 1.3010299956639813 18.473312192215285
917 1.0 21.083151146519995
934 1.0 16.479445906159526
955 1.4771212547196624 19.358190264880896
958 1.7781512503836436 21.012855683925522
964 1.0 15.603652384930466
