1.721246399047171
160 1.0 40.68185651929256
258 1.4771212547196624 34.15368633845293
285 1.0 30.562929415100232
321 1.0 19.38943069849081
325 1.0 26.246066768442137
326 1.0 21.385169256471997
327 1.0 32.86526353435894
330 1.0 26.423852520632007
344 1.0 19.429659374481616
433 1.0 26.035075059878718
443 1.0 29.509952060039822
642 1.0 19.614776409036214
643 1.0 19.629733620293802
806 1.0 27.27436952647854
810 1.0 18.41805748667281
865 1.0 36.420319557775116
878 1.0 33.105865818015594
88 1.0 17.71948261455228
941 1.0 16.02177904462421
