0.6968039425795111
131 1.3010299956639813 31.908356378043813
132 1.3010299956639813 31.170157473839097
133 1.0 27.54885932499107
135 1.0 23.727421112255122
136 1.0 22.900372757632663
139 1.6989700043360187 21.045092986540304
140 1.6020599913279625 22.06065850896495
142 1.0 21.606364977884798
158 1.0 34.64884871982456
172 1.0 18.832857933573873
175 1.0 22.356903676375765
184 1.3010299956639813 24.619860170608522
186 1.0 25.345464687070297
188 1.0 22.772628792451215
189 2.146128035678238 20.697181124016947
190 2.633468455579586 30.967630313961816
197 1.0 17.97236948828946
198 1.7781512503836436 19.930084158480717
1 1.3010299956639813 24.469666509833758
200 1.0 16.645211904679204
211 1.0 22.03031942410671
213 1.3010299956639813 18.016798133940682
228 1.7781512503836436 19.894315832793946
236 1.3010299956639813 18.969094117495082
243 1.3010299956639813 25.8105965022697
248 1.4771212547196624 22.73469994483774
249 1.0 21.570555711548227
257 1.3010299956639813 32.04340428656301
258 1.3010299956639813 34.15368633845293
25 1.3010299956639813 18.14737887225271
26 1.3010299956639813 18.618919907073398
284 2.0 27.31523209193297
285 1.6020599913279625 30.562929415100232
295 1.4771212547196624 21.53759215073197
296 1.0 18.417536610152265
2 1.6989700043360187 25.653725024939046
301 1.0 15.848797334570648
306 1.0 16.600338456632596
321 1.3010299956639813 19.38943069849081
322 1.0 19.969477691964787
325 1.3010299956639813 26.246066768442137
327 1.0 32.86526353435894
331 1.4771212547196624 26.137525464974466
335 1.3010299956639813 27.194637545841633
337 1.3010299956639813 25.8105965022697
338 1.0 21.754781863703386
340 1.0 20.927824358412284
342 1.0 22.806563635018236
344 1.0 19.429659374481616
345 1.0 17.350406766716183
351 1.0 22.293535126779712
352 1.0 25.386817845441577
392 1.0 14.283168530322774
393 1.0 15.71714517392524
394 1.0 13.494009199570673
395 1.0 14.758399668360488
396 1.3010299956639813 34.747346764383785
397 1.3010299956639813 15.59311007460044
398 1.845098040014257 31.04754842191709
399 1.4771212547196624 19.13339458833571
3 1.6989700043360187 25.653725024939046
400 1.0 14.08378662149524
401 1.4771212547196624 24.1565533242725
402 1.0 16.368602790560463
403 1.0 13.500926207151714
411 1.0 21.73531037580023
412 1.845098040014257 19.41595254379453
413 1.0 19.214693399908615
41 1.0 20.87407005016222
421 1.6989700043360187 19.170545066323047
422 1.3010299956639813 15.318690066440361
42 1.4771212547196624 17.338897626616056
433 1.0 26.035075059878718
440 1.3010299956639813 31.719953794102054
443 1.0 29.509952060039822
445 1.0 21.739884671677192
447 1.3010299956639813 18.6211653234297
448 1.3010299956639813 16.101960150219295
450 1.0 15.76538963474183
457 1.0 24.521319277035015
459 1.4771212547196624 16.318175390056652
467 1.0 16.1416915500326
471 1.0 26.179338818270686
472 1.3010299956639813 20.431753744712537
478 1.0 16.600338456632596
493 1.0 22.45238647455196
496 1.3010299956639813 21.534181820846815
497 1.6989700043360187 22.57404561538827
499 2.278753600952829 27.781754633425805
49 1.0 16.335513669309126
500 1.3010299956639813 24.619860170608522
505 1.0 20.09259021626153
507 1.4771212547196624 17.338897626616056
517 1.4771212547196624 17.875039909680364
522 1.0 19.672274363144883
527 1.6020599913279625 21.0997074467684
530 1.0 20.54820717542731
533 1.0 19.696864101303447
539 1.0 23.34826527667759
543 1.6989700043360187 21.709967055619686
545 1.0 23.297633308982533
552 1.3010299956639813 20.441020454368555
554 1.0 22.40007556792627
556 1.0 32.02299329624464
564 1.4771212547196624 25.047424451568215
572 1.0 34.607198595571596
573 1.3010299956639813 16.9403306571999
576 1.0 21.517861792661158
593 1.6989700043360187 21.456267665239462
615 1.4771212547196624 23.88195453063762
632 1.0 22.247424428787344
634 1.0 21.49965573905078
645 1.0 20.99530825830948
647 1.0 22.772628792451215
651 1.0 17.97236948828946
652 1.7781512503836436 19.930084158480717
654 1.0 22.45238647455196
662 1.0 19.41917384237332
66 2.0 17.276058696601304
674 1.0 18.14076911717772
676 1.0 20.23539889371069
677 1.0 19.89770402247368
68 1.3010299956639813 17.554437536932625
690 1.3010299956639813 20.22818021406503
69 1.3010299956639813 26.41557398804616
712 1.4771212547196624 16.15335632829963
732 1.0 24.075837860598885
750 1.0 24.739780818458456
768 1.3010299956639813 15.59311007460044
769 1.0 19.37976637155202
76 1.0 13.459310544023309
770 1.845098040014257 31.04754842191709
771 1.0 25.078312841330952
772 1.6989700043360187 23.117420198200822
775 1.4771212547196624 24.1565533242725
776 1.4771212547196624 25.809572659595812
777 1.6020599913279625 28.5636709471766
778 1.3010299956639813 29.375621062375156
779 1.4771212547196624 26.762559621671812
77 1.0 16.876185748875265
780 1.9542425094393248 28.653172853466874
781 1.3010299956639813 24.215767859390553
782 1.845098040014257 28.8122112955473
783 1.0 15.065543358973835
784 1.0 16.427467569369398
785 1.0 16.33924581085099
786 1.0 16.674504799836235
787 1.0 16.853403753588953
788 1.0 16.44195035074378
789 1.0 16.247732650957825
790 1.0 16.35543624625182
791 1.0 15.027617842401222
792 1.0 15.296720290112676
793 1.0 15.283359784295454
794 1.0 15.391766171743628
795 1.0 13.470927861124082
796 1.0 16.41623255841033
797 1.0 17.68690492205947
798 1.0 19.84500063961507
801 1.0 16.7176380868533
805 1.6020599913279625 24.462808310936932
806 1.4771212547196624 27.27436952647854
807 1.0 23.916854058840084
809 1.4771212547196624 19.258313969819948
810 1.0 18.41805748667281
813 1.0 20.580671285807178
814 1.3010299956639813 26.382740623521833
815 1.0 16.876185748875265
819 2.146128035678238 20.697181124016947
820 2.633468455579586 30.967630313961816
826 1.3010299956639813 21.534181820846815
827 1.6989700043360187 22.57404561538827
828 2.278753600952829 27.781754633425805
829 1.3010299956639813 24.619860170608522
83 1.0 25.345464687070297
844 1.6020599913279625 15.562398568103088
852 1.0 20.31196842893302
865 1.3010299956639813 36.420319557775116
871 1.0 25.16854217073077
875 1.0 22.430004022861485
876 1.0 27.115678493576954
877 1.0 22.430004022861485
878 1.3010299956639813 33.105865818015594
879 1.0 15.968223619979328
88 1.0 17.71948261455228
892 1.0 19.44244897613975
893 1.3010299956639813 19.650125642603225
912 1.0 21.510199531662707
918 1.3010299956639813 21.05942217315108
935 1.0 16.449077097941938
948 1.0 19.383510389270164
954 1.4771212547196624 19.103786648783725
959 1.0 20.989047238821517
960 1.0 19.164284103879986
961 1.7781512503836436 20.820071638418433
965 1.0 15.571575634782315
967 1.3010299956639813 20.350189453749287
970 1.0 20.574683754662654
974 1.0 18.84312245235009
987 1.6020599913279625 21.088601776656837
988 1.0 15.586281284702965
