1.5686362358410126
106 1.0 21.237877873941795
209 1.0 20.72532624391316
233 1.0 20.72532624391316
284 1.0 27.31523209193297
295 1.0 21.53759215073197
321 1.0 19.38943069849081
325 1.3010299956639813 26.246066768442137
331 1.0 26.137525464974466
332 1.0 24.231012577485338
346 1.0 14.52222872293758
409 1.0 20.72532624391316
519 1.0 25.19479562289961
533 1.0 19.696864101303447
535 1.0 17.779601462975204
549 1.0 22.395775493328287
564 1.0 25.047424451568215
593 1.3010299956639813 21.456267665239462
665 1.0 21.956288146883587
813 1.0 20.580671285807178
814 1.0 26.382740623521833
871 1.0 25.16854217073077
938 1.0 17.459496507758143
940 1.0 19.551908923253773
948 1.0 19.383510389270164
954 1.0 19.103786648783725
957 1.0 20.46054266240951
987 1.3010299956639813 21.088601776656837
