1.6989700043360187
137 1.0 22.26891535791042
1 1.3010299956639813 24.469666509833758
206 1.0 18.772126118491787
232 1.0 18.772126118491787
396 1.0 34.747346764383785
398 1.3010299956639813 31.04754842191709
408 1.0 18.772126118491787
413 1.0 19.214693399908615
440 1.0 31.719953794102054
493 1.0 22.45238647455196
547 1.0 19.03026025482742
560 1.3010299956639813 26.176582993590046
565 1.0 24.415044307928472
572 1.0 34.607198595571596
583 1.0 23.271290483826427
642 1.0 19.614776409036214
654 1.0 22.45238647455196
658 1.0 18.772126118491787
770 1.3010299956639813 31.04754842191709
810 1.0 18.41805748667281
