1.4685210829577449
186 1.0 25.345464687070297
203 1.0 17.809686811690188
210 1.0 19.851353724768064
216 1.0 16.721725650862297
235 1.3010299956639813 23.489746840008912
242 1.0 17.48060764330447
244 1.0 16.48858847797927
248 1.0 22.73469994483774
249 1.3010299956639813 21.570555711548227
256 1.0 14.651068157152437
275 1.3010299956639813 20.27889021374396
277 2.0413926851582254 24.417648522770687
287 1.0 16.48858847797927
290 1.0 17.858124243150325
294 1.0 18.739543300973466
295 1.0 21.53759215073197
296 1.3010299956639813 18.417536610152265
335 1.0 27.194637545841633
336 1.0 17.48060764330447
339 1.0 17.809686811690188
343 1.0 20.837214848503734
344 1.3010299956639813 19.429659374481616
414 1.0 16.825205266315407
524 1.0 20.518967135692183
529 1.0 16.990062759002303
534 1.6989700043360187 18.11192779687125
537 1.0 16.02091416232004
576 1.6989700043360187 21.517861792661158
592 1.0 18.068207751312215
60 1.3010299956639813 20.28552366248819
83 1.0 25.345464687070297
89 1.0 16.48858847797927
936 1.0 21.526279874452115
944 1.3010299956639813 19.37627093560627
