1.744727494896694
205 1.0 18.460464588544884
219 1.0 20.060459993820544
232 1.0 18.460464588544884
281 1.0 20.385373369801357
399 1.0 31.06364857854412
411 1.0 18.356977856408704
421 1.3010299956639813 22.714705200606023
459 1.0 24.541701226408268
510 1.0 21.594628676437562
571 1.0 19.508904785615407
572 1.0 29.842988809469816
585 1.3010299956639813 30.96669564390913
657 1.0 18.460464588544884
670 1.0 16.652523466110832
771 1.0 19.405549325281637
772 1.0 31.06364857854412
878 1.0 27.134111744574057
950 1.0 16.21290906039629
