1.585026652029182
121 1.0 25.97780851667672
142 1.0 21.606364977884798
157 1.0 40.355627938282694
158 1.0 34.64884871982456
260 1.0 40.46004416097286
265 1.0 23.98572466518575
267 1.7781512503836436 24.25543451426215
344 1.0 19.429659374481616
391 1.0 14.93400553732674
433 1.4771212547196624 26.035075059878718
525 1.0 17.7242281093306
527 1.0 21.0997074467684
53 1.0 15.484623446241047
554 1.0 22.40007556792627
556 1.0 32.02299329624464
566 1.0 23.04859528725498
585 1.0 15.484623446241047
667 1.0 16.465785588330146
727 1.0 14.93400553732674
731 1.7781512503836436 28.951588555136127
744 1.3010299956639813 15.802376515156825
746 1.7781512503836436 22.32660375113389
912 1.0 21.510199531662707
917 1.0 20.297410938444266
943 1.3010299956639813 19.424340488107244
957 1.0 20.46054266240951
