1.721246399047171
191 1.0 30.983771998615772
336 1.0 27.213017312486674
345 1.3010299956639813 19.45537620834872
380 1.0 15.615254870204684
438 1.0 16.53113721916283
519 1.0 20.706175002637085
544 1.0 21.7329857487666
550 1.3010299956639813 22.418090015600434
570 1.3010299956639813 35.00523577088447
636 1.3010299956639813 18.05674668124595
732 1.3010299956639813 28.96885361670166
740 1.0 14.870504244951293
747 1.0 22.34898733858306
773 1.0 25.098242467704086
823 1.0 30.983771998615772
867 1.0 36.43404557128479
880 1.0 33.12096543823041
953 1.0 19.129941566095997
975 1.0 19.03717677110868
