1.3467874862246563
106 1.0 21.237877873941795
116 1.0 21.142493979490386
119 1.3010299956639813 22.648675884415564
121 1.6020599913279625 25.97780851667672
122 1.3010299956639813 21.918380641831487
125 1.0 19.0809900086681
126 1.3010299956639813 17.339097888099232
127 1.0 18.613796434027876
204 1.0 18.43335978124768
231 1.0 18.43335978124768
242 1.0 17.48060764330447
244 1.0 16.48858847797927
257 1.845098040014257 32.04340428656301
258 1.6989700043360187 34.15368633845293
262 1.4771212547196624 21.133916878571615
265 1.7781512503836436 23.98572466518575
267 1.0 24.25543451426215
279 1.0 19.349744435445626
287 1.0 16.48858847797927
2 1.0 25.653725024939046
325 1.0 26.246066768442137
327 1.4771212547196624 32.86526353435894
329 1.0 24.995158982809944
330 1.6989700043360187 26.423852520632007
331 1.0 26.137525464974466
336 1.0 17.48060764330447
3 1.0 25.653725024939046
554 1.0 22.40007556792627
562 1.0 23.455333927936188
566 1.0 23.04859528725498
568 1.0 21.196876683380644
571 1.0 29.826229749704215
572 1.0 34.607198595571596
580 1.0 25.521710205582426
581 1.6020599913279625 26.831073433021917
583 1.7781512503836436 23.271290483826427
632 1.0 22.247424428787344
656 1.0 18.43335978124768
661 1.0 19.589103365088256
806 1.0 27.27436952647854
862 1.0 22.500892102974184
89 1.0 16.48858847797927
971 1.0 18.789785549650443
972 1.0 19.669462220826514
985 1.0 17.667633952974512
