1.275724130399211
110 1.0 16.382580531642766
111 1.0 16.152248564614663
112 1.0 16.283682408859754
113 1.0 16.11034052774081
114 1.0 16.193892293870782
116 1.0 16.285640371001193
185 1.0 24.640160608655044
204 1.0 17.837739327910686
244 1.3010299956639813 25.829961126625353
252 1.0 15.94853123487721
267 1.0 20.272569941821523
278 1.0 24.438116936080927
296 1.0 21.560794875219035
308 1.6020599913279625 18.477335563541324
309 1.3010299956639813 17.72718103523344
310 1.0 16.384505338266393
317 1.0 16.431343755560334
338 1.3010299956639813 25.829961126625353
340 1.0 17.837739327910686
478 1.0 16.265225052820202
479 1.0 16.116413501007873
480 1.0 16.113389796665334
497 1.0 21.557388215952543
501 1.0 24.640160608655044
541 1.0 18.888440514559967
553 1.0 20.46546645488232
578 1.0 16.152119214909096
612 1.0 16.40190763707712
615 1.0 17.287230481631443
617 1.0 16.314388963414707
618 1.0 16.289314548847216
619 1.0 16.011110159818838
620 1.0 16.033724637658167
622 1.0 16.21874466519853
625 1.0 16.28000849899647
631 1.0 16.9948601162417
632 1.0 19.9752240481514
633 1.4771212547196624 22.269887599954423
634 1.0 20.53889892996114
635 1.3010299956639813 21.5228993608598
636 1.0 18.05674668124595
666 1.3010299956639813 21.979048869070308
829 1.0 21.557388215952543
890 1.6020599913279625 18.477335563541324
891 1.3010299956639813 17.72718103523344
892 1.0 16.384505338266393
911 1.0 21.53343177229172
916 1.0 20.322029692038072
917 1.0 21.083151146519995
968 1.0 20.745195199857015
971 1.0 19.694865931417798
995 1.0 16.320376040179806
996 1.0 15.94853123487721
