1.5528419686577808
14 1.0 14.523826702761134
15 1.0 14.523826702761134
19 1.0 22.906892828979473
21 1.3010299956639813 18.049400889846094
227 1.0 16.92409468367376
22 1.3010299956639813 20.042266187907835
23 1.0 18.927700473196293
24 1.3010299956639813 22.714650363605696
25 1.0 18.174910176754217
26 1.0 18.64575497280853
2 1.0 25.673207973589584
349 1.0 16.95637498328479
352 1.0 22.315951883102834
383 2.4771212547196626 23.402720804995248
390 2.414973347970818 23.009670542854348
399 1.0 31.06364857854412
3 1.0 25.673207973589584
433 1.0 24.68064648083747
435 1.0 24.468548355039516
546 1.0 23.31908484052949
677 1.0 20.260093000467393
680 1.0 15.775358504069235
681 1.0 17.041421373778608
685 1.0 17.991995194459328
690 1.0 16.958302953633954
694 1.0 18.13228138623654
742 2.380211241711606 21.68833801617828
772 1.0 31.06364857854412
