1.3979400086720377
132 1.3010299956639813 31.170157473839097
145 1.0 38.43033977941447
153 1.0 38.91027615891787
156 1.0 27.300266473449927
190 1.0 30.967630313961816
199 1.0 22.603396897878287
216 1.0 16.721725650862297
229 1.0 22.603396897878287
22 1.0 20.017303363514117
247 1.3010299956639813 16.339814628149156
335 1.0 27.194637545841633
343 1.4771212547196624 20.837214848503734
345 1.0 17.350406766716183
382 1.0 23.381346006518903
389 1.0 22.987930278533103
398 1.0 31.04754842191709
412 1.0 19.41595254379453
42 1.0 17.338897626616056
446 1.3010299956639813 17.40906918615375
49 1.0 16.335513669309126
507 1.0 17.338897626616056
510 1.0 18.532720542245944
518 1.0 20.682013519960595
527 1.0 21.0997074467684
531 1.0 19.203803572139346
576 1.0 21.517861792661158
653 1.0 22.603396897878287
770 1.0 31.04754842191709
778 1.3010299956639813 29.375621062375156
780 1.0 28.653172853466874
820 1.0 30.967630313961816
873 1.0 15.748324655176601
878 1.0 33.105865818015594
879 1.0 15.968223619979328
912 1.0 21.510199531662707
917 1.0 20.297410938444266
936 1.0 21.526279874452115
956 1.0 19.332344149929916
967 1.3010299956639813 20.350189453749287
981 1.0 18.147091699710654
