1.494850021680094
190 1.0 20.72132492096882
191 1.0 30.983771998615772
200 1.0 22.625506653399253
203 1.0 18.47845587465186
210 1.0 20.74943729156614
224 1.0 18.47845587465186
230 1.0 22.625506653399253
234 1.0 20.74943729156614
236 1.0 23.511023087218234
286 1.7781512503836436 30.579284727285547
328 1.4771212547196624 32.88047364596294
329 1.0 24.220820861806594
330 1.0 25.015154858124397
410 1.0 20.74943729156614
47 1.7781512503836436 19.549619832587243
506 1.0 20.117459620901656
530 1.0 17.01946628290197
54 1.0 16.35174061696333
568 1.3010299956639813 16.29063286533528
570 1.3010299956639813 35.00523577088447
57 1.0 16.169816605433944
589 1.0 16.35174061696333
593 1.0 18.09585950831236
61 1.0 18.47845587465186
645 1.0 16.169816605433944
654 1.0 22.625506653399253
674 1.3010299956639813 19.06561234581387
67 1.0 17.777478226009574
815 1.0 20.604951603302737
822 1.0 20.72132492096882
823 1.0 30.983771998615772
953 1.0 19.129941566095997
