1.0506099933550872
104 1.0 21.315476777332258
109 1.0 19.715945972128416
116 1.3010299956639813 21.142493979490386
117 1.0 14.688235307452093
118 1.0 14.550756333462834
121 1.3010299956639813 25.97780851667672
122 1.3010299956639813 21.918380641831487
16 1.0 8.1299539268002
186 1.4771212547196624 25.345464687070297
189 1.0 20.697181124016947
190 1.0 30.967630313961816
194 1.0 16.794834479301993
195 1.0 16.794834479301993
196 1.0 21.713143045615993
206 1.4771212547196624 18.772126118491787
212 1.0 19.272892292014472
215 1.0 16.390784482423456
218 1.3010299956639813 20.03551983762025
232 1.4771212547196624 18.772126118491787
236 1.0 18.969094117495082
265 1.3010299956639813 23.98572466518575
274 1.0 17.324647965269033
277 1.0 24.417648522770687
282 1.0 19.08990744429096
285 1.6989700043360187 30.562929415100232
289 1.0 19.318257671242296
328 1.0 24.20016866097684
329 1.0 24.995158982809944
330 1.0 26.423852520632007
331 1.6020599913279625 26.137525464974466
332 1.0 24.231012577485338
340 1.0 20.927824358412284
342 1.0 22.806563635018236
396 1.0 34.747346764383785
398 1.3010299956639813 31.04754842191709
408 1.4771212547196624 18.772126118491787
410 1.4771212547196624 18.329720020247976
41 1.0 20.87407005016222
420 1.0 22.69268235247738
435 1.0 18.127861733361883
453 1.0 15.044342067483518
454 1.3010299956639813 14.149737808652972
455 1.0 18.409755324317654
456 1.0 17.667086492329588
47 1.6020599913279625 19.524027135780376
495 1.0 17.04471738567224
504 1.3010299956639813 17.799185167779708
510 1.0 18.532720542245944
516 1.3010299956639813 16.59643675700407
524 1.0 20.518967135692183
543 1.0 21.709967055619686
545 1.0 23.297633308982533
572 1.0 34.607198595571596
576 1.0 21.517861792661158
650 1.0 21.713143045615993
658 1.4771212547196624 18.772126118491787
662 1.0 19.41917384237332
664 1.0 20.597926648495577
731 1.3010299956639813 28.951588555136127
756 1.0 12.90588969461276
770 1.3010299956639813 31.04754842191709
791 1.0 15.027617842401222
805 1.0 24.462808310936932
811 1.0 16.52497719495689
814 1.0 26.382740623521833
816 1.3010299956639813 14.352205274873025
818 1.0 19.318257671242296
819 1.0 20.697181124016947
820 1.0 30.967630313961816
823 1.0 16.794834479301993
824 1.3010299956639813 14.185473624911529
825 1.0 17.04471738567224
832 1.0 14.292410634951741
83 1.4771212547196624 25.345464687070297
84 1.0 20.94724544657274
87 1.3010299956639813 14.185473624911529
880 1.0 15.076218839772537
8 1.4771212547196624 14.388928326622139
909 1.0 18.220820409533506
90 1.0 21.713143045615993
912 1.3010299956639813 21.510199531662707
917 1.3010299956639813 20.297410938444266
928 1.0 18.737561566460872
93 1.0 40.4099170367325
948 1.3010299956639813 19.383510389270164
955 1.0 20.597926648495577
960 1.0 19.164284103879986
987 1.0 21.088601776656837
991 1.0 19.241200976831678
