1.721246399047171
117 1.4771212547196624 21.166129822732998
261 1.7781512503836436 40.472400145134394
269 1.0 28.06641091839446
271 1.6989700043360187 27.296216475399984
331 1.3010299956639813 26.442768047844584
397 1.3010299956639813 34.76173337398946
431 1.3010299956639813 21.076784861203542
433 1.3010299956639813 24.68064648083747
435 1.3010299956639813 24.468548355039516
441 1.0 31.735712827979288
552 1.6989700043360187 21.18617303846442
562 1.3010299956639813 20.63816033660684
573 2.3010299956639813 34.62164344212061
581 1.0 25.541293855592556
583 1.845098040014257 25.011711924712642
922 1.3010299956639813 21.35873785771627
927 1.0 18.7642269613462
929 1.0 15.284913596427298
933 1.0 19.069899742909588
