1.537602002101044
107 1.0 21.261407681253527
122 1.0 25.99704858881334
127 1.0 17.367910512582892
128 1.0 18.640638875516817
132 1.0 31.9240224086541
135 1.3010299956639813 29.53008637972915
164 1.0 29.060873897358988
210 1.3010299956639813 20.74943729156614
234 1.3010299956639813 20.74943729156614
259 1.0 34.168322910342354
26 1.0 18.64575497280853
330 1.0 25.015154858124397
339 1.3010299956639813 21.777753188456284
351 1.0 19.334505504177955
410 1.3010299956639813 20.74943729156614
459 1.0 24.541701226408268
516 1.0 20.36682894213624
528 1.0 21.12339116570097
557 1.7781512503836436 32.03860327247943
558 1.0 29.49056558466878
570 1.4771212547196624 35.00523577088447
65 1.0 18.842982330593173
69 1.0 26.43449543906486
812 1.0 18.445184780380607
852 1.3010299956639813 21.864410189197464
867 1.3010299956639813 36.43404557128479
873 1.3010299956639813 25.188400405739408
880 1.4771212547196624 33.12096543823041
931 1.3010299956639813 19.569247311356932
