1.585026652029182
107 1.0 21.261407681253527
132 1.0 31.9240224086541
134 1.0 27.567002922119546
158 1.0 40.36801588254125
159 1.0 34.663276209978875
161 1.3010299956639813 40.68786868352573
172 1.0 13.820669166643537
235 1.0 18.131311524289607
258 1.0 32.05900432440354
283 1.0 19.116081351354293
286 1.0 30.579284727285547
332 1.0 26.156648054217282
343 1.0 22.828476621056783
418 1.0 15.939621763732179
531 1.0 20.572525808084006
561 1.3010299956639813 26.19567707123272
570 1.0 35.00523577088447
671 1.0 20.661290750656658
7 1.0 20.662205334068826
807 1.0 24.483238969908477
808 1.0 27.292695599132404
812 1.0 18.445184780380607
867 1.3010299956639813 36.43404557128479
880 1.6989700043360187 33.12096543823041
935 1.0 21.549494779071786
94 1.0 40.42228834338309
