1.6777807052660807
147 1.0 39.718947201261805
157 1.0 40.355627938282694
158 1.0 34.64884871982456
205 1.0 18.02662549969417
217 1.0 15.95864382959388
274 1.0 17.324647965269033
285 1.0 30.562929415100232
334 1.0 26.57358007912264
415 1.0 19.419275690945604
447 1.0 18.6211653234297
475 1.0 15.713768088124892
488 1.0 18.786565844786978
542 1.0 18.27453227223341
549 1.0 22.395775493328287
657 1.0 18.02662549969417
738 1.0 13.550920413349306
799 1.0 21.750977795505374
800 1.0 21.474900607430737
812 1.0 21.474900607430737
860 1.0 13.047685080108735
878 1.0 33.105865818015594
