1.5086383061657274
117 1.0 21.166129822732998
200 1.3010299956639813 22.625506653399253
213 1.3010299956639813 19.298818028563065
230 1.3010299956639813 22.625506653399253
238 1.0 17.79360469731602
257 1.0 14.685155707227832
259 1.6989700043360187 34.168322910342354
275 1.0 17.353484581504098
286 1.6020599913279625 30.579284727285547
326 1.0 26.265110333168654
328 1.0 32.88047364596294
329 1.0 24.220820861806594
330 1.0 25.015154858124397
331 1.0 26.442768047844584
333 1.3010299956639813 24.251638512278973
445 1.0 16.923811634708713
446 1.0 21.762871720842014
447 1.0 17.43776619662874
450 1.0 16.00461083590737
500 1.3010299956639813 27.79974623106974
506 1.3010299956639813 20.117459620901656
510 1.0 21.594628676437562
557 1.0 32.03860327247943
558 1.0 29.49056558466878
563 1.0 23.476641362660768
565 1.0 25.067378635529828
572 1.3010299956639813 29.842988809469816
577 1.6020599913279625 21.541085769479377
584 1.0 23.292766275876946
654 1.3010299956639813 22.625506653399253
831 1.3010299956639813 27.79974623106974
