1.744727494896694
207 1.0 18.0557751805786
224 1.0 18.0557751805786
230 1.3010299956639813 19.818484653329044
241 1.0 20.323087997959746
296 1.0 18.417536610152265
413 1.0 19.214693399908615
498 1.3010299956639813 19.818484653329044
531 1.0 19.203803572139346
593 1.0 21.456267665239462
62 1.0 20.323087997959746
655 1.3010299956639813 19.818484653329044
661 1.0 19.589103365088256
662 1.0 19.41917384237332
663 1.0 17.854013827579386
813 1.0 20.580671285807178
878 1.0 33.105865818015594
952 1.0 25.38787746985513
973 1.0 19.582782794447926
