1.431798275933005
107 1.0 21.261407681253527
132 1.0 31.9240224086541
133 1.3010299956639813 31.18619433249154
135 1.4771212547196624 29.53008637972915
136 1.0 23.748484428238577
143 1.4771212547196624 21.629493927449314
146 1.0 38.443348131520054
148 1.4771212547196624 39.73153365749456
154 1.6020599913279625 38.92312411360697
155 1.6020599913279625 39.65608647202028
159 1.0 34.663276209978875
160 1.3010299956639813 33.51414632402991
161 1.3010299956639813 40.68786868352573
162 1.3010299956639813 29.200185832126223
164 1.0 29.060873897358988
174 1.0 25.443847031718235
1 1.0 24.099314783282633
211 1.0 19.87652496554322
335 1.0 26.592389103304416
468 1.4771212547196624 16.172637573889855
469 1.4771212547196624 13.756353540188055
472 1.3010299956639813 26.198430887398857
488 1.0 18.91692636651541
561 1.0 26.19567707123272
562 1.0 20.63816033660684
566 1.0 24.435514902659826
733 1.0 24.09659662047416
747 1.0 22.34898733858306
751 1.0 24.759982935078224
803 1.0 16.74751991200512
82 1.4771212547196624 16.571218594456724
855 1.4771212547196624 16.571218594456724
856 1.4771212547196624 17.292029554288533
859 1.4771212547196624 17.03148242460064
867 1.0 36.43404557128479
94 1.0 40.42228834338309
960 1.0 20.844073091142132
