1.744727494896694
158 1.0 34.64884871982456
208 1.0 19.715082278253885
309 1.0 16.353960229243555
471 1.6020599913279625 26.179338818270686
472 1.0 20.431753744712537
482 1.0 16.353960229243555
502 1.4771212547196624 24.947803517854027
543 1.0 21.709967055619686
561 1.0 20.6139191343978
562 1.0 23.455333927936188
564 1.0 25.047424451568215
565 1.0 24.415044307928472
633 1.0 20.514540434900287
676 1.0 20.23539889371069
688 1.0 16.363787416979306
814 1.3010299956639813 26.382740623521833
881 1.0 16.868603706098174
936 1.0 21.526279874452115
