1.6777807052660807
184 1.0 24.619860170608522
308 1.0 17.69895328701503
310 1.0 18.574581934797493
396 1.0 34.747346764383785
481 1.0 17.69895328701503
500 1.0 24.619860170608522
519 1.3010299956639813 25.19479562289961
522 1.0 19.672274363144883
533 1.0 19.696864101303447
573 1.6989700043360187 16.9403306571999
612 1.3010299956639813 22.300659992929845
615 1.6020599913279625 23.88195453063762
628 1.4771212547196624 17.4321572644572
630 1.0 16.96541394633868
631 1.3010299956639813 19.950177336902193
632 1.0 22.247424428787344
829 1.0 24.619860170608522
883 1.0 18.574581934797493
891 1.0 20.556957071190386
893 1.0 19.650125642603225
952 1.0 25.38787746985513
