1.6197887582883939
109 1.0 19.715945972128416
153 1.0 38.91027615891787
160 1.0 40.68185651929256
161 1.4771212547196624 29.183057629910973
277 1.3010299956639813 24.417648522770687
295 1.3010299956639813 21.53759215073197
335 1.0 27.194637545841633
386 1.0 21.856373350068075
401 1.0 24.1565533242725
523 1.0 18.160502520733715
550 1.0 15.617241077585044
674 1.3010299956639813 18.14076911717772
735 1.3010299956639813 26.464092456397857
737 1.3010299956639813 23.235022308206137
775 1.0 24.1565533242725
777 1.0 28.5636709471766
779 1.0 26.762559621671812
780 1.0 28.653172853466874
781 1.3010299956639813 24.215767859390553
834 1.0 19.359056970763802
86 1.0 24.815590935179138
954 1.0 19.103786648783725
957 1.3010299956639813 20.46054266240951
980 1.0 17.619733479266785
