1.5228787452803376
208 1.0 18.083445948480012
225 1.0 18.083445948480012
227 1.0 16.92409468367376
244 1.0 25.829961126625353
259 1.3010299956639813 34.168322910342354
286 1.0 30.579284727285547
291 1.4771212547196624 17.88610079038451
292 1.0 16.614286248179223
302 1.0 15.880314132670478
326 1.0 26.265110333168654
336 1.0 27.213017312486674
338 1.0 25.829961126625353
347 1.0 14.556617982255124
399 1.0 31.06364857854412
415 1.0 16.854896388101817
47 1.3010299956639813 19.549619832587243
551 1.0 15.64922422599311
55 1.0 16.140070803745896
577 1.0 21.541085769479377
582 1.0 26.849702075967517
594 1.0 21.479558238529965
604 1.0 16.140070803745896
633 1.4771212547196624 22.269887599954423
634 1.3010299956639813 20.53889892996114
636 1.0 18.05674668124595
665 1.0 20.62218664974217
772 1.0 31.06364857854412
825 1.0 16.614286248179223
954 1.0 20.62218664974217
973 1.0 18.869638675773842
