1.8239087409443189
250 1.0 21.593723016307443
311 1.3010299956639813 18.601480963958362
325 1.0 15.755311297820837
397 1.4771212547196624 34.76173337398946
41 1.4771212547196624 20.898009485572526
47 1.4771212547196624 19.549619832587243
523 1.3010299956639813 19.697674446970826
56 1.0 16.039861561383614
626 1.0 16.039861561383614
662 1.3010299956639813 19.61461115210067
666 1.0 21.979048869070308
87 1.0 24.835731385689954
897 1.0 15.971940710676494
958 1.0 21.012855683925522
980 1.0 18.174623439227215
