1.744727494896694
191 1.0 30.983771998615772
198 1.0 18.00016847208931
353 1.0 25.406505472371265
432 1.0 20.140245569349506
459 1.3010299956639813 24.541701226408268
520 1.0 25.214633181541256
527 1.0 20.61363026869414
530 1.0 17.01946628290197
570 1.0 35.00523577088447
652 1.0 18.00016847208931
665 1.0 20.62218664974217
751 1.0 24.759982935078224
752 1.0 15.72129036276342
823 1.0 30.983771998615772
867 1.0 36.43404557128479
913 1.0 18.473312192215285
94 1.6020599913279625 40.42228834338309
954 1.0 20.62218664974217
