1.0132282657337552
120 1.0 22.67074148141845
122 1.0 25.99704858881334
123 1.0 21.94118068747015
176 1.0 22.379256958057034
189 1.0 22.794574400913437
191 1.4771212547196624 30.983771998615772
197 1.0 21.73615837537494
19 1.0 22.906892828979473
228 1.3010299956639813 19.271408794907185
23 1.3010299956639813 18.927700473196293
242 1.0 20.34767568477578
24 1.3010299956639813 22.714650363605696
258 1.0 32.05900432440354
261 1.9030899869919435 40.472400145134394
268 1.0 24.276039699169623
270 1.0 26.10422328297102
271 1.0 27.296216475399984
278 1.0 24.438116936080927
2 1.4771212547196624 25.673207973589584
331 1.0 26.442768047844584
335 1.0 26.592389103304416
336 1.0 27.213017312486674
350 1.0 18.249780831901347
351 1.3010299956639813 19.334505504177955
353 1.845098040014257 25.406505472371265
375 1.0 18.075636329874662
385 1.0 18.664082738893658
397 1.3010299956639813 34.76173337398946
399 1.3010299956639813 31.06364857854412
3 1.4771212547196624 25.673207973589584
414 1.0 19.240697556286563
422 1.0 19.196609027115258
434 1.0 26.054272842923844
441 1.6020599913279625 31.735712827979288
459 1.0 24.541701226408268
472 1.0 26.198430887398857
473 1.0 20.456210819322695
47 1.0 19.549619832587243
494 1.0 22.47464478924292
497 1.0 21.557388215952543
498 1.0 22.596184090364247
513 1.0 17.51618482981768
544 1.0 21.7329857487666
552 1.0 21.18617303846442
556 1.0 21.34923713779162
558 1.3010299956639813 29.49056558466878
559 1.0 21.174473649853873
560 1.0 32.40746376373745
561 1.0 26.19567707123272
562 1.3010299956639813 20.63816033660684
566 1.0 24.435514902659826
570 1.0 35.00523577088447
572 1.6020599913279625 29.842988809469816
573 1.3010299956639813 34.62164344212061
582 1.0 26.849702075967517
585 1.6020599913279625 30.96669564390913
62 1.0 20.34767568477578
648 1.0 22.794574400913437
651 1.0 21.73615837537494
655 1.0 22.47464478924292
65 1.3010299956639813 18.842982330593173
664 1.0 17.88199680559741
678 1.0 19.909993307821388
679 1.0 17.421072102946884
690 1.0 16.958302953633954
691 1.0 20.252883122476465
692 1.0 17.94337135852708
693 1.3010299956639813 16.43520777799439
69 1.845098040014257 26.43449543906486
732 1.3010299956639813 28.96885361670166
733 1.6989700043360187 24.09659662047416
734 1.0 16.710350266628105
746 1.0 19.14200258825803
747 1.0 22.34898733858306
751 1.6020599913279625 24.759982935078224
754 1.0 21.72844942797455
772 1.3010299956639813 31.06364857854412
823 1.4771212547196624 30.983771998615772
829 1.0 21.557388215952543
830 1.0 22.596184090364247
852 2.146128035678238 21.864410189197464
854 1.0 20.336569559735775
867 1.6020599913279625 36.43404557128479
873 1.0 25.188400405739408
877 1.0 22.452284526648562
878 1.0 27.134111744574057
879 1.0 22.452284526648562
91 1.0 21.73615837537494
922 1.3010299956639813 21.35873785771627
92 1.0 21.402892320890444
932 1.3010299956639813 22.35128407421646
941 1.0 18.01860444167257
94 1.4771212547196624 40.42228834338309
953 1.0 19.129941566095997
982 1.0 19.85729433713603
986 1.0 21.11229795390388
990 1.0 19.267169356987246
