1.2839966563652008
105 1.0 21.33892101876266
107 1.0 21.261407681253527
120 1.3010299956639813 22.67074148141845
123 1.3010299956639813 21.94118068747015
125 1.0 17.797417400691103
128 1.0 18.640638875516817
135 1.0 29.53008637972915
138 1.0 22.291356872514033
139 1.0 17.437449700363672
144 1.3010299956639813 19.628955678670632
146 1.4771212547196624 38.443348131520054
147 1.0 38.27432982034523
148 1.0 39.73153365749456
154 1.0 38.92312411360697
155 1.4771212547196624 39.65608647202028
158 1.0 40.36801588254125
160 1.0 33.51414632402991
161 1.0 40.68786868352573
163 1.0 27.444701699266258
187 1.4771212547196624 25.365184410989947
191 1.0 30.983771998615772
200 1.4771212547196624 22.625506653399253
230 1.4771212547196624 22.625506653399253
24 1.4771212547196624 22.714650363605696
250 1.0 21.593723016307443
259 1.3010299956639813 34.168322910342354
282 1.0 18.824144686242487
285 1.0 27.333530767834674
286 1.0 30.579284727285547
328 1.0 32.88047364596294
329 1.3010299956639813 24.220820861806594
330 1.3010299956639813 25.015154858124397
331 1.0 26.442768047844584
344 1.6020599913279625 20.86119657744264
487 1.3010299956639813 19.112909051912595
489 1.3010299956639813 18.813161782127867
567 1.0 23.07027838400899
594 1.0 21.479558238529965
647 1.0 18.531080228224845
654 1.4771212547196624 22.625506653399253
674 1.0 19.06561234581387
675 1.0 18.16831043775807
685 1.0 17.991995194459328
690 1.0 16.958302953633954
694 1.0 18.13228138623654
69 1.0 26.43449543906486
823 1.0 30.983771998615772
84 1.4771212547196624 25.365184410989947
867 1.0 36.43404557128479
959 1.0 19.190356568188804
978 1.0 19.932540595234652
992 1.0 33.556122085405605
