1.431798275933005
117 1.0 21.166129822732998
144 1.0 19.628955678670632
157 1.0 27.318575173705053
204 1.0 17.837739327910686
249 1.0 22.75668213035031
250 1.3010299956639813 21.593723016307443
271 1.0 27.296216475399984
2 1.3010299956639813 25.673207973589584
305 1.3010299956639813 17.98399116678101
328 1.7781512503836436 32.88047364596294
330 1.4771212547196624 25.015154858124397
331 1.0 26.442768047844584
332 1.3010299956639813 26.156648054217282
340 1.0 17.837739327910686
3 1.3010299956639813 25.673207973589584
417 1.0 18.642503692692046
441 1.0 31.735712827979288
444 1.0 29.526890635247195
447 1.0 17.43776619662874
448 1.0 18.647997157938995
451 1.4771212547196624 15.797072840726699
502 1.0 18.60296721930803
511 1.0 18.55968024231519
517 1.3010299956639813 16.626536411088022
523 1.0 19.697674446970826
560 1.3010299956639813 32.40746376373745
576 1.0 16.389629448511823
57 1.0 16.169816605433944
645 1.0 16.169816605433944
671 1.0 20.661290750656658
679 1.0 17.421072102946884
732 1.0 28.96885361670166
80 1.0 15.71248572680523
867 1.0 36.43404557128479
886 1.3010299956639813 17.98399116678101
913 1.0 18.473312192215285
92 1.3010299956639813 21.402892320890444
