1.6197887582883939
134 1.0 27.567002922119546
154 1.0 38.92312411360697
155 1.0 39.65608647202028
157 1.0 27.318575173705053
159 1.3010299956639813 34.663276209978875
161 1.4771212547196624 40.68786868352573
164 1.7781512503836436 29.060873897358988
192 1.0 16.982274168574502
24 1.0 22.714650363605696
2 1.0 25.673207973589584
3 1.0 25.673207973589584
433 1.0 24.68064648083747
435 1.0 24.468548355039516
441 1.0 31.735712827979288
488 1.0 18.91692636651541
69 1.0 26.43449543906486
779 1.0 28.58117033955364
807 1.0 24.483238969908477
815 1.0 20.604951603302737
816 1.0 26.40168560543113
824 1.0 16.982274168574502
883 1.0 16.982274168574502
918 1.0 24.222096258795588
992 1.0 33.556122085405605
