1.6575773191777938
199 1.3010299956639813 22.603396897878287
200 1.3010299956639813 16.645211904679204
204 1.0 18.43335978124768
207 1.0 18.0557751805786
224 1.0 18.0557751805786
229 1.3010299956639813 22.603396897878287
230 1.845098040014257 19.818484653329044
231 1.0 18.43335978124768
260 1.0 40.46004416097286
345 1.0 17.350406766716183
368 1.0 13.112389751655092
495 1.0 17.04471738567224
498 1.845098040014257 19.818484653329044
49 1.0 16.335513669309126
501 1.4771212547196624 18.576070342315386
64 1.0 16.707558357235154
653 1.3010299956639813 22.603396897878287
655 1.845098040014257 19.818484653329044
656 1.0 18.43335978124768
711 1.0 16.707558357235154
825 1.0 17.04471738567224
831 1.0 15.854309531641922
