1.6989700043360187
110 1.0 16.382580531642766
140 1.0 21.068838098294076
146 1.0 38.443348131520054
147 1.0 38.27432982034523
148 1.0 39.73153365749456
154 1.4771212547196624 38.92312411360697
158 1.4771212547196624 40.36801588254125
159 1.0 34.663276209978875
160 1.7781512503836436 33.51414632402991
161 1.3010299956639813 40.68786868352573
162 1.0 29.200185832126223
488 1.0 18.91692636651541
547 1.0 20.421608203426736
549 1.0 19.672691459680365
572 1.0 29.842988809469816
583 1.0 25.011711924712642
941 1.0 18.01860444167257
943 1.0 19.402058534341666
948 1.0 14.526214577737626
959 1.0 19.190356568188804
