1.3872161432802645
131 1.4771212547196624 31.908356378043813
132 1.0 31.170157473839097
134 1.4771212547196624 29.51314963866556
145 1.4771212547196624 38.43033977941447
146 1.6989700043360187 38.26126400416704
147 1.6989700043360187 39.718947201261805
148 1.0 36.70053413239285
149 1.0 30.628195318865107
153 1.6989700043360187 38.91027615891787
154 1.4771212547196624 39.64347606197456
155 1.0 32.78554205971943
156 1.0 27.300266473449927
162 1.6020599913279625 27.42647719561716
23 1.0 18.90126570373093
382 1.0 23.381346006518903
389 1.0 22.987930278533103
396 1.6020599913279625 34.747346764383785
399 1.0 19.13339458833571
405 1.0 17.108838352647496
406 1.0 16.1759267221591
502 1.3010299956639813 24.947803517854027
511 1.0 21.085117241154542
528 1.4771212547196624 16.600990941589497
530 1.0 20.54820717542731
567 1.0 16.259911412831926
639 1.0 16.56038138552629
735 1.0 26.464092456397857
737 1.0 23.235022308206137
741 1.0 21.665271886223913
748 1.0 22.56508767539272
776 1.0 25.809572659595812
777 1.3010299956639813 28.5636709471766
779 1.3010299956639813 26.762559621671812
799 1.3010299956639813 21.750977795505374
800 1.3010299956639813 21.474900607430737
812 1.3010299956639813 21.474900607430737
814 1.0 26.382740623521833
878 1.6989700043360187 33.105865818015594
93 1.9030899869919435 40.4099170367325
951 1.0 16.18204005064504
981 1.0 18.147091699710654
