1.6382721639824072
106 1.0 21.237877873941795
134 1.0 29.51314963866556
142 1.3010299956639813 21.606364977884798
156 1.0 27.300266473449927
161 1.0 29.183057629910973
184 1.0 24.619860170608522
275 1.0 20.27889021374396
396 1.0 34.747346764383785
398 1.0 31.04754842191709
431 1.0 20.115404335824383
500 1.0 24.619860170608522
529 1.0 16.990062759002303
539 1.0 23.34826527667759
552 1.0 20.441020454368555
581 1.3010299956639813 26.831073433021917
770 1.0 31.04754842191709
809 1.0 19.258313969819948
829 1.0 24.619860170608522
862 1.0 22.500892102974184
865 1.0 36.420319557775116
876 1.0 27.115678493576954
918 1.0 21.05942217315108
954 1.0 19.103786648783725
