1.5686362358410126
131 1.0 31.908356378043813
132 1.0 31.170157473839097
133 1.0 27.54885932499107
146 1.0 38.26126400416704
147 1.3010299956639813 39.718947201261805
154 1.0 39.64347606197456
157 1.3010299956639813 40.355627938282694
158 1.6020599913279625 34.64884871982456
159 1.0 33.49922392874927
190 1.0 30.967630313961816
24 1.0 22.69262746225858
259 1.0 27.067295817703585
26 1.3010299956639813 18.618919907073398
325 1.0 26.246066768442137
331 1.0 26.137525464974466
343 1.0 20.837214848503734
527 1.0 21.0997074467684
556 1.0 32.02299329624464
557 1.0 29.473606133346674
569 1.0 34.990949277994865
580 1.0 25.521710205582426
679 1.0 15.743631599218444
69 1.0 26.41557398804616
771 1.3010299956639813 25.078312841330952
807 1.0 23.916854058840084
814 1.0 26.382740623521833
820 1.0 30.967630313961816
