1.494850021680094
106 1.0 21.237877873941795
154 1.0 39.64347606197456
184 1.0 24.619860170608522
186 1.0 25.345464687070297
199 1.0 22.603396897878287
208 1.3010299956639813 19.715082278253885
229 1.0 22.603396897878287
241 1.0 20.323087997959746
257 1.4771212547196624 32.04340428656301
258 1.3010299956639813 34.15368633845293
259 1.0 27.067295817703585
265 1.0 23.98572466518575
270 1.0 27.27789276817213
330 1.0 26.423852520632007
331 1.3010299956639813 26.137525464974466
332 1.0 24.231012577485338
398 1.3010299956639813 31.04754842191709
500 1.0 24.619860170608522
502 1.0 24.947803517854027
556 1.0 32.02299329624464
557 1.0 29.473606133346674
561 1.0 20.6139191343978
569 1.0 34.990949277994865
571 1.0 29.826229749704215
605 1.0 18.5040994848109
62 1.0 20.323087997959746
653 1.0 22.603396897878287
770 1.3010299956639813 31.04754842191709
829 1.0 24.619860170608522
83 1.0 25.345464687070297
876 1.0 27.115678493576954
992 1.0 20.972634792127216
