1.5686362358410126
131 1.4771212547196624 31.908356378043813
132 1.0 31.170157473839097
142 1.0 21.606364977884798
154 1.3010299956639813 39.64347606197456
157 1.0 40.355627938282694
158 1.0 34.64884871982456
349 1.3010299956639813 18.22236264627707
411 1.0 21.73531037580023
440 1.3010299956639813 31.719953794102054
443 1.0 29.509952060039822
471 1.0 26.179338818270686
485 1.0 18.6714979484428
487 1.0 18.890476520092495
497 1.4771212547196624 22.57404561538827
513 1.0 18.984876032460487
561 1.0 20.6139191343978
572 1.6989700043360187 34.607198595571596
63 1.0 17.343081378405795
668 1.3010299956639813 17.727873548642012
671 1.0 19.58191513861614
7 1.0 20.637992374919182
806 1.0 27.27436952647854
811 1.0 16.52497719495689
813 1.0 20.580671285807178
827 1.4771212547196624 22.57404561538827
876 1.0 27.115678493576954
930 1.0 15.25216652316149
