1.1804560644581314
104 1.0 21.315476777332258
111 1.6020599913279625 18.8928542926875
175 1.0 22.356903676375765
187 1.9030899869919435 18.36761931536485
1 1.0 24.469666509833758
213 1.0 18.016798133940682
2 1.4771212547196624 25.653725024939046
338 1.0 21.754781863703386
392 1.0 14.283168530322774
393 1.0 15.71714517392524
394 1.0 13.494009199570673
395 1.0 14.758399668360488
396 1.0 34.747346764383785
397 1.7781512503836436 15.59311007460044
398 1.3010299956639813 31.04754842191709
399 1.0 19.13339458833571
3 1.4771212547196624 25.653725024939046
400 1.0 14.08378662149524
401 1.0 24.1565533242725
402 1.0 16.368602790560463
403 1.0 13.500926207151714
411 1.0 21.73531037580023
42 1.0 17.338897626616056
432 1.0 24.66037937080602
433 1.3010299956639813 26.035075059878718
434 1.0 24.448105419498397
459 1.0 16.318175390056652
507 1.0 17.338897626616056
533 1.0 19.696864101303447
642 1.0 19.614776409036214
725 1.3010299956639813 15.337880790453774
768 1.7781512503836436 15.59311007460044
769 2.113943352306837 19.37976637155202
76 1.0 13.459310544023309
770 1.3010299956639813 31.04754842191709
771 1.0 25.078312841330952
772 1.0 23.117420198200822
775 1.0 24.1565533242725
776 1.0 25.809572659595812
777 1.0 28.5636709471766
778 1.0 29.375621062375156
779 1.0 26.762559621671812
780 1.0 28.653172853466874
781 1.0 24.215767859390553
782 1.0 28.8122112955473
783 1.0 15.065543358973835
784 1.0 16.427467569369398
785 1.0 16.33924581085099
786 1.0 16.674504799836235
787 1.0 16.853403753588953
788 1.0 16.44195035074378
789 1.0 16.247732650957825
790 1.0 16.35543624625182
791 1.0 15.027617842401222
792 1.0 15.296720290112676
793 1.0 15.283359784295454
794 1.0 15.391766171743628
795 1.0 13.470927861124082
796 1.0 16.41623255841033
797 1.0 17.68690492205947
798 1.0 19.84500063961507
817 1.9030899869919435 18.36761931536485
862 1.0 22.500892102974184
878 1.0 33.105865818015594
894 1.0 16.508326051842978
99 1.0 16.508326051842978
