0.9318141382538383
105 1.3010299956639813 21.33892101876266
117 1.845098040014257 21.166129822732998
120 2.0 22.67074148141845
121 1.4771212547196624 16.452082774442715
122 2.4313637641589874 25.99704858881334
123 2.113943352306837 21.94118068747015
125 1.4771212547196624 17.797417400691103
126 1.845098040014257 19.10717613125738
127 1.0 17.367910512582892
128 1.845098040014257 18.640638875516817
191 1.0 30.983771998615772
1 1.0 24.099314783282633
207 1.6020599913279625 18.798742484766407
210 1.0 20.74943729156614
219 1.3010299956639813 20.060459993820544
22 1.0 20.042266187907835
233 1.6020599913279625 18.798742484766407
234 1.0 20.74943729156614
23 1.0 18.927700473196293
240 1.0 15.060097196541419
258 1.0 32.05900432440354
260 2.079181246047625 27.085761995614487
261 2.380211241711606 40.472400145134394
263 1.3010299956639813 21.157562303591927
264 1.3010299956639813 18.98771976077981
265 1.0 16.744108528521995
266 1.0 24.006561347142163
269 1.7781512503836436 28.06641091839446
270 1.7781512503836436 26.10422328297102
271 2.380211241711606 27.296216475399984
326 1.0 26.265110333168654
327 1.3010299956639813 21.408537178610665
328 1.4771212547196624 32.88047364596294
330 1.7781512503836436 25.015154858124397
331 1.0 26.442768047844584
333 1.0 24.251638512278973
335 1.0 26.592389103304416
376 1.0 15.261482973215074
400 1.4771212547196624 19.159509087472838
409 1.6020599913279625 18.798742484766407
410 1.0 20.74943729156614
411 1.6020599913279625 18.356977856408704
413 1.3010299956639813 19.441687508621293
420 1.3010299956639813 16.4406842597468
421 2.113943352306837 22.714705200606023
422 1.6989700043360187 19.196609027115258
431 1.3010299956639813 21.076784861203542
433 1.3010299956639813 24.68064648083747
435 1.3010299956639813 24.468548355039516
445 1.0 16.923811634708713
456 1.0 14.185030139327283
457 1.3010299956639813 18.43689483349195
458 1.0 17.695365074715316
481 1.0 15.708611586019918
497 1.0 21.557388215952543
498 1.0 22.596184090364247
503 1.3010299956639813 24.96783731854743
520 1.0 25.214633181541256
528 1.0 21.12339116570097
544 1.3010299956639813 21.7329857487666
546 1.0 23.31908484052949
556 1.3010299956639813 21.34923713779162
559 1.3010299956639813 21.174473649853873
560 1.6020599913279625 32.40746376373745
565 1.0 25.067378635529828
568 1.0 16.29063286533528
569 1.3010299956639813 21.220451953962858
572 1.0 29.842988809469816
581 1.9542425094393248 25.541293855592556
582 1.9542425094393248 26.849702075967517
583 2.1760912590556813 25.011711924712642
584 1.4771212547196624 23.292766275876946
585 1.845098040014257 30.96669564390913
606 1.0 18.53110082385229
659 1.6020599913279625 18.798742484766407
729 1.0 15.185308978301347
730 1.0 15.234951641878837
732 1.3010299956639813 28.96885361670166
774 1.0 23.139038800697477
77 1.0 16.90578733542276
780 1.0 29.39263705080337
793 1.0 15.060853163657614
794 1.0 15.329372186555613
795 1.0 15.316040163704834
796 1.0 15.424216864581213
798 1.0 16.44666201427546
7 1.0 20.662205334068826
800 1.0 19.870179928383198
801 1.4771212547196624 21.773953133516383
802 1.3010299956639813 21.49817099427365
807 1.3010299956639813 24.483238969908477
808 1.6020599913279625 27.292695599132404
809 1.6020599913279625 23.93775068948324
814 1.3010299956639813 21.49817099427365
815 1.4771212547196624 20.604951603302737
816 1.6020599913279625 26.40168560543113
817 1.0 16.90578733542276
819 1.0 14.38700094710823
823 1.0 30.983771998615772
827 1.0 14.220677268086096
829 1.0 21.557388215952543
82 1.0 16.571218594456724
830 1.0 22.596184090364247
83 1.3010299956639813 16.202098073055122
855 1.0 16.571218594456724
869 1.0 20.353723559156737
880 1.3010299956639813 33.12096543823041
88 1.0 14.220677268086096
90 1.0 17.747677710827986
918 1.6989700043360187 24.222096258795588
927 1.7781512503836436 18.7642269613462
92 1.3010299956639813 21.402892320890444
942 1.0 19.45006435459591
94 2.1760912590556813 40.42228834338309
973 1.0 18.869638675773842
989 1.0 17.072459926998317
991 1.0 20.996461847748183
