1.5686362358410126
134 1.0 29.51314963866556
145 1.0 38.43033977941447
153 1.0 38.91027615891787
170 1.3010299956639813 17.270901992246657
175 1.0 22.356903676375765
215 1.3010299956639813 16.390784482423456
284 1.0 27.31523209193297
352 1.3010299956639813 25.386817845441577
402 1.0 16.368602790560463
411 1.0 21.73531037580023
527 1.3010299956639813 21.0997074467684
546 1.0 20.3971096387274
684 1.0 17.964183562785355
689 1.4771212547196624 16.928793195831474
693 1.0 18.104685257403954
69 1.3010299956639813 26.41557398804616
784 1.3010299956639813 16.427467569369398
786 1.6020599913279625 16.674504799836235
787 1.4771212547196624 16.853403753588953
788 1.3010299956639813 16.44195035074378
789 1.6020599913279625 16.247732650957825
790 1.0 16.35543624625182
797 1.6020599913279625 17.68690492205947
798 1.0 19.84500063961507
834 1.845098040014257 19.359056970763802
844 1.6020599913279625 15.562398568103088
850 1.0 21.84153000413391
