1.5086383061657274
132 1.845098040014257 31.170157473839097
133 1.6020599913279625 27.54885932499107
134 1.3010299956639813 29.51314963866556
196 1.0 21.713143045615993
215 1.3010299956639813 16.390784482423456
26 1.0 18.618919907073398
313 1.0 16.688807985466465
502 1.3010299956639813 24.947803517854027
615 1.0 23.88195453063762
635 1.0 18.02903493564441
650 1.0 21.713143045615993
665 1.0 21.956288146883587
66 1.0 17.276058696601304
680 1.0 17.012055796954062
693 1.0 18.104685257403954
778 1.3010299956639813 29.375621062375156
793 1.0 15.283359784295454
794 1.0 15.391766171743628
796 1.3010299956639813 16.41623255841033
798 1.3010299956639813 19.84500063961507
799 1.0 21.750977795505374
800 1.0 21.474900607430737
812 1.0 21.474900607430737
865 1.0 36.420319557775116
867 1.4771212547196624 20.329143187123556
873 1.0 15.748324655176601
879 1.0 15.968223619979328
886 1.0 16.688807985466465
891 1.0 20.556957071190386
892 1.0 19.44244897613975
90 1.0 21.713143045615993
