1.1739251972991736
105 1.0 21.33892101876266
133 1.0 31.18619433249154
136 1.0 23.748484428238577
147 1.0 38.27432982034523
148 1.6989700043360187 39.73153365749456
149 1.0 36.714155384577936
150 1.4771212547196624 30.64451579794581
154 1.0 38.92312411360697
158 1.0 40.36801588254125
160 1.4771212547196624 33.51414632402991
161 1.6989700043360187 40.68786868352573
164 1.0 29.060873897358988
170 1.0 16.92269399053892
218 1.0 15.989944117470667
223 1.0 19.5018082949504
236 1.4771212547196624 23.511023087218234
375 1.0 18.075636329874662
379 1.0 24.673753214847594
381 1.6989700043360187 17.128445544541883
382 1.0 13.947325129469858
385 1.0 18.664082738893658
387 1.3010299956639813 21.87923801272718
389 1.7781512503836436 17.411970458585486
391 1.0 15.480475837789893
392 1.0 14.967448726783925
400 1.0 19.159509087472838
402 1.0 24.177242781351655
411 1.3010299956639813 18.356977856408704
417 1.3010299956639813 18.642503692692046
420 1.4771212547196624 16.4406842597468
436 1.3010299956639813 18.15542263413017
441 1.0 31.735712827979288
482 1.0 19.755861749534457
545 1.3010299956639813 16.369127366332837
551 1.0 15.64922422599311
594 1.0 21.479558238529965
615 1.0 17.287230481631443
624 1.0 16.49972484873875
640 1.0 16.590546453751475
727 1.0 15.480475837789893
728 1.0 14.967448726783925
732 1.9030899869919435 28.96885361670166
733 1.3010299956639813 24.09659662047416
736 1.3010299956639813 26.48297924216182
738 1.0 23.256531591422583
745 1.3010299956639813 15.833985711967152
747 1.845098040014257 22.34898733858306
751 1.0 24.759982935078224
777 1.0 24.177242781351655
781 1.3010299956639813 26.78123592188267
783 1.0 24.23640676791617
784 1.845098040014257 28.829559825624525
794 1.0 15.329372186555613
801 1.4771212547196624 21.773953133516383
802 1.4771212547196624 21.49817099427365
814 1.4771212547196624 21.49817099427365
816 1.0 26.40168560543113
87 1.0 24.835731385689954
911 1.7781512503836436 21.53343177229172
945 1.0 16.481630601170867
956 1.0 20.484965365855015
974 1.0 17.88251712427213
979 1.0 17.6480879383687
983 1.0 15.99285048892566
984 1.0 17.695911660502205
985 1.0 20.023207099137547
990 1.0 19.267169356987246
