1.2518119729937995
141 1.4771212547196624 22.083311659467373
165 1.0 12.869632630690237
166 1.0 12.876697218233856
19 1.0 22.906892828979473
236 1.0 23.511023087218234
25 1.0 18.174910176754217
2 1.3010299956639813 25.673207973589584
32 1.3010299956639813 13.470797021026364
33 1.3010299956639813 13.470797021026364
350 1.3010299956639813 18.249780831901347
351 1.0 19.334505504177955
352 1.0 22.315951883102834
374 1.0 15.477325925939487
375 1.0 18.075636329874662
382 1.3010299956639813 13.947325129469858
383 1.0 23.402720804995248
390 1.0 23.009670542854348
392 1.0 14.967448726783925
3 1.3010299956639813 25.673207973589584
433 1.0 24.68064648083747
435 1.0 24.468548355039516
441 1.0 31.735712827979288
482 1.7781512503836436 19.755861749534457
486 1.0 18.698257556219072
500 1.0 27.79974623106974
502 1.0 18.60296721930803
515 1.0 23.20380250236597
525 1.4771212547196624 20.543320381954224
534 1.0 19.72223251625476
556 1.0 21.34923713779162
570 1.0 35.00523577088447
65 1.0 18.842982330593173
671 1.4771212547196624 20.661290750656658
672 1.0 19.607432276969973
673 1.0 17.464006401007527
681 1.0 17.041421373778608
682 1.0 18.092716090093774
68 1.0 17.582897293622267
690 1.4771212547196624 16.958302953633954
692 1.3010299956639813 17.94337135852708
728 1.0 14.967448726783925
732 1.6989700043360187 28.96885361670166
742 1.0 21.68833801617828
744 1.0 15.477325925939487
745 1.0 15.833985711967152
746 1.3010299956639813 19.14200258825803
747 1.4771212547196624 22.34898733858306
751 1.0 24.759982935078224
75 1.0 15.477325925939487
781 1.0 26.78123592188267
831 1.0 27.79974623106974
833 1.0 15.885438230900338
867 1.0 36.43404557128479
869 1.0 20.353723559156737
908 1.6020599913279625 18.24824091238585
914 1.0 15.862380670664196
