1.4685210829577449
190 1.0 30.967630313961816
196 1.0 21.713143045615993
19 1.0 22.88505492845388
21 1.0 18.02167784870146
284 1.0 27.31523209193297
347 1.0 18.41382190706093
351 1.0 22.293535126779712
373 1.3010299956639813 15.444986818309642
380 1.3010299956639813 17.099229420425257
388 1.3010299956639813 17.383230863411256
390 1.0 15.448143324179663
398 1.3010299956639813 31.04754842191709
496 1.0 21.534181820846815
524 1.0 20.518967135692183
545 1.0 23.297633308982533
650 1.0 21.713143045615993
668 1.0 17.727873548642012
676 1.0 20.23539889371069
685 1.0 17.175414668708417
686 1.3010299956639813 17.162340194417848
688 1.3010299956639813 16.363787416979306
689 1.0 16.928793195831474
690 1.0 20.22818021406503
691 1.0 17.91548424436275
726 1.0 15.448143324179663
731 1.845098040014257 28.951588555136127
743 1.3010299956639813 15.444986818309642
746 1.3010299956639813 22.32660375113389
75 1.3010299956639813 15.444986818309642
770 1.3010299956639813 31.04754842191709
820 1.0 30.967630313961816
826 1.0 21.534181820846815
831 1.0 15.854309531641922
90 1.0 21.713143045615993
