1.6575773191777938
135 1.3010299956639813 29.53008637972915
146 1.7781512503836436 38.443348131520054
147 1.6989700043360187 38.27432982034523
148 1.0 39.73153365749456
149 1.6020599913279625 36.714155384577936
154 1.0 38.92312411360697
155 1.0 39.65608647202028
158 1.6020599913279625 40.36801588254125
189 1.3010299956639813 22.794574400913437
192 1.0 16.982274168574502
21 1.0 18.049400889846094
345 1.0 19.45537620834872
383 1.0 23.402720804995248
390 1.0 23.009670542854348
416 1.0 19.445006257673224
648 1.3010299956639813 22.794574400913437
742 1.0 21.68833801617828
749 1.0 22.58723493033533
781 1.0 26.78123592188267
824 1.0 16.982274168574502
883 1.0 16.982274168574502
94 1.3010299956639813 40.42228834338309
