1.6382721639824072
120 1.0 16.42166336328676
210 1.0 19.851353724768064
248 1.0 22.73469994483774
280 1.0 20.36083120666262
281 1.4771212547196624 18.79756428818881
327 1.0 32.86526353435894
328 1.0 24.20016866097684
329 1.0 24.995158982809944
514 1.0 23.1822442953396
518 1.0 20.682013519960595
538 1.0 20.55751044757001
543 1.0 21.709967055619686
54 1.0 16.32113418866619
57 1.0 16.138865172414302
588 1.0 16.32113418866619
644 1.0 16.138865172414302
688 1.0 16.363787416979306
689 1.0 16.928793195831474
690 1.0 20.22818021406503
692 1.0 16.40475707549024
814 1.0 26.382740623521833
952 1.0 25.38787746985513
956 1.0 19.332344149929916
