1.7695510786217261
162 1.0 29.200185832126223
208 1.3010299956639813 18.083445948480012
225 1.3010299956639813 18.083445948480012
231 1.3010299956639813 19.843697587754125
450 1.0 16.00461083590737
471 1.0 24.01537280312254
499 1.3010299956639813 19.843697587754125
548 1.0 19.056516086799924
656 1.3010299956639813 19.843697587754125
663 1.0 19.44490454387257
677 1.0 20.260093000467393
815 1.0 20.604951603302737
877 1.0 22.452284526648562
878 1.0 27.134111744574057
879 1.0 22.452284526648562
880 1.0 33.12096543823041
988 1.0 18.29479303891827
