1.7958800173440752
163 1.3010299956639813 27.444701699266258
261 2.079181246047625 40.472400145134394
270 1.3010299956639813 26.10422328297102
271 2.204119982655925 27.296216475399984
326 1.0 26.265110333168654
448 1.0 18.647997157938995
559 1.0 21.174473649853873
570 1.0 35.00523577088447
573 1.4771212547196624 34.62164344212061
583 2.0 25.011711924712642
584 1.0 23.292766275876946
585 1.6020599913279625 30.96669564390913
671 1.0 20.661290750656658
691 1.0 20.252883122476465
880 1.3010299956639813 33.12096543823041
94 1.0 40.42228834338309
