1.337242168318426
116 1.0 21.142493979490386
121 1.0 25.97780851667672
122 1.0 21.918380641831487
127 1.0 18.613796434027876
172 1.0 18.832857933573873
211 1.3010299956639813 22.03031942410671
235 1.0 23.489746840008912
260 1.4771212547196624 40.46004416097286
264 1.0 16.714220604471006
265 1.0 23.98572466518575
267 1.7781512503836436 24.25543451426215
268 1.4771212547196624 28.048590371713367
269 1.4771212547196624 26.08506226190013
290 1.0 17.858124243150325
325 1.3010299956639813 26.246066768442137
330 1.0 26.423852520632007
331 1.3010299956639813 26.137525464974466
398 1.6020599913279625 31.04754842191709
512 1.0 17.487616504038936
514 1.0 23.1822442953396
530 1.0 20.54820717542731
545 1.0 23.297633308982533
555 1.0 21.325804237253536
558 1.0 21.15084713075001
559 1.0 32.39203154477896
562 1.0 23.455333927936188
564 1.0 25.047424451568215
568 1.0 21.196876683380644
569 1.0 34.990949277994865
570 1.3010299956639813 19.48325860666556
580 1.0 25.521710205582426
583 1.3010299956639813 23.271290483826427
60 1.0 20.28552366248819
662 1.0 19.41917384237332
731 1.0 28.951588555136127
732 1.0 24.075837860598885
750 1.3010299956639813 24.739780818458456
769 1.0 19.37976637155202
770 1.6020599913279625 31.04754842191709
772 1.0 23.117420198200822
806 1.0 27.27436952647854
912 1.0 21.510199531662707
914 1.0 18.44622626314255
915 1.0 15.830828169778773
917 1.0 20.297410938444266
945 1.4771212547196624 19.892020741815653
