1.721246399047171
121 1.0 16.452082774442715
205 1.0 18.460464588544884
215 1.0 18.71227143762001
232 1.0 18.460464588544884
245 1.0 16.518884647461846
246 1.0 15.611383332448497
273 1.0 15.490090513554941
288 1.0 16.518884647461846
344 1.3010299956639813 20.86119657744264
420 1.3010299956639813 16.4406842597468
454 1.0 16.518884647461846
503 1.0 24.96783731854743
505 1.0 17.827254209129045
528 1.3010299956639813 21.12339116570097
646 1.3010299956639813 21.019109611528222
657 1.0 18.460464588544884
818 1.0 15.490090513554941
856 1.0 17.292029554288533
859 1.0 17.03148242460064
