1.6197887582883939
189 1.3010299956639813 22.794574400913437
191 1.0 30.983771998615772
209 1.6020599913279625 19.7404272810474
216 1.0 16.421261094972383
290 1.0 19.344122607461724
335 1.6020599913279625 26.592389103304416
500 2.113943352306837 27.79974623106974
541 1.0 18.888440514559967
545 1.4771212547196624 16.369127366332837
549 1.0 19.672691459680365
648 1.3010299956639813 22.794574400913437
779 1.4771212547196624 28.58117033955364
821 1.0 19.344122607461724
823 1.0 30.983771998615772
831 2.113943352306837 27.79974623106974
87 1.0 24.835731385689954
918 1.4771212547196624 24.222096258795588
921 1.0 16.37330158288374
944 1.0 19.917140587765708
951 1.0 25.40756427571084
953 1.0 19.129941566095997
956 1.0 20.484965365855015
957 1.4771212547196624 18.152757365381166
976 1.0 19.12532909112134
