1.6197887582883939
186 1.0 25.345464687070297
248 1.845098040014257 22.73469994483774
258 1.0 34.15368633845293
265 1.0 23.98572466518575
270 1.0 27.27789276817213
275 1.4771212547196624 20.27889021374396
294 1.4771212547196624 18.739543300973466
413 1.3010299956639813 19.214693399908615
447 1.0 18.6211653234297
518 1.0 20.682013519960595
519 1.6020599913279625 25.19479562289961
55 1.0 16.109062218202855
564 1.0 25.047424451568215
591 1.0 15.92624199010319
603 1.0 16.109062218202855
610 1.0 16.926793752845303
806 1.0 27.27436952647854
83 1.0 25.345464687070297
84 1.0 20.94724544657274
923 1.3010299956639813 21.33531539196555
931 1.0 22.349952035011718
933 1.3010299956639813 22.32890278912787
982 1.3010299956639813 19.01404692868626
993 1.0 33.541218365030296
