1.4814860601221125
122 1.3010299956639813 25.99704858881334
123 1.0 21.94118068747015
133 1.0 31.18619433249154
147 1.3010299956639813 38.27432982034523
148 1.3010299956639813 39.73153365749456
149 1.0 36.714155384577936
154 1.0 38.92312411360697
155 1.3010299956639813 39.65608647202028
160 1.4771212547196624 33.51414632402991
191 1.0 30.983771998615772
235 1.3010299956639813 18.131311524289607
296 1.0 21.560794875219035
2 1.4771212547196624 25.673207973589584
3 1.4771212547196624 25.673207973589584
41 1.0 20.898009485572526
441 1.0 31.735712827979288
500 1.0 27.79974623106974
528 1.0 21.12339116570097
538 1.0 16.052093028525185
675 1.0 18.16831043775807
736 1.0 26.48297924216182
738 1.0 23.256531591422583
774 1.0 23.139038800697477
801 1.0 21.773953133516383
807 1.0 24.483238969908477
823 1.0 30.983771998615772
831 1.0 27.79974623106974
846 1.0 15.59449419482713
880 1.4771212547196624 33.12096543823041
942 1.3010299956639813 19.45006435459591
943 1.3010299956639813 19.402058534341666
949 1.0 16.36144171601765
94 1.0 40.42228834338309
