1.7958800173440752
211 1.0 22.03031942410671
257 1.0 32.04340428656301
258 1.0 34.15368633845293
259 2.633468455579586 27.067295817703585
260 2.5051499783199063 40.46004416097286
267 2.0413926851582254 24.25543451426215
268 2.0413926851582254 28.048590371713367
271 1.3010299956639813 14.256693170752603
53 1.6020599913279625 15.484623446241047
562 1.0 23.455333927936188
580 2.5440680443502757 25.521710205582426
581 1.0 26.831073433021917
582 1.3010299956639813 24.99171329470656
583 1.0 23.271290483826427
584 2.3222192947339195 30.950545053399313
585 1.6020599913279625 15.484623446241047
