0.10623823794205661
1000 1.0 16.329300295473313
100 1.0 12.893490060867618
101 1.0 13.047685080108735
102 1.0 12.997490719339234
103 1.0 13.047685080108735
104 1.0 21.315476777332258
105 1.0 12.97081670326476
106 1.0 21.237877873941795
107 1.0 13.08594994448978
108 1.0 15.676749598065259
109 1.0 19.715945972128416
110 1.0 14.809660053849848
111 1.0 18.8928542926875
112 1.0 16.952806137528757
113 1.0 16.83451201033724
114 1.0 16.58655052158543
115 1.0 17.956167137974
116 1.0 21.142493979490386
117 1.0 14.688235307452093
118 1.0 14.550756333462834
119 1.4771212547196624 22.648675884415564
120 1.0 16.42166336328676
121 1.0 25.97780851667672
122 1.0 21.918380641831487
123 1.0 13.4472538158549
124 1.0 17.76930122808498
125 1.3010299956639813 19.0809900086681
126 1.0 17.339097888099232
127 1.0 18.613796434027876
128 1.0 13.531525342744336
129 1.0 13.310638814585898
130 1.0 12.893490060867618
131 1.0 31.908356378043813
132 1.0 31.170157473839097
133 1.0 27.54885932499107
134 1.0 29.51314963866556
135 1.0 23.727421112255122
136 1.0 22.900372757632663
137 1.0 22.26891535791042
138 1.0 17.408752168168547
139 1.0 21.045092986540304
140 1.0 22.06065850896495
141 1.0 19.014107610916184
142 1.0 21.606364977884798
143 1.0 19.603466556586774
145 1.0 38.43033977941447
146 1.0 38.26126400416704
147 1.0 39.718947201261805
148 1.0 36.70053413239285
149 1.0 30.628195318865107
150 1.0 28.679701781112843
151 1.0 26.41677324871767
152 1.0 27.106140088612186
153 1.0 38.91027615891787
154 1.0 39.64347606197456
155 1.0 32.78554205971943
156 1.0 27.300266473449927
157 1.4771212547196624 40.355627938282694
158 1.0 34.64884871982456
159 1.0 33.49922392874927
160 1.0 40.68185651929256
161 1.0 29.183057629910973
162 1.0 27.42647719561716
163 1.0 29.043663537477517
164 1.0 12.830722662770283
165 1.0 12.837808662309605
166 1.0 12.869632630690237
167 1.0 12.869632630690237
168 1.0 12.876697218233856
169 1.0 16.893122029317794
170 1.0 17.270901992246657
171 1.0 13.78444399364049
172 1.0 18.832857933573873
173 1.0 25.424188320838816
174 1.0 18.86162482260781
175 1.0 22.356903676375765
176 1.0 12.776622634706408
177 1.0 12.815696857748005
178 1.0 12.815696857748005
179 1.0 12.815696857748005
180 1.0 12.815696857748005
181 1.0 13.363384580582165
182 1.0 13.336112800340645
184 1.0 24.619860170608522
185 1.0 17.044758885154558
186 1.0 25.345464687070297
187 1.3010299956639813 18.36761931536485
189 1.0 20.697181124016947
190 1.0 30.967630313961816
191 1.0 16.952806137528757
192 1.0 19.898472476859148
193 1.0 17.74702978158316
194 1.0 16.794834479301993
195 1.0 16.794834479301993
196 1.3010299956639813 21.713143045615993
197 1.0 17.97236948828946
198 1.0 19.930084158480717
199 1.0 22.603396897878287
202 1.0 18.45137749631327
203 1.0 17.809686811690188
204 1.0 18.43335978124768
205 1.0 18.02662549969417
206 1.0 18.772126118491787
207 1.3010299956639813 18.0557751805786
208 1.4771212547196624 19.715082278253885
209 1.0 20.72532624391316
210 1.0 19.851353724768064
211 1.0 22.03031942410671
212 1.0 19.272892292014472
213 1.0 18.016798133940682
214 1.0 18.685531899177228
215 1.0 16.390784482423456
218 1.0 20.03551983762025
221 1.0 13.88348085576858
222 1.0 19.47615277135082
223 1.0 18.45137749631327
224 1.3010299956639813 18.0557751805786
225 1.0 16.31314212731362
226 1.0 16.894525174208198
227 1.0 19.245446135136124
228 1.0 19.894315832793946
229 1.0 22.603396897878287
230 1.0 19.818484653329044
231 1.0 18.43335978124768
232 1.0 18.772126118491787
233 1.0 20.72532624391316
234 1.0 18.103713917062354
235 1.0 23.489746840008912
236 1.0 18.969094117495082
237 1.0 17.76548249061496
238 1.0 16.834808931146938
239 1.0 15.026860203291795
240 1.0 13.031573702339589
241 1.0 20.323087997959746
242 1.0 17.48060764330447
243 1.0 25.8105965022697
244 1.0 16.48858847797927
245 1.0 15.579322499796028
246 1.0 17.897958254775837
247 1.0 16.339814628149156
248 1.0 22.73469994483774
249 1.0 21.570555711548227
250 1.0 16.070194442289612
251 1.0 15.91714951082178
252 1.0 16.401453406092962
253 1.0 16.396443136520976
254 1.0 16.329300295473313
255 1.0 16.767843670427574
257 1.0 32.04340428656301
258 1.0 34.15368633845293
259 1.0 27.067295817703585
260 1.0 40.46004416097286
261 1.0 13.352051568094932
262 1.0 21.133916878571615
263 1.0 18.961368666684063
264 1.0 16.714220604471006
265 1.3010299956639813 23.98572466518575
266 1.0 20.247891051811926
267 1.0 24.25543451426215
268 1.0 28.048590371713367
269 1.0 26.08506226190013
270 1.0 27.27789276817213
272 1.0 15.457778110651116
273 1.0 16.369637361529076
274 1.0 17.324647965269033
275 1.0 20.27889021374396
276 1.0 13.074202270093174
277 1.0 24.417648522770687
278 1.0 17.70612989299446
279 1.0 19.349744435445626
280 1.0 20.36083120666262
281 1.0 18.79756428818881
282 1.0 19.08990744429096
283 1.0 15.990191960562015
284 1.0 27.31523209193297
285 1.0 30.562929415100232
287 1.0 16.48858847797927
288 1.0 19.392382017280667
289 1.0 19.318257671242296
290 1.0 17.858124243150325
291 1.0 16.58416436051082
292 1.0 13.016779750010134
293 1.0 12.97081670326476
294 1.0 18.739543300973466
295 1.0 21.53759215073197
296 1.0 18.417536610152265
297 1.0 12.997490719339234
298 1.0 12.997490719339234
299 1.0 12.776622634706408
300 1.0 12.803701222666417
303 1.0 16.58655052158543
304 1.0 17.956167137974
305 1.0 18.712967679843132
306 1.0 16.600338456632596
307 1.0 18.45025554098666
308 1.0 17.69895328701503
309 1.0 16.353960229243555
310 1.0 18.574581934797493
311 1.0 16.33409561676385
312 1.0 16.2406870095727
313 1.0 16.688807985466465
314 1.0 16.038281372083322
315 1.0 16.836578834986856
316 1.0 16.400885878921038
319 1.0 13.968866600762256
320 1.0 13.968866600762256
321 1.0 19.38943069849081
322 1.0 19.969477691964787
323 1.0 14.040271867378184
324 1.0 15.723543941848508
325 1.0 26.246066768442137
326 1.0 21.385169256471997
327 1.0 32.86526353435894
328 1.0 24.20016866097684
329 1.0 24.995158982809944
330 1.0 26.423852520632007
331 1.0 26.137525464974466
332 1.0 24.231012577485338
334 1.4771212547196624 26.57358007912264
335 1.6020599913279625 27.194637545841633
336 1.0 17.48060764330447
337 1.0 25.8105965022697
338 1.0 21.754781863703386
339 1.0 17.809686811690188
340 1.0 20.927824358412284
341 1.0 19.392382017280667
344 1.0 19.429659374481616
347 1.0 18.41382190706093
348 1.0 16.926861864319864
349 1.0 18.22236264627707
350 1.0 19.30862768534024
351 1.0 22.293535126779712
352 1.0 25.386817845441577
353 1.0 20.13770837631265
354 1.0 20.692190670577144
355 1.0 19.66138132966731
362 1.0 13.245246508097683
363 1.0 12.97081670326476
364 1.0 12.978310947895874
365 1.0 13.207443168920843
366 1.0 12.912934446153455
367 1.0 13.016779750010134
368 1.0 13.112389751655092
369 1.0 13.119323618253118
370 1.0 13.016779750010134
376 1.0 12.958964657691968
377 1.0 13.009307666040192
378 1.0 24.653480438007165
379 1.0 15.583202002844317
380 1.3010299956639813 17.099229420425257
381 1.0 13.911429770772715
382 1.0 23.381346006518903
383 1.0 13.131510006860365
384 1.0 18.637274062594784
385 1.0 12.978310947895874
386 1.0 21.856373350068075
387 1.0 12.932211177895763
388 1.3010299956639813 17.383230863411256
389 1.0 22.987930278533103
408 1.0 18.772126118491787
409 1.0 20.72532624391316
410 1.0 18.329720020247976
411 1.0 21.73531037580023
412 1.0 19.41595254379453
413 1.0 19.214693399908615
414 1.0 16.825205266315407
415 1.0 19.419275690945604
416 1.0 18.61566394013484
417 1.0 15.908222464211535
418 1.0 17.08472326939475
419 1.0 16.410243719356703
420 1.0 22.69268235247738
421 1.3010299956639813 19.170545066323047
427 1.0 12.893490060867618
428 1.0 12.958964657691968
429 1.0 12.90842531252077
430 1.0 21.053048712370824
431 1.0 20.115404335824383
432 1.0 24.66037937080602
433 1.3010299956639813 26.035075059878718
434 1.0 24.448105419498397
435 1.3010299956639813 18.127861733361883
436 1.0 16.48783672419816
437 1.0 16.500863545850883
438 1.0 16.11979502108222
439 1.0 16.057639662220197
440 1.0 31.719953794102054
441 1.0 13.217620103399069
442 1.0 13.038895741133977
443 1.0 29.509952060039822
444 1.0 16.89424162983062
445 1.0 21.739884671677192
446 1.0 17.40906918615375
447 1.0 18.6211653234297
448 1.0 16.101960150219295
449 1.0 15.973339287977442
450 1.0 15.76538963474183
451 1.0 15.618485608068163
452 1.0 19.142693477683043
453 1.0 15.044342067483518
454 1.0 14.149737808652972
455 1.0 18.409755324317654
456 1.0 17.667086492329588
457 1.3010299956639813 24.521319277035015
458 1.0 15.457778110651116
461 1.0 18.941645466545896
462 1.0 19.95453670268086
463 1.0 19.3238863495445
464 1.0 17.065352465791484
465 1.0 18.225567887475776
466 1.0 22.37762213317215
469 1.0 13.009307666040192
470 1.0 23.994543772969674
471 1.0 26.179338818270686
472 1.0 20.431753744712537
473 1.0 13.074202270093174
474 1.0 12.932211177895763
477 1.0 18.712967679843132
478 1.0 16.600338456632596
479 1.0 17.044758885154558
47 1.0 19.524027135780376
480 1.0 18.45025554098666
481 1.0 17.69895328701503
482 1.0 16.353960229243555
485 1.0 18.6714979484428
486 1.0 19.08673079463014
487 1.3010299956639813 18.890476520092495
488 1.0 18.786565844786978
490 1.0 18.129559630239218
491 1.0 12.951111693643108
493 1.0 22.45238647455196
494 1.0 16.83451201033724
495 1.0 17.04471738567224
496 1.0 21.534181820846815
497 1.0 22.57404561538827
498 1.0 19.818484653329044
499 1.4771212547196624 27.781754633425805
500 1.0 24.619860170608522
501 1.0 18.576070342315386
502 1.0 24.947803517854027
503 1.0 18.364443485111277
505 1.0 20.09259021626153
506 1.0 13.172016182031092
509 1.0 21.57146234433863
510 1.0 18.532720542245944
511 1.0 21.085117241154542
512 1.3010299956639813 17.487616504038936
513 1.0 18.984876032460487
514 1.0 23.1822442953396
515 1.0 20.34226440586786
516 1.0 16.59643675700407
517 1.0 17.875039909680364
518 1.0 20.682013519960595
519 1.0 25.19479562289961
520 1.0 15.091216218944323
522 1.0 19.672274363144883
523 1.0 18.160502520733715
524 1.0 20.518967135692183
525 1.0 17.7242281093306
526 1.0 20.589360185649852
527 1.0 21.0997074467684
528 1.0 16.600990941589497
529 1.0 16.990062759002303
530 1.0 20.54820717542731
531 1.0 19.203803572139346
532 1.0 15.834509410850428
533 1.0 19.696864101303447
534 1.0 18.11192779687125
535 1.0 17.779601462975204
538 1.0 20.55751044757001
539 1.0 23.34826527667759
540 1.0 18.8619507228725
541 1.0 19.703508556272116
542 1.0 18.27453227223341
543 1.0 21.709967055619686
544 1.0 16.338553508044296
545 1.0 23.297633308982533
546 1.0 20.3971096387274
547 1.0 19.03026025482742
548 1.0 19.647259077738575
549 1.0 22.395775493328287
551 1.0 21.162559580914515
552 1.0 20.441020454368555
553 1.0 17.922498457011667
554 1.0 22.40007556792627
555 1.0 21.325804237253536
556 1.0 32.02299329624464
557 1.0 29.473606133346674
558 1.0 21.15084713075001
559 1.0 32.39203154477896
560 1.0 26.176582993590046
561 1.3010299956639813 20.6139191343978
562 1.0 23.455333927936188
564 1.0 25.047424451568215
565 1.0 24.415044307928472
566 1.0 23.04859528725498
567 1.0 16.259911412831926
568 1.0 21.196876683380644
569 1.0 34.990949277994865
570 1.0 19.48325860666556
571 1.0 29.826229749704215
572 1.0 34.607198595571596
573 1.0 16.9403306571999
574 1.0 16.601117775791995
575 1.0 16.359093907045278
576 1.0 21.517861792661158
577 1.0 16.12113380419118
578 1.0 17.196077893890912
580 1.0 25.521710205582426
581 1.0 26.831073433021917
582 1.0 24.99171329470656
583 1.0 23.271290483826427
584 1.0 30.950545053399313
586 1.0 13.043359770775753
587 1.0 13.1958036553251
589 1.0 12.855141689578115
590 1.0 12.815696857748005
591 1.0 15.92624199010319
592 1.0 18.068207751312215
593 1.0 21.456267665239462
594 1.0 13.009307666040192
595 1.0 12.803701222666417
596 1.0 19.971318757650213
597 1.0 19.894981669475758
598 1.0 12.893490060867618
599 1.0 18.573663222245116
600 1.0 13.074202270093174
601 1.0 12.776622634706408
602 1.0 12.803701222666417
605 1.0 18.5040994848109
606 1.0 13.581157330117888
607 1.0 15.451856847580665
608 1.0 13.346406944659348
609 1.0 13.205989559567152
611 1.0 16.37139499661555
612 1.0 22.300659992929845
613 1.0 16.24635806045507
614 1.0 17.258283162732244
615 1.0 23.88195453063762
616 1.0 16.2837123301042
617 1.0 16.258590605316485
618 1.0 15.979851330655551
619 1.0 16.002509983007247
61 1.0 18.45137749631327
620 1.0 15.900698718230329
621 1.0 16.187886783484302
622 1.0 16.29894691934756
623 1.0 16.469393434006214
624 1.0 16.24926695969382
627 1.0 15.56115616891949
628 1.0 17.4321572644572
629 1.0 15.448408287851615
62 1.0 20.323087997959746
630 1.0 16.96541394633868
631 1.0 19.950177336902193
632 1.0 22.247424428787344
633 1.0 20.514540434900287
634 1.0 21.49965573905078
635 1.0 18.02903493564441
636 1.0 15.995025442232151
637 1.0 15.345166756496607
638 1.0 17.972508687822355
640 1.0 14.135814942016715
641 1.0 13.824949696468746
642 1.0 19.614776409036214
643 1.0 19.629733620293802
646 1.0 18.504078859130104
648 1.0 19.898472476859148
649 1.0 17.74702978158316
650 1.3010299956639813 21.713143045615993
651 1.0 17.97236948828946
652 1.0 19.930084158480717
653 1.0 22.603396897878287
654 1.0 22.45238647455196
655 1.0 19.818484653329044
656 1.0 18.43335978124768
657 1.0 18.02662549969417
658 1.0 18.772126118491787
65 1.0 18.816428542926165
661 1.0 19.589103365088256
662 1.0 19.41917384237332
663 1.0 17.854013827579386
664 1.0 20.597926648495577
665 1.0 21.956288146883587
666 1.0 20.41689440117043
668 1.0 17.727873548642012
669 1.0 16.622470868958438
66 1.0 17.276058696601304
670 1.0 20.6370767184495
671 1.0 19.58191513861614
672 1.0 17.43535257958473
673 1.0 19.039369057845647
674 1.0 18.14076911717772
675 1.0 19.124732638200378
676 1.0 20.23539889371069
677 1.0 19.89770402247368
678 1.0 17.392347547587537
679 1.0 15.743631599218444
67 1.0 17.749330468393577
680 1.0 17.012055796954062
681 1.0 18.065059521538757
684 1.0 17.964183562785355
685 1.0 17.175414668708417
686 1.0 17.162340194417848
687 1.0 19.452684111934385
688 1.0 16.363787416979306
689 1.0 16.928793195831474
68 1.0 17.554437536932625
690 1.0 20.22818021406503
691 1.0 17.91548424436275
692 1.0 16.40475707549024
693 1.0 18.104685257403954
694 1.0 13.711776039162897
695 1.0 19.76083134382925
697 1.0 13.203034617031962
698 1.0 13.23364024408595
699 1.0 12.978310947895874
69 1.0 26.41557398804616
700 1.0 12.927847234164368
701 1.0 12.96646575246668
702 1.0 12.951111693643108
703 1.0 12.97081670326476
704 1.0 13.009307666040192
705 1.0 13.08594994448978
706 1.0 12.947587650151828
707 1.0 13.100665786475393
708 1.0 13.009307666040192
709 1.0 12.815696857748005
70 1.0 13.181194028260734
710 1.0 12.854652307615794
713 1.0 12.815696857748005
714 1.0 13.074202270093174
715 1.0 12.815696857748005
716 1.0 13.074202270093174
717 1.0 13.325106519333927
718 1.0 13.101996557925355
719 1.0 13.325106519333927
71 1.0 13.077186323829824
720 1.0 13.101996557925355
721 1.0 12.854652307615794
722 1.0 12.854652307615794
723 1.0 13.05764183532727
724 1.0 13.05764183532727
72 1.0 13.358014637672541
730 1.0 13.502574905476031
731 1.0 28.951588555136127
732 1.0 24.075837860598885
733 1.0 16.680401854673583
734 1.0 14.964711114676133
735 1.0 26.464092456397857
736 1.0 14.864916275301095
737 1.0 23.235022308206137
738 1.0 13.550920413349306
739 1.0 14.836842538057565
73 1.0 12.997490719339234
740 1.0 16.495381734999228
741 1.0 21.665271886223913
742 1.0 13.483669057421706
745 1.3010299956639813 19.115864173216895
746 1.0 22.32660375113389
747 1.0 14.008045184741977
748 1.0 22.56508767539272
749 1.0 20.209996528594978
74 1.0 13.282942259163587
750 1.0 24.739780818458456
751 1.0 15.689454122764054
752 1.0 13.755827442343211
753 1.0 21.70542592404138
754 1.0 14.74786118683863
755 1.0 12.958964657691968
756 1.0 12.90588969461276
757 1.0 12.791694338473185
758 1.0 12.822791160696514
759 1.0 12.776622634706408
760 1.0 12.764590279335623
761 1.0 12.815696857748005
762 1.0 12.815696857748005
763 1.0 12.756617659129683
764 1.0 12.881566868953074
765 1.0 12.803701222666417
766 1.0 12.752546571133427
767 1.0 12.869632630690237
773 1.0 23.472958228275314
774 1.0 20.078881121899666
799 1.0 21.750977795505374
800 1.0 21.474900607430737
801 1.3010299956639813 16.7176380868533
802 1.0 13.724220613920277
803 1.0 13.696599459522757
804 1.0 13.696599459522757
805 1.3010299956639813 24.462808310936932
806 1.0 27.27436952647854
807 1.0 23.916854058840084
808 1.0 15.067523577769435
809 1.3010299956639813 19.258313969819948
810 1.0 18.41805748667281
811 1.0 16.52497719495689
812 1.0 21.474900607430737
813 1.0 20.580671285807178
814 1.3010299956639813 26.382740623521833
816 1.0 14.352205274873025
817 1.3010299956639813 18.36761931536485
818 1.0 19.318257671242296
819 1.0 20.697181124016947
820 1.0 30.967630313961816
821 1.0 16.952806137528757
822 1.0 16.58416436051082
823 1.0 16.794834479301993
824 1.0 14.185473624911529
825 1.0 17.04471738567224
826 1.0 21.534181820846815
827 1.0 22.57404561538827
828 1.4771212547196624 27.781754633425805
829 1.0 24.619860170608522
832 1.0 14.292410634951741
833 1.0 13.116644911485228
834 1.0 19.359056970763802
835 1.0 12.815696857748005
836 1.0 13.007485896563807
837 1.0 12.815696857748005
839 1.0 18.35417280044446
83 1.0 25.345464687070297
840 1.0 22.665376934178656
841 1.0 16.997146301084424
842 1.0 18.84368539533957
843 1.0 22.355521021731015
844 1.0 15.562398568103088
845 1.0 20.885028344815524
846 1.0 20.095608652124437
847 1.0 20.538666749903076
848 1.0 22.567768547700556
849 1.0 18.037852389811388
84 1.0 20.94724544657274
850 1.0 21.84153000413391
851 1.0 20.60842016843693
852 1.0 20.31196842893302
855 1.0 13.364689192177352
856 1.0 13.701356685480077
858 1.0 13.035902922287718
859 1.0 12.951111693643108
85 1.0 12.958964657691968
860 1.0 13.047685080108735
861 1.0 13.08594994448978
862 1.0 22.500892102974184
863 1.0 13.08594994448978
864 1.0 13.009307666040192
865 1.0 36.420319557775116
866 1.0 13.074202270093174
867 1.0 20.329143187123556
868 1.0 13.08594994448978
869 1.0 13.035902922287718
86 1.3010299956639813 24.815590935179138
870 1.0 13.100665786475393
871 1.0 25.16854217073077
874 1.0 12.97081670326476
875 1.3010299956639813 22.430004022861485
876 1.0 27.115678493576954
877 1.3010299956639813 22.430004022861485
878 1.0 33.105865818015594
87 1.0 14.185473624911529
880 1.0 15.076218839772537
881 1.0 16.868603706098174
882 1.0 15.650130639830621
883 1.0 18.574581934797493
884 1.0 16.33409561676385
885 1.0 16.2406870095727
886 1.0 16.688807985466465
887 1.0 16.038281372083322
888 1.0 16.836578834986856
889 1.0 15.099016185383055
88 1.0 17.71948261455228
890 1.3010299956639813 15.846061238571657
891 1.0 20.556957071190386
892 1.0 19.44244897613975
893 1.0 19.650125642603225
896 1.0 14.003704403713009
897 1.0 14.137583702742898
898 1.0 14.029360356309446
899 1.0 13.993675428820948
89 1.0 16.48858847797927
900 1.0 14.099612986087388
901 1.0 13.926106883531865
902 1.0 13.26616819022042
903 1.3010299956639813 16.756624857433575
904 1.0 13.348934049756208
905 1.0 12.939727781536746
906 1.0 12.881566868953074
907 1.0 12.815696857748005
909 1.0 18.220820409533506
90 1.3010299956639813 21.713143045615993
910 1.0 17.02047450238395
911 1.0 13.134002067141946
912 1.0 21.510199531662707
913 1.0 13.317917467771633
914 1.0 18.44622626314255
915 1.0 15.830828169778773
916 1.0 13.17809977970602
917 1.0 20.297410938444266
918 1.0 21.05942217315108
919 1.0 24.20144514632048
91 1.0 21.379518228894476
920 1.0 17.092496631953207
921 1.0 13.004944637534049
923 1.0 21.33531539196555
924 1.0 13.266168190220418
925 1.0 13.167707065974792
926 1.0 17.117590186266202
927 1.0 15.57201869317147
928 1.0 18.737561566460872
929 1.0 13.493772362594454
92 1.0 19.083829329388184
930 1.0 15.25216652316149
931 1.0 22.349952035011718
932 1.0 19.543680316998906
933 1.0 22.32890278912787
934 1.0 19.043662363227906
936 1.0 21.526279874452115
937 1.0 20.6196626379172
938 1.0 17.459496507758143
939 1.0 17.878596309450398
93 1.0 40.4099170367325
940 1.0 19.551908923253773
941 1.0 16.02177904462421
942 1.0 17.99083394469146
943 1.0 19.424340488107244
944 1.0 19.37627093560627
945 1.0 19.892020741815653
946 1.0 16.45126582587042
947 1.0 19.45698562548774
948 1.0 19.383510389270164
949 1.0 14.49175317063043
94 1.0 23.411409791442058
951 1.0 16.18204005064504
952 1.0 25.38787746985513
953 1.0 19.174774193635493
954 1.0 19.103786648783725
955 1.0 20.597926648495577
956 1.0 19.332344149929916
957 1.0 20.46054266240951
958 1.0 18.125192411844907
959 1.0 20.989047238821517
95 1.0 18.587951038368445
960 1.0 19.164284103879986
961 1.0 20.820071638418433
962 1.0 18.888396882406173
963 1.0 17.01734493522861
964 1.0 18.40060383547051
966 1.0 12.97081670326476
967 1.0 20.350189453749287
968 1.0 12.893490060867618
969 1.0 20.721079216106737
96 1.0 20.281875578192462
970 1.0 20.574683754662654
971 1.0 18.789785549650443
972 1.0 19.669462220826514
973 1.0 19.582782794447926
974 1.0 18.84312245235009
975 1.0 17.854534961736917
976 1.0 19.01089422974206
977 1.0 19.099167857362065
978 1.0 17.34793605111952
979 1.0 19.907440181516993
97 1.0 20.262064560688046
980 1.0 17.619733479266785
981 1.0 18.147091699710654
982 1.0 19.01404692868626
983 1.0 19.832098688531545
984 1.0 15.961555900385454
985 1.0 17.667633952974512
986 1.0 19.998220484206893
987 1.0 21.088601776656837
988 1.0 15.586281284702965
989 1.0 18.267442413672814
990 1.0 17.043147830109415
991 1.0 19.241200976831678
992 1.0 20.972634792127216
993 1.3010299956639813 33.541218365030296
994 1.0 16.070194442289612
995 1.0 16.341134900020474
996 1.0 16.28971068168109
997 1.0 15.91714951082178
998 1.0 16.401453406092962
999 1.0 16.396443136520976
