1.2218487496163564
187 1.0 25.365184410989947
1 1.0 24.099314783282633
205 1.0 18.460464588544884
212 1.4771212547196624 22.053003739358804
232 1.0 18.460464588544884
242 1.0 20.34767568477578
243 1.3010299956639813 17.509187404878464
244 1.0 25.829961126625353
258 1.845098040014257 32.05900432440354
259 1.0 34.168322910342354
263 1.3010299956639813 21.157562303591927
267 1.0 20.272569941821523
268 1.0 24.276039699169623
271 1.3010299956639813 27.296216475399984
278 1.3010299956639813 24.438116936080927
279 1.0 17.734346218217127
295 1.0 18.766205879960378
296 1.0 21.560794875219035
326 1.0 26.265110333168654
329 1.3010299956639813 24.220820861806594
330 1.4771212547196624 25.015154858124397
332 1.3010299956639813 26.156648054217282
333 1.4771212547196624 24.251638512278973
337 1.3010299956639813 17.509187404878464
338 1.0 25.829961126625353
412 1.0 21.758302257583633
445 1.0 16.923811634708713
446 1.3010299956639813 21.762871720842014
523 1.0 19.697674446970826
526 1.0 17.752415668623385
528 1.3010299956639813 21.12339116570097
546 1.0 23.31908484052949
54 1.0 16.35174061696333
550 1.0 22.418090015600434
562 1.0 20.63816033660684
563 1.4771212547196624 23.476641362660768
565 1.0 25.067378635529828
573 1.0 34.62164344212061
577 1.4771212547196624 21.541085769479377
582 1.0 26.849702075967517
584 1.3010299956639813 23.292766275876946
589 1.0 16.35174061696333
598 1.0 19.920097781606806
60 1.0 20.310156825129837
62 1.0 20.34767568477578
635 1.6989700043360187 21.5228993608598
657 1.0 18.460464588544884
662 1.0 19.61461115210067
663 1.4771212547196624 19.44490454387257
666 1.3010299956639813 21.979048869070308
84 1.0 25.365184410989947
864 1.0 22.523102482333243
880 1.3010299956639813 33.12096543823041
939 1.0 19.57746517154891
968 1.0 20.745195199857015
972 1.3010299956639813 19.608298803683244
978 1.3010299956639813 19.932540595234652
985 1.0 20.023207099137547
987 1.0 15.618327832578043
991 1.0 20.996461847748183
