1.431798275933005
117 1.4771212547196624 21.166129822732998
120 1.0 22.67074148141845
125 1.0 17.797417400691103
128 1.0 18.640638875516817
135 1.0 29.53008637972915
143 1.0 21.629493927449314
149 1.0 36.714155384577936
154 1.3010299956639813 38.92312411360697
155 1.0 39.65608647202028
156 1.0 32.80078913912944
158 1.0 40.36801588254125
159 1.0 34.663276209978875
160 1.0 33.51414632402991
164 1.0 29.060873897358988
19 1.0 22.906892828979473
239 1.0 16.864483145006986
261 1.6020599913279625 40.472400145134394
268 1.0 24.276039699169623
269 1.0 28.06641091839446
471 1.0 24.01537280312254
557 1.4771212547196624 32.03860327247943
558 1.6989700043360187 29.49056558466878
560 1.3010299956639813 32.40746376373745
561 1.0 26.19567707123272
567 1.0 23.07027838400899
570 1.0 35.00523577088447
577 1.0 21.541085769479377
583 1.3010299956639813 25.011711924712642
585 1.0 30.96669564390913
669 1.0 17.756055320837486
733 1.3010299956639813 24.09659662047416
751 1.0 24.759982935078224
754 1.0 21.72844942797455
856 1.0 17.292029554288533
937 1.4771212547196624 17.488110770017975
951 1.0 25.40756427571084
984 1.0 17.695911660502205
