1.4685210829577449
198 1.0 18.00016847208931
200 1.0 22.625506653399253
210 1.0 20.74943729156614
212 1.4771212547196624 22.053003739358804
230 1.0 22.625506653399253
234 1.0 20.74943729156614
236 1.0 23.511023087218234
242 1.3010299956639813 20.34767568477578
244 1.3010299956639813 25.829961126625353
278 1.0 24.438116936080927
283 1.0 19.116081351354293
336 1.3010299956639813 27.213017312486674
338 1.3010299956639813 25.829961126625353
343 1.6989700043360187 22.828476621056783
410 1.0 20.74943729156614
412 1.0 21.758302257583633
47 1.0 19.549619832587243
494 1.0 22.47464478924292
530 1.4771212547196624 17.01946628290197
533 1.0 15.866054590928105
544 1.3010299956639813 21.7329857487666
606 1.845098040014257 18.53110082385229
608 1.0 15.484181606986061
62 1.3010299956639813 20.34767568477578
646 1.0 21.019109611528222
652 1.0 18.00016847208931
654 1.0 22.625506653399253
655 1.0 22.47464478924292
663 1.3010299956639813 19.44490454387257
816 1.3010299956639813 26.40168560543113
983 1.0 15.99285048892566
988 1.0 18.29479303891827
991 1.0 20.996461847748183
992 1.3010299956639813 33.556122085405605
