1.6777807052660807
260 1.0 27.085761995614487
261 1.3010299956639813 40.472400145134394
267 1.3010299956639813 20.272569941821523
268 1.0 24.276039699169623
269 1.0 28.06641091839446
434 1.3010299956639813 26.054272842923844
500 1.0 27.79974623106974
556 1.0 21.34923713779162
559 1.0 21.174473649853873
560 1.4771212547196624 32.40746376373745
567 1.0 23.07027838400899
572 1.0 29.842988809469816
573 1.6020599913279625 34.62164344212061
583 1.0 25.011711924712642
585 1.4771212547196624 30.96669564390913
733 1.0 24.09659662047416
754 1.3010299956639813 21.72844942797455
831 1.0 27.79974623106974
854 1.0 20.336569559735775
918 1.0 24.222096258795588
919 1.0 17.121724244752095
