1.2839966563652008
19 1.0 22.88505492845388
205 1.0 18.02662549969417
249 1.0 21.570555711548227
251 1.0 15.91714951082178
260 1.4771212547196624 40.46004416097286
266 1.0 20.247891051811926
268 1.0 28.048590371713367
269 1.0 26.08506226190013
284 1.0 27.31523209193297
285 1.0 30.562929415100232
307 1.6020599913279625 18.45025554098666
308 1.3010299956639813 17.69895328701503
309 1.0 16.353960229243555
316 1.0 16.400885878921038
322 1.0 19.969477691964787
326 1.3010299956639813 21.385169256471997
398 1.6020599913279625 31.04754842191709
430 1.0 21.053048712370824
431 1.0 20.115404335824383
432 1.0 24.66037937080602
434 1.0 24.448105419498397
455 1.0 18.409755324317654
456 1.0 17.667086492329588
480 1.6020599913279625 18.45025554098666
481 1.3010299956639813 17.69895328701503
482 1.0 16.353960229243555
493 1.0 22.45238647455196
555 1.0 21.325804237253536
558 1.0 21.15084713075001
567 1.845098040014257 16.259911412831926
569 1.6989700043360187 34.990949277994865
570 1.0 19.48325860666556
577 1.0 16.12113380419118
611 1.0 16.37139499661555
616 1.0 16.2837123301042
617 1.0 16.258590605316485
618 1.0 15.979851330655551
619 1.0 16.002509983007247
621 1.0 16.187886783484302
624 1.0 16.24926695969382
654 1.0 22.45238647455196
657 1.0 18.02662549969417
676 1.3010299956639813 20.23539889371069
731 1.0 28.951588555136127
770 1.6020599913279625 31.04754842191709
86 1.0 24.815590935179138
892 1.6020599913279625 19.44244897613975
893 1.6020599913279625 19.650125642603225
93 1.0 40.4099170367325
959 1.3010299956639813 20.989047238821517
996 1.0 16.28971068168109
997 1.0 15.91714951082178
