1.4559319556497243
133 1.0 31.18619433249154
134 1.0 27.567002922119546
135 1.0 29.53008637972915
137 1.0 22.922196064917607
138 1.0 22.291356872514033
140 1.0 21.068838098294076
146 2.146128035678238 38.443348131520054
147 2.0413926851582254 38.27432982034523
148 2.1760912590556813 39.73153365749456
149 2.3010299956639813 36.714155384577936
150 2.204119982655925 30.64451579794581
151 1.9542425094393248 28.69713041845068
152 1.0 26.43569384136088
153 1.9030899869919435 27.124579821694358
154 1.6989700043360187 38.92312411360697
155 1.0 39.65608647202028
158 1.3010299956639813 40.36801588254125
159 1.6020599913279625 34.663276209978875
160 2.079181246047625 33.51414632402991
161 1.9030899869919435 40.68786868352573
162 1.3010299956639813 29.200185832126223
163 1.6020599913279625 27.444701699266258
164 1.6989700043360187 29.060873897358988
26 1.0 18.64575497280853
325 1.0 15.755311297820837
383 1.0 23.402720804995248
390 1.0 23.009670542854348
402 1.3010299956639813 24.177242781351655
406 1.0 17.13803809591465
662 1.3010299956639813 19.61461115210067
742 1.0 21.68833801617828
773 1.0 25.098242467704086
777 1.3010299956639813 24.177242781351655
779 1.3010299956639813 28.58117033955364
781 1.0 26.78123592188267
