1.8239087409443189
131 1.0 31.908356378043813
132 1.6020599913279625 31.170157473839097
133 1.0 27.54885932499107
145 1.0 38.43033977941447
154 1.0 39.64347606197456
157 1.3010299956639813 40.355627938282694
159 1.0 33.49922392874927
163 1.0 29.043663537477517
274 1.0 17.324647965269033
334 1.4771212547196624 26.57358007912264
470 1.0 23.994543772969674
771 1.4771212547196624 25.078312841330952
773 1.0 23.472958228275314
850 1.4771212547196624 21.84153000413391
865 1.4771212547196624 36.420319557775116
