1.585026652029182
113 1.0 16.83451201033724
149 1.3010299956639813 30.628195318865107
241 1.0 20.323087997959746
243 1.0 25.8105965022697
248 1.0 22.73469994483774
307 1.0 18.45025554098666
308 1.3010299956639813 17.69895328701503
324 1.0 15.723543941848508
337 1.0 25.8105965022697
401 1.0 24.1565533242725
480 1.0 18.45025554098666
481 1.3010299956639813 17.69895328701503
494 1.0 16.83451201033724
56 1.0 16.008658872883498
625 1.0 16.008658872883498
62 1.0 20.323087997959746
775 1.0 24.1565533242725
779 1.0 26.762559621671812
782 1.0 28.8122112955473
86 1.0 24.815590935179138
894 1.0 16.508326051842978
93 1.0 40.4099170367325
969 2.0 20.721079216106737
981 1.0 18.147091699710654
993 1.0 33.541218365030296
99 1.0 16.508326051842978
