1.5528419686577808
175 1.0 22.356903676375765
186 1.0 25.345464687070297
206 1.0 18.772126118491787
214 1.0 18.685531899177228
222 1.0 19.47615277135082
232 1.0 18.772126118491787
243 1.3010299956639813 25.8105965022697
277 1.0 24.417648522770687
285 1.0 30.562929415100232
289 1.0 19.318257671242296
335 1.7781512503836436 27.194637545841633
337 1.3010299956639813 25.8105965022697
342 1.0 22.806563635018236
408 1.0 18.772126118491787
411 1.0 21.73531037580023
493 1.3010299956639813 22.45238647455196
524 1.0 20.518967135692183
596 1.0 19.971318757650213
599 1.3010299956639813 18.573663222245116
654 1.3010299956639813 22.45238647455196
658 1.0 18.772126118491787
661 1.0 19.589103365088256
818 1.0 19.318257671242296
83 1.0 25.345464687070297
969 1.0 20.721079216106737
972 1.0 19.669462220826514
978 1.0 17.34793605111952
989 1.0 18.267442413672814
