1.721246399047171
184 1.3010299956639813 24.619860170608522
198 1.3010299956639813 19.930084158480717
205 1.0 18.02662549969417
207 1.0 18.0557751805786
224 1.0 18.0557751805786
228 1.3010299956639813 19.894315832793946
230 1.0 19.818484653329044
295 1.0 21.53759215073197
495 1.0 17.04471738567224
498 1.0 19.818484653329044
500 1.3010299956639813 24.619860170608522
501 1.0 18.576070342315386
652 1.3010299956639813 19.930084158480717
655 1.0 19.818484653329044
657 1.0 18.02662549969417
825 1.0 17.04471738567224
829 1.3010299956639813 24.619860170608522
84 1.0 20.94724544657274
963 1.0 17.01734493522861
