1.8239087409443189
113 1.0 16.83451201033724
172 1.4771212547196624 18.832857933573873
184 1.4771212547196624 24.619860170608522
193 1.0 17.74702978158316
194 1.6020599913279625 16.794834479301993
195 1.6020599913279625 16.794834479301993
207 1.0 18.0557751805786
224 1.0 18.0557751805786
225 1.0 16.31314212731362
494 1.0 16.83451201033724
500 1.4771212547196624 24.619860170608522
649 1.0 17.74702978158316
823 1.6020599913279625 16.794834479301993
829 1.4771212547196624 24.619860170608522
84 1.3010299956639813 20.94724544657274
