1.0604807473813815
115 1.3010299956639813 16.237932532274638
117 1.0 21.166129822732998
123 1.0 21.94118068747015
126 1.0 19.10717613125738
173 1.3010299956639813 18.85938858887468
175 1.0 18.88811507135678
185 1.3010299956639813 24.640160608655044
190 1.4771212547196624 20.72132492096882
193 1.0 19.923584188401467
195 1.0 16.82457919792204
196 1.0 16.82457919792204
199 1.0 19.95515608969582
229 1.0 19.919432784468437
239 1.0 16.864483145006986
244 1.0 25.829961126625353
258 1.0 32.05900432440354
259 1.0 34.168322910342354
263 1.0 21.157562303591927
264 1.0 18.98771976077981
267 1.0 20.272569941821523
271 1.0 27.296216475399984
280 1.3010299956639813 19.375567339230585
291 1.0 17.88610079038451
328 1.4771212547196624 32.88047364596294
329 1.0 24.220820861806594
330 1.3010299956639813 25.015154858124397
336 1.0 27.213017312486674
338 1.0 25.829961126625353
343 1.3010299956639813 22.828476621056783
399 1.3010299956639813 31.06364857854412
416 1.0 19.445006257673224
41 1.3010299956639813 20.898009485572526
456 1.0 14.185030139327283
497 1.0 21.557388215952543
501 1.3010299956639813 24.640160608655044
510 1.0 21.594628676437562
512 1.6989700043360187 21.108817330045582
526 1.0 17.752415668623385
540 1.0 23.36967033208018
544 1.0 21.7329857487666
554 1.0 17.95037467412827
555 1.3010299956639813 22.42238581080986
561 1.845098040014257 26.19567707123272
562 1.0 20.63816033660684
563 1.0 23.476641362660768
565 1.3010299956639813 25.067378635529828
567 1.3010299956639813 23.07027838400899
571 1.0 19.508904785615407
572 1.0 29.842988809469816
577 1.3010299956639813 21.541085769479377
582 1.4771212547196624 26.849702075967517
597 1.3010299956639813 19.996338987916545
633 1.0 22.269887599954423
634 1.0 20.53889892996114
635 1.6020599913279625 21.5228993608598
647 1.0 18.531080228224845
649 1.0 19.923584188401467
653 1.0 19.95515608969582
665 1.0 20.62218664974217
732 1.0 28.96885361670166
747 1.0 22.34898733858306
754 1.0 21.72844942797455
772 1.3010299956639813 31.06364857854412
774 1.0 23.139038800697477
807 1.0 24.483238969908477
819 1.0 14.38700094710823
822 1.4771212547196624 20.72132492096882
826 1.0 16.82457919792204
827 1.0 14.220677268086096
829 1.0 21.557388215952543
83 1.0 16.202098073055122
85 1.0 20.97110134921298
864 1.0 22.523102482333243
873 1.0 25.188400405739408
880 1.0 33.12096543823041
88 1.0 14.220677268086096
918 1.0 24.222096258795588
927 1.3010299956639813 18.7642269613462
92 1.0 21.402892320890444
933 1.4771212547196624 19.069899742909588
935 1.0 21.549494779071786
937 1.0 17.488110770017975
954 1.0 20.62218664974217
961 1.0 18.914849636919964
963 1.0 18.42775682251999
969 1.0 20.598971129752556
973 1.3010299956639813 18.869638675773842
