1.494850021680094
133 1.0 27.54885932499107
145 1.3010299956639813 38.43033977941447
146 1.3010299956639813 38.26126400416704
147 1.0 39.718947201261805
148 1.0 36.70053413239285
150 1.4771212547196624 28.679701781112843
154 1.6020599913279625 39.64347606197456
155 1.0 32.78554205971943
157 1.4771212547196624 40.355627938282694
22 1.0 20.017303363514117
258 1.0 34.15368633845293
259 1.0 27.067295817703585
266 1.0 20.247891051811926
327 1.0 32.86526353435894
382 1.0 23.381346006518903
389 1.0 22.987930278533103
401 1.0 24.1565533242725
443 1.0 29.509952060039822
560 1.0 26.176582993590046
561 1.0 20.6139191343978
572 1.0 34.607198595571596
580 1.3010299956639813 25.521710205582426
583 1.0 23.271290483826427
673 1.0 19.039369057845647
741 1.0 21.665271886223913
775 1.0 24.1565533242725
799 1.0 21.750977795505374
800 1.0 21.474900607430737
812 1.0 21.474900607430737
928 1.0 18.737561566460872
957 1.0 20.46054266240951
971 1.0 18.789785549650443
