0.7569619513137056
109 1.0 15.561030750337954
115 1.0 16.237932532274638
173 1.0 18.85938858887468
185 1.4771212547196624 24.640160608655044
187 1.0 25.365184410989947
189 1.3010299956639813 22.794574400913437
192 1.0 16.982274168574502
193 1.6020599913279625 19.923584188401467
194 1.0 17.77518118243523
195 1.0 16.82457919792204
196 1.0 16.82457919792204
199 1.0 19.95515608969582
200 1.0 22.625506653399253
205 1.0 18.460464588544884
206 1.3010299956639813 18.054340943557705
208 1.4771212547196624 18.083445948480012
210 1.3010299956639813 20.74943729156614
211 1.0 19.87652496554322
213 1.0 19.298818028563065
214 1.3010299956639813 18.044528672125754
215 1.4771212547196624 18.71227143762001
218 1.0 15.989944117470667
225 1.4771212547196624 18.083445948480012
226 1.6020599913279625 16.343763522087997
227 1.0 16.92409468367376
228 1.4771212547196624 19.271408794907185
229 1.0 19.919432784468437
230 1.0 22.625506653399253
232 1.0 18.460464588544884
234 1.3010299956639813 20.74943729156614
237 1.3010299956639813 18.99543449459334
238 1.3010299956639813 17.79360469731602
242 1.4771212547196624 20.34767568477578
244 2.0 25.829961126625353
251 1.0 16.101277881366933
259 1.0 34.168322910342354
261 1.3010299956639813 40.472400145134394
267 1.6989700043360187 20.272569941821523
285 1.4771212547196624 27.333530767834674
289 1.4771212547196624 19.41814822026422
295 1.0 18.766205879960378
296 1.6020599913279625 21.560794875219035
297 1.0 18.44466466993366
317 1.0 16.431343755560334
319 1.0 15.794383648680418
323 1.4771212547196624 19.99450022605915
336 1.3010299956639813 27.213017312486674
338 2.0 25.829961126625353
339 1.4771212547196624 21.777753188456284
342 1.4771212547196624 19.41814822026422
380 1.0 15.615254870204684
397 1.4771212547196624 34.76173337398946
410 1.3010299956639813 20.74943729156614
411 1.0 18.356977856408704
412 1.6989700043360187 21.758302257583633
415 1.0 16.854896388101817
418 1.0 15.939621763732179
420 1.0 16.4406842597468
47 1.6989700043360187 19.549619832587243
482 1.0 19.755861749534457
494 1.3010299956639813 22.47464478924292
500 1.0 27.79974623106974
501 1.4771212547196624 24.640160608655044
506 1.0 20.117459620901656
510 1.4771212547196624 21.594628676437562
517 1.0 16.626536411088022
518 1.3010299956639813 17.902990023252144
519 1.0 20.706175002637085
521 1.0 15.124311784902089
523 1.9542425094393248 19.697674446970826
524 1.4771212547196624 18.188013959901607
529 1.0 16.631082353314728
530 1.3010299956639813 17.01946628290197
531 1.0 20.572525808084006
533 1.0 15.866054590928105
534 1.3010299956639813 19.72223251625476
539 1.0 20.581818087864594
541 1.0 18.888440514559967
542 1.3010299956639813 19.728868427436186
543 1.0 18.30187230227827
544 1.3010299956639813 21.7329857487666
545 1.3010299956639813 16.369127366332837
547 1.9030899869919435 20.421608203426736
548 1.0 19.056516086799924
550 1.0 22.418090015600434
554 1.9030899869919435 17.95037467412827
555 1.9542425094393248 22.42238581080986
570 1.0 35.00523577088447
592 1.0 15.957605833185818
598 1.0 19.920097781606806
600 1.3010299956639813 18.60056357999351
608 1.4771212547196624 15.484181606986061
60 1.0 20.310156825129837
62 1.4771212547196624 20.34767568477578
633 1.0 22.269887599954423
634 1.0 20.53889892996114
635 2.079181246047625 21.5228993608598
638 1.0 15.377715785664936
639 1.0 18.00030745664779
647 1.0 18.531080228224845
648 1.3010299956639813 22.794574400913437
649 1.6020599913279625 19.923584188401467
650 1.0 17.77518118243523
653 1.0 19.95515608969582
654 1.0 22.625506653399253
655 1.3010299956639813 22.47464478924292
657 1.0 18.460464588544884
658 1.3010299956639813 18.054340943557705
662 1.6020599913279625 19.61461115210067
663 1.6989700043360187 19.44490454387257
665 1.4771212547196624 20.62218664974217
666 1.0 21.979048869070308
667 1.3010299956639813 20.441369254248713
732 1.0 28.96885361670166
734 1.3010299956639813 16.710350266628105
739 1.0 13.587768177626778
740 1.0 14.870504244951293
752 1.3010299956639813 15.72129036276342
754 1.0 21.72844942797455
774 1.6989700043360187 23.139038800697477
809 1.0 23.93775068948324
824 1.0 16.982274168574502
826 1.0 16.82457919792204
831 1.0 27.79974623106974
834 1.0 14.327351526296884
846 1.0 15.59449419482713
84 1.0 25.365184410989947
85 1.3010299956639813 20.97110134921298
87 1.3010299956639813 24.835731385689954
883 1.0 16.982274168574502
908 1.0 18.24824091238585
90 1.0 17.747677710827986
911 1.0 21.53343177229172
913 1.0 18.473312192215285
916 1.0 20.322029692038072
917 1.0 21.083151146519995
918 1.3010299956639813 24.222096258795588
919 1.4771212547196624 17.121724244752095
926 1.0 15.604094532541186
929 1.0 15.284913596427298
933 1.0 19.069899742909588
935 1.0 21.549494779071786
937 1.4771212547196624 17.488110770017975
938 2.0413926851582254 17.906540871879564
93 1.0 19.110011561305157
941 1.6020599913279625 18.01860444167257
942 1.3010299956639813 19.45006435459591
943 1.4771212547196624 19.402058534341666
944 2.0413926851582254 19.917140587765708
947 1.9030899869919435 19.409288369513817
950 1.0 16.21290906039629
952 1.4771212547196624 19.20083241364576
953 1.3010299956639813 19.129941566095997
954 1.4771212547196624 20.62218664974217
955 1.0 19.358190264880896
957 1.4771212547196624 18.152757365381166
958 1.0 21.012855683925522
961 1.0 18.914849636919964
962 1.4771212547196624 17.046701400697756
963 1.6020599913279625 18.42775682251999
968 1.4771212547196624 20.745195199857015
970 1.0 18.816376936112132
972 1.0 19.608298803683244
975 1.0 19.03717677110868
976 1.4771212547196624 19.12532909112134
977 1.0 17.376734020918096
978 1.0 19.932540595234652
979 1.3010299956639813 17.6480879383687
982 1.9542425094393248 19.85729433713603
984 1.6989700043360187 17.695911660502205
985 1.7781512503836436 20.023207099137547
988 1.3010299956639813 18.29479303891827
991 1.7781512503836436 20.996461847748183
992 1.3010299956639813 33.556122085405605
993 1.0 16.101277881366933
