0.9172146296835498
176 1.4771212547196624 22.379256958057034
187 1.0 25.365184410989947
193 2.146128035678238 19.923584188401467
198 1.3010299956639813 18.00016847208931
199 1.4771212547196624 19.95515608969582
203 1.6020599913279625 18.47845587465186
206 1.6989700043360187 18.054340943557705
207 1.4771212547196624 18.798742484766407
208 1.845098040014257 18.083445948480012
210 1.3010299956639813 20.74943729156614
213 1.0 19.298818028563065
214 1.3010299956639813 18.044528672125754
215 1.6020599913279625 18.71227143762001
223 1.0 19.5018082949504
224 1.6020599913279625 18.47845587465186
225 1.845098040014257 18.083445948480012
226 1.0 16.343763522087997
227 1.6020599913279625 16.92409468367376
228 1.0 19.271408794907185
229 1.4771212547196624 19.919432784468437
231 1.7781512503836436 19.843697587754125
233 1.4771212547196624 18.798742484766407
234 1.3010299956639813 20.74943729156614
235 1.7781512503836436 18.131311524289607
236 2.146128035678238 23.511023087218234
237 1.4771212547196624 18.99543449459334
238 1.0 17.79360469731602
251 1.0 16.101277881366933
274 1.4771212547196624 16.400153272087692
285 1.0 27.333530767834674
289 1.0 19.41814822026422
295 1.6989700043360187 18.766205879960378
296 1.9030899869919435 21.560794875219035
297 1.3010299956639813 18.44466466993366
322 1.6020599913279625 19.415200818214007
323 1.6989700043360187 19.99450022605915
336 1.4771212547196624 27.213017312486674
339 1.3010299956639813 21.777753188456284
342 1.0 19.41814822026422
409 1.4771212547196624 18.798742484766407
410 1.3010299956639813 20.74943729156614
411 1.4771212547196624 18.356977856408704
412 1.3010299956639813 21.758302257583633
415 1.6020599913279625 16.854896388101817
416 1.0 19.445006257673224
417 1.0 18.642503692692046
418 1.0 15.939621763732179
494 1.0 22.47464478924292
499 1.7781512503836436 19.843697587754125
511 1.0 18.55968024231519
517 1.0 16.626536411088022
523 1.6020599913279625 19.697674446970826
524 1.0 18.188013959901607
525 1.7781512503836436 20.543320381954224
526 1.4771212547196624 17.752415668623385
527 1.3010299956639813 20.61363026869414
530 1.0 17.01946628290197
531 1.4771212547196624 20.572525808084006
532 1.6989700043360187 19.229822454648716
534 1.845098040014257 19.72223251625476
535 1.0 18.139512907437105
536 1.6989700043360187 17.80770137278335
540 1.3010299956639813 23.36967033208018
541 1.4771212547196624 18.888440514559967
542 1.0 19.728868427436186
544 1.3010299956639813 21.7329857487666
548 1.7781512503836436 19.056516086799924
549 1.3010299956639813 19.672691459680365
593 1.0 18.09585950831236
594 1.0 21.479558238529965
598 1.3010299956639813 19.920097781606806
608 1.0 15.484181606986061
60 1.3010299956639813 20.310156825129837
61 1.6020599913279625 18.47845587465186
635 1.0 21.5228993608598
643 1.4771212547196624 19.64025085319644
644 1.6020599913279625 19.655188678913582
646 1.3010299956639813 21.019109611528222
647 1.9030899869919435 18.531080228224845
649 2.146128035678238 19.923584188401467
652 1.3010299956639813 18.00016847208931
653 1.4771212547196624 19.95515608969582
655 1.0 22.47464478924292
656 1.7781512503836436 19.843697587754125
658 1.6989700043360187 18.054340943557705
659 1.4771212547196624 18.798742484766407
662 1.3010299956639813 19.61461115210067
665 1.3010299956639813 20.62218664974217
666 1.0 21.979048869070308
66 1.0 17.304976281070527
84 1.0 25.365184410989947
911 1.3010299956639813 21.53343177229172
916 1.3010299956639813 20.322029692038072
918 1.0 24.222096258795588
919 1.0 17.121724244752095
931 1.0 19.569247311356932
936 1.0 20.64389709578883
937 1.0 17.488110770017975
938 1.0 17.906540871879564
939 1.3010299956639813 19.57746517154891
940 1.0 16.052956231011144
942 1.6989700043360187 19.45006435459591
945 1.3010299956639813 16.481630601170867
950 1.6020599913279625 16.21290906039629
954 1.3010299956639813 20.62218664974217
956 1.0 20.484965365855015
962 1.3010299956639813 17.046701400697756
966 1.4771212547196624 20.37474443529265
972 1.6020599913279625 19.608298803683244
975 1.4771212547196624 19.03717677110868
978 1.0 19.932540595234652
979 1.0 17.6480879383687
982 1.3010299956639813 19.85729433713603
983 1.6020599913279625 15.99285048892566
985 1.0 20.023207099137547
986 1.6989700043360187 21.11229795390388
988 1.0 18.29479303891827
989 1.3010299956639813 17.072459926998317
990 1.3010299956639813 19.267169356987246
991 1.7781512503836436 20.996461847748183
993 1.0 16.101277881366933
