1.6777807052660807
260 1.3010299956639813 40.46004416097286
267 1.7781512503836436 24.25543451426215
268 1.3010299956639813 28.048590371713367
269 1.6989700043360187 26.08506226190013
330 1.0 26.423852520632007
396 1.3010299956639813 34.747346764383785
513 1.3010299956639813 18.984876032460487
515 1.0 20.34226440586786
551 1.0 21.162559580914515
555 1.0 21.325804237253536
556 1.3010299956639813 32.02299329624464
557 1.0 29.473606133346674
558 1.0 21.15084713075001
559 1.0 32.39203154477896
571 1.6020599913279625 29.826229749704215
572 2.0 34.607198595571596
582 1.4771212547196624 24.99171329470656
584 1.3010299956639813 30.950545053399313
746 1.3010299956639813 22.32660375113389
806 1.0 27.27436952647854
936 1.0 21.526279874452115
