1.0315170514460648
112 1.0 16.952806137528757
149 1.3010299956639813 30.628195318865107
150 1.3010299956639813 28.679701781112843
151 1.3010299956639813 26.41677324871767
152 2.113943352306837 27.106140088612186
153 1.3010299956639813 38.91027615891787
154 1.3010299956639813 39.64347606197456
157 1.0 40.355627938282694
162 1.0 27.42647719561716
171 1.0 13.78444399364049
173 1.0 25.424188320838816
174 1.3010299956639813 18.86162482260781
184 1.4771212547196624 24.619860170608522
186 1.0 25.345464687070297
187 1.0 18.36761931536485
188 1.7781512503836436 22.772628792451215
190 1.0 30.967630313961816
191 1.0 16.952806137528757
19 1.0 22.88505492845388
203 1.0 17.809686811690188
208 1.0 19.715082278253885
21 1.6020599913279625 18.02167784870146
241 1.6020599913279625 20.323087997959746
246 1.0 17.897958254775837
258 1.4771212547196624 34.15368633845293
269 1.4771212547196624 26.08506226190013
273 1.0 16.369637361529076
288 1.0 19.392382017280667
295 1.0 21.53759215073197
2 1.0 25.653725024939046
334 1.4771212547196624 26.57358007912264
335 1.0 27.194637545841633
339 1.0 17.809686811690188
341 1.0 19.392382017280667
374 1.0 18.047953588423393
396 1.6020599913279625 34.747346764383785
3 1.0 25.653725024939046
41 1.0 20.87407005016222
420 1.6989700043360187 22.69268235247738
42 1.0 17.338897626616056
436 1.0 16.48783672419816
437 1.0 16.500863545850883
440 1.3010299956639813 31.719953794102054
443 1.3010299956639813 29.509952060039822
445 1.0 21.739884671677192
459 1.0 16.318175390056652
470 1.0 23.994543772969674
496 1.0 21.534181820846815
499 1.0 27.781754633425805
500 1.4771212547196624 24.619860170608522
505 1.0 20.09259021626153
507 1.0 17.338897626616056
514 1.0 23.1822442953396
526 1.0 20.589360185649852
538 1.0 20.55751044757001
544 1.0 16.338553508044296
547 1.0 19.03026025482742
552 1.6020599913279625 20.441020454368555
571 1.0 29.826229749704215
581 1.0 26.831073433021917
62 1.6020599913279625 20.323087997959746
634 1.0 21.49965573905078
647 1.7781512503836436 22.772628792451215
664 1.6989700043360187 20.597926648495577
731 1.0 28.951588555136127
751 1.0 15.689454122764054
772 1.4771212547196624 23.117420198200822
805 1.0 24.462808310936932
807 1.0 23.916854058840084
809 1.0 19.258313969819948
810 1.0 18.41805748667281
817 1.0 18.36761931536485
820 1.0 30.967630313961816
821 1.0 16.952806137528757
826 1.0 21.534181820846815
828 1.0 27.781754633425805
829 1.4771212547196624 24.619860170608522
83 1.0 25.345464687070297
86 2.0 24.815590935179138
878 1.4771212547196624 33.105865818015594
88 1.4771212547196624 17.71948261455228
894 1.0 16.508326051842978
912 1.7781512503836436 21.510199531662707
918 1.6020599913279625 21.05942217315108
919 1.9030899869919435 24.20144514632048
931 1.0 22.349952035011718
936 1.6020599913279625 21.526279874452115
947 1.0 19.45698562548774
948 1.0 19.383510389270164
955 1.6989700043360187 20.597926648495577
977 1.0 19.099167857362065
993 1.7781512503836436 33.541218365030296
99 1.0 16.508326051842978
