1.6020599913279623
112 1.0 16.952806137528757
184 1.3010299956639813 24.619860170608522
190 1.3010299956639813 30.967630313961816
191 1.0 16.952806137528757
269 1.9030899869919435 26.08506226190013
289 1.0 19.318257671242296
396 1.0 34.747346764383785
455 1.7781512503836436 18.409755324317654
456 1.4771212547196624 17.667086492329588
497 1.0 22.57404561538827
499 1.0 27.781754633425805
500 1.3010299956639813 24.619860170608522
512 1.0 17.487616504038936
514 1.0 23.1822442953396
552 1.0 20.441020454368555
731 1.845098040014257 28.951588555136127
732 1.0 24.075837860598885
818 1.0 19.318257671242296
820 1.3010299956639813 30.967630313961816
821 1.0 16.952806137528757
827 1.0 22.57404561538827
828 1.0 27.781754633425805
829 1.3010299956639813 24.619860170608522
918 1.0 21.05942217315108
933 1.0 22.32890278912787
