1.7695510786217261
112 1.0 16.952806137528757
191 1.0 16.952806137528757
193 1.0 17.74702978158316
208 1.0 19.715082278253885
285 1.0 30.562929415100232
413 1.0 19.214693399908615
415 1.0 19.419275690945604
421 1.0 19.170545066323047
499 1.3010299956639813 27.781754633425805
509 1.0 21.57146234433863
572 1.3010299956639813 34.607198595571596
649 1.0 17.74702978158316
733 1.0 16.680401854673583
769 1.0 19.37976637155202
821 1.0 16.952806137528757
828 1.3010299956639813 27.781754633425805
91 1.0 21.379518228894476
