1.2596373105057561
109 1.6020599913279625 19.715945972128416
114 1.3010299956639813 16.58655052158543
133 1.0 27.54885932499107
134 1.0 29.51314963866556
135 1.0 23.727421112255122
136 1.0 22.900372757632663
138 1.0 17.408752168168547
145 1.0 38.43033977941447
146 1.0 38.26126400416704
147 1.6020599913279625 39.718947201261805
148 1.6989700043360187 36.70053413239285
149 1.7781512503836436 30.628195318865107
150 1.0 28.679701781112843
151 1.4771212547196624 26.41677324871767
152 1.3010299956639813 27.106140088612186
153 1.9030899869919435 38.91027615891787
154 1.845098040014257 39.64347606197456
155 1.3010299956639813 32.78554205971943
156 1.3010299956639813 27.300266473449927
161 1.3010299956639813 29.183057629910973
1 1.0 24.469666509833758
22 1.0 20.017303363514117
283 1.0 15.990191960562015
303 1.3010299956639813 16.58655052158543
305 1.3010299956639813 18.712967679843132
316 1.0 16.400885878921038
334 1.0 26.57358007912264
352 1.0 25.386817845441577
378 1.0 24.653480438007165
382 1.0 23.381346006518903
389 1.0 22.987930278533103
398 1.0 31.04754842191709
435 1.0 18.127861733361883
477 1.3010299956639813 18.712967679843132
486 1.0 19.08673079463014
56 1.3010299956639813 16.008658872883498
625 1.3010299956639813 16.008658872883498
69 1.0 26.41557398804616
731 1.0 28.951588555136127
735 1.0 26.464092456397857
737 1.0 23.235022308206137
741 1.0 21.665271886223913
745 1.0 19.115864173216895
748 1.0 22.56508767539272
749 1.0 20.209996528594978
770 1.0 31.04754842191709
771 1.4771212547196624 25.078312841330952
778 1.0 29.375621062375156
834 1.0 19.359056970763802
844 1.0 15.562398568103088
86 1.0 24.815590935179138
894 1.3010299956639813 16.508326051842978
93 1.0 40.4099170367325
995 1.0 16.341134900020474
99 1.3010299956639813 16.508326051842978
