1.4202164033831899
125 1.0 19.0809900086681
173 1.0 25.424188320838816
189 1.3010299956639813 20.697181124016947
190 1.3010299956639813 30.967630313961816
238 1.0 16.834808931146938
2 1.0 25.653725024939046
373 1.0 15.444986818309642
384 1.0 18.637274062594784
396 1.4771212547196624 34.747346764383785
3 1.0 25.653725024939046
421 1.0 19.170545066323047
430 1.6020599913279625 21.053048712370824
432 1.6020599913279625 24.66037937080602
434 1.6020599913279625 24.448105419498397
435 1.0 18.127861733361883
436 1.6020599913279625 16.48783672419816
437 1.6989700043360187 16.500863545850883
441 1.0 13.217620103399069
452 1.6020599913279625 19.142693477683043
515 1.0 20.34226440586786
516 1.0 16.59643675700407
551 1.4771212547196624 21.162559580914515
556 1.7781512503836436 32.02299329624464
557 1.0 29.473606133346674
559 1.7781512503836436 32.39203154477896
572 1.4771212547196624 34.607198595571596
584 1.0 30.950545053399313
732 1.0 24.075837860598885
743 1.0 15.444986818309642
750 1.0 24.739780818458456
75 1.0 15.444986818309642
787 1.0 16.853403753588953
788 1.0 16.44195035074378
79 1.0 14.176787327564806
819 1.3010299956639813 20.697181124016947
820 1.3010299956639813 30.967630313961816
914 1.0 18.44622626314255
93 1.3010299956639813 40.4099170367325
