1.6575773191777938
112 1.0 16.952806137528757
187 1.0 18.36761931536485
189 1.0 20.697181124016947
191 1.0 16.952806137528757
279 1.0 19.349744435445626
285 1.3010299956639813 30.562929415100232
327 1.0 32.86526353435894
397 1.0 15.59311007460044
455 1.0 18.409755324317654
456 1.0 17.667086492329588
471 1.0 26.179338818270686
496 1.0 21.534181820846815
518 1.0 20.682013519960595
768 1.0 15.59311007460044
817 1.0 18.36761931536485
819 1.0 20.697181124016947
821 1.0 16.952806137528757
826 1.0 21.534181820846815
832 1.0 14.292410634951741
854 1.0 17.26309028263445
91 1.4771212547196624 21.379518228894476
933 1.0 22.32890278912787
