1.0362121726544447
1000 1.0 16.797636183579463
133 1.4771212547196624 31.18619433249154
134 1.0 27.567002922119546
140 1.0 21.068838098294076
141 1.0 22.083311659467373
143 1.0 21.629493927449314
146 1.6020599913279625 38.443348131520054
147 1.4771212547196624 38.27432982034523
148 1.0 39.73153365749456
149 1.6020599913279625 36.714155384577936
150 1.4771212547196624 30.64451579794581
151 1.6989700043360187 28.69713041845068
152 1.3010299956639813 26.43569384136088
153 1.4771212547196624 27.124579821694358
154 2.0 38.92312411360697
155 1.9542425094393248 39.65608647202028
156 2.079181246047625 32.80078913912944
157 1.4771212547196624 27.318575173705053
162 1.6020599913279625 29.200185832126223
163 1.845098040014257 27.444701699266258
164 1.6989700043360187 29.060873897358988
170 1.0 16.92269399053892
189 1.0 22.794574400913437
192 1.0 16.982274168574502
198 1.0 18.00016847208931
22 1.3010299956639813 20.042266187907835
244 1.3010299956639813 25.829961126625353
251 1.0 16.101277881366933
256 1.0 16.797636183579463
305 1.0 17.98399116678101
306 1.0 18.739668070348888
308 1.3010299956639813 18.477335563541324
309 1.0 17.72718103523344
311 1.3010299956639813 18.601480963958362
318 1.0 15.856318953483731
335 1.6020599913279625 26.592389103304416
338 1.3010299956639813 25.829961126625353
345 1.3010299956639813 19.45537620834872
379 1.0 24.673753214847594
381 1.0 17.128445544541883
383 1.0 23.402720804995248
387 1.4771212547196624 21.87923801272718
389 1.0 17.411970458585486
390 1.0 23.009670542854348
402 1.7781512503836436 24.177242781351655
413 1.0 19.441687508621293
436 1.3010299956639813 18.15542263413017
451 1.4771212547196624 15.797072840726699
482 1.6989700043360187 19.755861749534457
487 1.3010299956639813 19.112909051912595
489 1.0 18.813161782127867
514 1.0 19.011194543423425
523 1.4771212547196624 19.697674446970826
547 1.3010299956639813 20.421608203426736
574 1.0 16.969820351885488
616 1.0 23.902881671535816
619 1.0 16.011110159818838
625 1.4771212547196624 16.28000849899647
634 1.0 20.53889892996114
648 1.0 22.794574400913437
652 1.0 18.00016847208931
665 1.4771212547196624 20.62218664974217
736 1.845098040014257 26.48297924216182
738 1.6020599913279625 23.256531591422583
742 1.0 21.68833801617828
776 1.0 20.10376748540877
777 1.7781512503836436 24.177242781351655
778 1.4771212547196624 25.828938051552868
779 2.0413926851582254 28.58117033955364
780 1.6989700043360187 29.39263705080337
781 1.3010299956639813 26.78123592188267
782 1.7781512503836436 28.670617617530514
784 1.6989700043360187 28.829559825624525
809 1.3010299956639813 23.93775068948324
80 1.0 15.71248572680523
824 1.0 16.982274168574502
836 1.4771212547196624 19.384867469169826
87 2.0413926851582254 24.835731385689954
882 1.0 18.91930081490118
883 1.0 16.982274168574502
886 1.0 17.98399116678101
887 1.0 18.739668070348888
890 1.3010299956639813 18.477335563541324
891 1.0 17.72718103523344
925 1.0 17.14677502578712
933 1.0 19.069899742909588
935 1.4771212547196624 21.549494779071786
94 1.6020599913279625 40.42228834338309
953 1.4771212547196624 19.129941566095997
954 1.4771212547196624 20.62218664974217
992 1.6020599913279625 33.556122085405605
993 1.0 16.101277881366933
