1.6989700043360187
205 1.0 18.02662549969417
206 1.0 18.772126118491787
209 1.0 20.72532624391316
232 1.0 18.772126118491787
233 1.0 20.72532624391316
234 1.0 18.103713917062354
235 1.0 23.489746840008912
257 1.0 32.04340428656301
294 1.0 18.739543300973466
408 1.0 18.772126118491787
409 1.0 20.72532624391316
440 1.0 31.719953794102054
446 1.0 17.40906918615375
493 1.0 22.45238647455196
654 1.0 22.45238647455196
657 1.0 18.02662549969417
658 1.0 18.772126118491787
807 1.3010299956639813 23.916854058840084
952 1.0 25.38787746985513
956 1.0 19.332344149929916
