1.721246399047171
348 1.0 18.44095543145629
350 1.0 18.249780831901347
351 1.0 19.334505504177955
397 1.0 34.76173337398946
459 1.0 24.541701226408268
516 1.0 20.36682894213624
557 1.0 32.03860327247943
558 1.0 29.49056558466878
570 1.0 35.00523577088447
670 1.0 16.652523466110832
671 1.0 20.661290750656658
672 1.0 19.607432276969973
677 1.0 20.260093000467393
68 1.0 17.582897293622267
691 1.0 20.252883122476465
812 1.0 18.445184780380607
974 1.0 17.88251712427213
977 1.4771212547196624 17.376734020918096
990 1.0 19.267169356987246
