1.1870866433571445
170 1.0 17.270901992246657
193 1.0 17.74702978158316
211 1.0 22.03031942410671
234 1.0 18.103713917062354
242 1.0 17.48060764330447
243 1.0 25.8105965022697
246 1.0 17.897958254775837
248 1.0 22.73469994483774
258 1.0 34.15368633845293
259 1.4771212547196624 27.067295817703585
260 1.3010299956639813 40.46004416097286
262 1.0 21.133916878571615
268 1.3010299956639813 28.048590371713367
269 1.0 26.08506226190013
278 1.3010299956639813 17.70612989299446
290 1.0 17.858124243150325
291 1.0 16.58416436051082
319 1.0 13.968866600762256
320 1.0 13.968866600762256
323 1.0 14.040271867378184
324 1.3010299956639813 15.723543941848508
328 1.0 24.20016866097684
329 1.0 24.995158982809944
336 1.0 17.48060764330447
337 1.0 25.8105965022697
342 1.0 22.806563635018236
418 1.0 17.08472326939475
420 1.6020599913279625 22.69268235247738
433 1.0 26.035075059878718
450 1.3010299956639813 15.76538963474183
457 1.0 24.521319277035015
470 1.0 23.994543772969674
511 1.0 21.085117241154542
515 1.4771212547196624 20.34226440586786
526 1.0 20.589360185649852
532 1.0 15.834509410850428
555 1.0 21.325804237253536
558 1.0 21.15084713075001
559 1.7781512503836436 32.39203154477896
564 1.0 25.047424451568215
569 1.0 34.990949277994865
578 1.3010299956639813 17.196077893890912
580 1.3010299956639813 25.521710205582426
583 1.0 23.271290483826427
584 1.3010299956639813 30.950545053399313
593 1.0 21.456267665239462
60 1.0 20.28552366248819
615 1.0 23.88195453063762
640 1.0 14.135814942016715
641 1.0 13.824949696468746
649 1.0 17.74702978158316
661 1.0 19.589103365088256
669 1.0 16.622470868958438
690 1.0 20.22818021406503
806 1.0 27.27436952647854
80 1.0 15.680631610845849
822 1.0 16.58416436051082
84 1.0 20.94724544657274
88 1.6989700043360187 17.71948261455228
908 1.0 15.998023604552252
919 1.0 24.20144514632048
937 1.0 20.6196626379172
943 1.0 19.424340488107244
962 1.0 18.888396882406173
979 1.3010299956639813 19.907440181516993
