1.721246399047171
105 1.0 21.33892101876266
117 1.0 21.166129822732998
160 1.0 33.51414632402991
210 1.3010299956639813 20.74943729156614
219 1.0 20.060459993820544
234 1.3010299956639813 20.74943729156614
261 1.0 40.472400145134394
286 1.0 30.579284727285547
410 1.3010299956639813 20.74943729156614
414 1.0 19.240697556286563
471 1.0 24.01537280312254
472 1.4771212547196624 26.198430887398857
542 1.0 19.728868427436186
572 1.0 29.842988809469816
807 1.0 24.483238969908477
867 1.3010299956639813 36.43404557128479
873 1.3010299956639813 25.188400405739408
877 1.0 22.452284526648562
879 1.0 22.452284526648562
