0.906578314837765
115 1.0 16.237932532274638
132 1.4771212547196624 31.9240224086541
133 1.3010299956639813 31.18619433249154
134 1.6989700043360187 27.567002922119546
135 1.4771212547196624 29.53008637972915
136 1.0 23.748484428238577
137 1.0 22.922196064917607
138 1.3010299956639813 22.291356872514033
139 1.0 17.437449700363672
140 1.0 21.068838098294076
141 1.0 22.083311659467373
143 1.3010299956639813 21.629493927449314
144 1.0 19.628955678670632
146 1.7781512503836436 38.443348131520054
147 1.9030899869919435 38.27432982034523
148 1.9542425094393248 39.73153365749456
149 1.845098040014257 36.714155384577936
150 2.0 30.64451579794581
151 1.0 28.69713041845068
152 1.3010299956639813 26.43569384136088
153 1.6020599913279625 27.124579821694358
154 1.845098040014257 38.92312411360697
155 1.9030899869919435 39.65608647202028
156 2.0413926851582254 32.80078913912944
157 1.845098040014257 27.318575173705053
158 2.0 40.36801588254125
159 1.6020599913279625 34.663276209978875
160 1.0 33.51414632402991
161 1.0 40.68786868352573
162 1.9542425094393248 29.200185832126223
163 1.9542425094393248 27.444701699266258
164 1.6020599913279625 29.060873897358988
171 1.3010299956639813 17.299828196424077
175 1.3010299956639813 18.88811507135678
176 1.4771212547196624 22.379256958057034
189 1.7781512503836436 22.794574400913437
197 1.6989700043360187 21.73615837537494
1 1.0 24.099314783282633
21 1.4771212547196624 18.049400889846094
236 1.0 23.511023087218234
24 1.0 22.714650363605696
252 1.4771212547196624 15.94853123487721
305 1.0 17.98399116678101
335 1.0 26.592389103304416
345 1.0 19.45537620834872
346 1.0 17.379200642449316
375 1.0 18.075636329874662
379 1.6989700043360187 24.673753214847594
381 1.3010299956639813 17.128445544541883
383 1.4771212547196624 23.402720804995248
387 1.3010299956639813 21.87923801272718
389 1.0 17.411970458585486
390 1.4771212547196624 23.009670542854348
397 1.3010299956639813 34.76173337398946
399 1.0 31.06364857854412
402 1.845098040014257 24.177242781351655
406 1.0 17.13803809591465
412 1.4771212547196624 21.758302257583633
42 1.0 17.36771058332882
432 1.7781512503836436 20.140245569349506
436 1.0 18.15542263413017
437 1.4771212547196624 16.518134272484215
438 1.0 16.53113721916283
47 1.0 19.549619832587243
482 1.4771212547196624 19.755861749534457
491 1.0 18.157117953750248
508 1.0 17.36771058332882
511 1.3010299956639813 18.55968024231519
51 1.0 16.49843751688567
534 1.0 19.72223251625476
541 1.0 18.888440514559967
572 1.4771212547196624 29.842988809469816
573 1.0 34.62164344212061
575 1.0 16.63120895803179
578 1.0 16.152119214909096
580 1.0 16.49843751688567
606 1.3010299956639813 18.53110082385229
621 1.0 15.932112845694121
622 1.0 16.21874466519853
627 1.3010299956639813 15.516211807091997
629 1.0 17.460816329506702
633 1.0 22.269887599954423
640 1.0 16.590546453751475
648 1.7781512503836436 22.794574400913437
651 1.6989700043360187 21.73615837537494
65 1.0 18.842982330593173
666 1.0 21.979048869070308
732 1.3010299956639813 28.96885361670166
736 1.6020599913279625 26.48297924216182
738 1.6020599913279625 23.256531591422583
742 1.6020599913279625 21.68833801617828
746 1.0 19.14200258825803
749 1.6020599913279625 22.58723493033533
750 1.3010299956639813 20.234721635985533
772 1.0 31.06364857854412
775 1.3010299956639813 23.494249679152507
777 1.845098040014257 24.177242781351655
778 1.6020599913279625 25.828938051552868
780 1.0 29.39263705080337
781 1.0 26.78123592188267
782 1.6989700043360187 28.670617617530514
783 1.4771212547196624 24.23640676791617
784 1.7781512503836436 28.829559825624525
810 1.3010299956639813 15.100671070076253
82 1.0 16.571218594456724
836 1.0 19.384867469169826
855 1.0 16.571218594456724
87 1.6989700043360187 24.835731385689954
882 1.0 18.91930081490118
886 1.0 17.98399116678101
902 1.0 16.786437281709325
908 1.0 18.24824091238585
91 1.6989700043360187 21.73615837537494
925 1.6020599913279625 17.14677502578712
926 1.0 15.604094532541186
932 1.3010299956639813 22.35128407421646
935 1.3010299956639813 21.549494779071786
947 1.0 19.409288369513817
94 1.7781512503836436 40.42228834338309
951 1.0 25.40756427571084
980 1.3010299956639813 18.174623439227215
985 1.3010299956639813 20.023207099137547
992 1.3010299956639813 33.556122085405605
996 1.4771212547196624 15.94853123487721
