1.5686362358410126
1 1.3010299956639813 24.469666509833758
243 1.6020599913279625 25.8105965022697
258 1.3010299956639813 34.15368633845293
274 1.0 17.324647965269033
285 1.0 30.562929415100232
294 1.0 18.739543300973466
295 1.3010299956639813 21.53759215073197
301 1.0 15.848797334570648
327 1.3010299956639813 32.86526353435894
335 1.7781512503836436 27.194637545841633
337 1.6020599913279625 25.8105965022697
344 1.3010299956639813 19.429659374481616
540 1.3010299956639813 18.8619507228725
548 1.0 19.647259077738575
55 1.0 16.109062218202855
576 1.3010299956639813 21.517861792661158
592 1.7781512503836436 18.068207751312215
603 1.0 16.109062218202855
64 1.3010299956639813 16.707558357235154
711 1.3010299956639813 16.707558357235154
72 1.0 13.358014637672541
74 1.0 13.282942259163587
86 1.0 24.815590935179138
979 1.0 19.907440181516993
982 1.0 19.01404692868626
987 1.3010299956639813 21.088601776656837
988 1.3010299956639813 15.586281284702965
