1.6575773191777938
145 1.3010299956639813 38.43033977941447
147 1.3010299956639813 39.718947201261805
148 1.3010299956639813 36.70053413239285
157 1.0 40.355627938282694
160 1.0 40.68185651929256
190 1.3010299956639813 30.967630313961816
289 1.0 19.318257671242296
379 1.0 15.583202002844317
420 1.0 22.69268235247738
731 1.3010299956639813 28.951588555136127
732 1.0 24.075837860598885
733 1.0 16.680401854673583
746 1.0 22.32660375113389
750 1.0 24.739780818458456
751 1.0 15.689454122764054
753 1.0 21.70542592404138
754 1.0 14.74786118683863
773 1.0 23.472958228275314
818 1.0 19.318257671242296
820 1.3010299956639813 30.967630313961816
93 2.0 40.4099170367325
961 1.0 20.820071638418433
