1.537602002101044
243 1.0 25.8105965022697
248 1.4771212547196624 22.73469994483774
259 1.3010299956639813 27.067295817703585
260 1.3010299956639813 40.46004416097286
266 1.0 20.247891051811926
268 1.0 28.048590371713367
284 1.0 27.31523209193297
295 1.0 21.53759215073197
321 1.0 19.38943069849081
331 1.0 26.137525464974466
337 1.0 25.8105965022697
396 1.0 34.747346764383785
497 1.0 22.57404561538827
519 1.0 25.19479562289961
51 1.0 16.468103731109437
552 1.0 20.441020454368555
566 1.0 23.04859528725498
579 1.0 16.468103731109437
580 1.0 25.521710205582426
584 1.0 30.950545053399313
593 1.0 21.456267665239462
642 1.0 19.614776409036214
664 1.0 20.597926648495577
665 1.0 21.956288146883587
827 1.0 22.57404561538827
871 1.0 25.16854217073077
918 1.0 21.05942217315108
955 1.0 20.597926648495577
963 1.0 17.01734493522861
