1.6382721639824072
133 1.0 27.54885932499107
134 1.0 29.51314963866556
149 1.4771212547196624 30.628195318865107
152 1.3010299956639813 27.106140088612186
153 1.3010299956639813 38.91027615891787
154 1.3010299956639813 39.64347606197456
155 1.3010299956639813 32.78554205971943
157 1.3010299956639813 40.355627938282694
160 1.0 40.68185651929256
161 1.0 29.183057629910973
162 1.3010299956639813 27.42647719561716
163 1.6989700043360187 29.043663537477517
26 1.0 18.618919907073398
382 1.0 23.381346006518903
389 1.0 22.987930278533103
401 1.3010299956639813 24.1565533242725
405 1.0 17.108838352647496
741 1.0 21.665271886223913
771 1.0 25.078312841330952
775 1.3010299956639813 24.1565533242725
777 1.3010299956639813 28.5636709471766
779 1.0 26.762559621671812
890 1.0 15.846061238571657
