1.744727494896694
210 1.3010299956639813 20.74943729156614
231 1.0 19.843697587754125
234 1.3010299956639813 20.74943729156614
410 1.3010299956639813 20.74943729156614
412 1.3010299956639813 21.758302257583633
499 1.0 19.843697587754125
549 1.3010299956639813 19.672691459680365
656 1.0 19.843697587754125
662 1.3010299956639813 19.61461115210067
665 1.0 20.62218664974217
671 1.0 20.661290750656658
938 1.3010299956639813 17.906540871879564
941 1.3010299956639813 18.01860444167257
947 1.0 19.409288369513817
951 1.6020599913279625 25.40756427571084
954 1.0 20.62218664974217
957 1.0 18.152757365381166
976 1.0 19.12532909112134
