0.8827287043442358
104 1.0 21.315476777332258
116 1.0 21.142493979490386
119 1.0 22.648675884415564
120 1.0 16.42166336328676
121 1.3010299956639813 25.97780851667672
122 1.3010299956639813 21.918380641831487
159 1.0 33.49922392874927
173 1.0 25.424188320838816
184 1.0 24.619860170608522
190 1.3010299956639813 30.967630313961816
194 1.0 16.794834479301993
195 1.0 16.794834479301993
210 1.0 19.851353724768064
218 1.0 20.03551983762025
238 1.0 16.834808931146938
244 1.0 16.48858847797927
245 1.0 15.579322499796028
257 1.6020599913279625 32.04340428656301
258 1.7781512503836436 34.15368633845293
259 1.4771212547196624 27.067295817703585
260 1.0 40.46004416097286
263 1.0 18.961368666684063
264 1.0 16.714220604471006
265 1.0 23.98572466518575
267 1.0 24.25543451426215
269 1.0 26.08506226190013
270 1.0 27.27789276817213
272 1.0 15.457778110651116
280 1.6020599913279625 20.36083120666262
281 1.4771212547196624 18.79756428818881
285 1.3010299956639813 30.562929415100232
287 1.0 16.48858847797927
289 1.0 19.318257671242296
31 1.0 15.945923907969867
325 1.0 26.246066768442137
326 1.0 21.385169256471997
327 1.3010299956639813 32.86526353435894
328 1.0 24.20016866097684
329 1.0 24.995158982809944
332 1.0 24.231012577485338
335 1.0 27.194637545841633
396 1.0 34.747346764383785
398 1.3010299956639813 31.04754842191709
419 1.0 16.410243719356703
41 1.0 20.87407005016222
420 1.0 22.69268235247738
421 1.0 19.170545066323047
431 1.0 20.115404335824383
433 1.0 26.035075059878718
447 1.0 18.6211653234297
455 1.0 18.409755324317654
457 1.0 24.521319277035015
458 1.0 15.457778110651116
471 1.0 26.179338818270686
47 1.0 19.524027135780376
493 1.0 22.45238647455196
495 1.0 17.04471738567224
496 1.3010299956639813 21.534181820846815
497 1.0 22.57404561538827
499 1.3010299956639813 27.781754633425805
500 1.0 24.619860170608522
501 1.0 18.576070342315386
502 1.0 24.947803517854027
503 1.0 18.364443485111277
504 1.0 17.799185167779708
509 1.0 21.57146234433863
511 1.0 21.085117241154542
513 1.0 18.984876032460487
514 1.3010299956639813 23.1822442953396
516 1.0 16.59643675700407
519 1.0 25.19479562289961
545 1.0 23.297633308982533
552 1.3010299956639813 20.441020454368555
556 1.0 32.02299329624464
557 1.0 29.473606133346674
559 1.845098040014257 32.39203154477896
560 1.0 26.176582993590046
561 1.0 20.6139191343978
562 1.3010299956639813 23.455333927936188
564 1.0 25.047424451568215
565 1.3010299956639813 24.415044307928472
566 1.3010299956639813 23.04859528725498
567 1.0 16.259911412831926
568 1.0 21.196876683380644
569 2.0 34.990949277994865
570 1.0 19.48325860666556
571 1.3010299956639813 29.826229749704215
580 1.3010299956639813 25.521710205582426
581 1.0 26.831073433021917
584 1.3010299956639813 30.950545053399313
592 1.0 18.068207751312215
599 1.0 18.573663222245116
646 1.0 18.504078859130104
654 1.0 22.45238647455196
683 1.0 16.907222831124663
731 1.0 28.951588555136127
732 1.0 24.075837860598885
750 1.0 24.739780818458456
769 1.0 19.37976637155202
770 1.3010299956639813 31.04754842191709
773 1.3010299956639813 23.472958228275314
780 1.0 28.653172853466874
805 1.0 24.462808310936932
806 1.9542425094393248 27.27436952647854
818 1.0 19.318257671242296
820 1.3010299956639813 30.967630313961816
823 1.0 16.794834479301993
825 1.0 17.04471738567224
826 1.3010299956639813 21.534181820846815
827 1.0 22.57404561538827
828 1.3010299956639813 27.781754633425805
829 1.0 24.619860170608522
84 1.0 20.94724544657274
852 1.0 20.31196842893302
862 1.0 22.500892102974184
865 1.6020599913279625 36.420319557775116
867 1.0 20.329143187123556
875 1.0 22.430004022861485
876 1.0 27.115678493576954
877 1.0 22.430004022861485
878 1.0 33.105865818015594
89 1.0 16.48858847797927
912 1.0 21.510199531662707
917 1.0 20.297410938444266
918 1.3010299956639813 21.05942217315108
919 1.0 24.20144514632048
923 1.0 21.33531539196555
931 1.0 22.349952035011718
933 1.0 22.32890278912787
945 1.3010299956639813 19.892020741815653
953 1.4771212547196624 19.174774193635493
