1.721246399047171
175 1.0 22.356903676375765
243 1.4771212547196624 25.8105965022697
247 1.0 16.339814628149156
273 1.0 16.369637361529076
279 1.0 19.349744435445626
337 1.4771212547196624 25.8105965022697
342 1.0 22.806563635018236
529 1.0 16.990062759002303
534 1.0 18.11192779687125
543 1.3010299956639813 21.709967055619686
576 1.0 21.517861792661158
596 1.0 19.971318757650213
807 1.0 23.916854058840084
813 1.0 20.580671285807178
969 1.0 20.721079216106737
972 1.0 19.669462220826514
975 1.0 17.854534961736917
979 1.0 19.907440181516993
982 1.0 19.01404692868626
