1.3279021420642825
112 1.0 16.952806137528757
186 1.3010299956639813 25.345464687070297
189 1.0 20.697181124016947
190 1.0 30.967630313961816
191 1.0 16.952806137528757
193 1.0 17.74702978158316
202 1.0 18.45137749631327
208 1.0 19.715082278253885
223 1.0 18.45137749631327
230 1.0 19.818484653329044
237 1.0 17.76548249061496
335 1.4771212547196624 27.194637545841633
343 1.0 20.837214848503734
344 1.0 19.429659374481616
41 1.3010299956639813 20.87407005016222
493 1.3010299956639813 22.45238647455196
496 1.3010299956639813 21.534181820846815
498 1.0 19.818484653329044
499 1.3010299956639813 27.781754633425805
508 1.0 16.145707035010496
530 1.4771212547196624 20.54820717542731
61 1.0 18.45137749631327
649 1.0 17.74702978158316
654 1.3010299956639813 22.45238647455196
655 1.0 19.818484653329044
661 1.0 19.589103365088256
777 1.3010299956639813 28.5636709471766
778 1.3010299956639813 29.375621062375156
819 1.0 20.697181124016947
820 1.0 30.967630313961816
821 1.0 16.952806137528757
826 1.3010299956639813 21.534181820846815
828 1.3010299956639813 27.781754633425805
83 1.3010299956639813 25.345464687070297
84 1.0 20.94724544657274
86 1.0 24.815590935179138
8 1.0 14.388928326622139
910 1.3010299956639813 17.02047450238395
912 2.113943352306837 21.510199531662707
917 1.3010299956639813 20.297410938444266
919 1.0 24.20144514632048
935 1.0 16.449077097941938
948 1.0 19.383510389270164
952 1.0 25.38787746985513
956 1.0 19.332344149929916
963 1.0 17.01734493522861
977 1.0 19.099167857362065
