1.7958800173440752
115 1.0 17.956167137974
193 1.0 17.74702978158316
258 1.0 34.15368633845293
260 1.4771212547196624 40.46004416097286
304 1.0 17.956167137974
335 1.6020599913279625 27.194637545841633
499 1.4771212547196624 27.781754633425805
509 1.0 21.57146234433863
553 1.3010299956639813 17.922498457011667
554 1.3010299956639813 22.40007556792627
565 1.0 24.415044307928472
584 1.0 30.950545053399313
649 1.0 17.74702978158316
828 1.4771212547196624 27.781754633425805
84 1.0 20.94724544657274
936 1.0 21.526279874452115
