1.3665315444204134
19 1.0 22.906892828979473
203 1.0 18.47845587465186
212 1.0 22.053003739358804
214 1.0 18.044528672125754
224 1.0 18.47845587465186
231 1.0 19.843697587754125
239 1.0 16.864483145006986
247 1.0 17.92587263398071
249 1.0 22.75668213035031
258 1.6989700043360187 32.05900432440354
259 1.0 34.168322910342354
283 1.0 19.116081351354293
290 1.0 19.344122607461724
326 1.0 26.265110333168654
328 1.0 32.88047364596294
331 1.0 26.442768047844584
332 1.0 26.156648054217282
333 1.0 24.251638512278973
344 1.0 20.86119657744264
419 1.0 17.11396415772215
41 1.0 20.898009485572526
47 1.0 19.549619832587243
499 1.0 19.843697587754125
520 1.0 25.214633181541256
528 1.0 21.12339116570097
530 1.0 17.01946628290197
531 1.0 20.572525808084006
561 1.0 26.19567707123272
582 1.3010299956639813 26.849702075967517
584 1.0 23.292766275876946
597 1.0 19.996338987916545
606 1.0 18.53110082385229
608 1.0 15.484181606986061
61 1.0 18.47845587465186
656 1.0 19.843697587754125
672 1.0 19.607432276969973
678 1.0 19.909993307821388
821 1.0 19.344122607461724
867 1.0 36.43404557128479
966 1.0 20.37474443529265
969 1.0 20.598971129752556
971 1.0 19.694865931417798
989 1.3010299956639813 17.072459926998317
