1.1191864077192086
109 1.0 19.715945972128416
131 1.7781512503836436 31.908356378043813
132 1.4771212547196624 31.170157473839097
133 1.0 27.54885932499107
136 1.0 22.900372757632663
140 1.0 22.06065850896495
142 1.3010299956639813 21.606364977884798
145 1.4771212547196624 38.43033977941447
146 1.3010299956639813 38.26126400416704
147 1.0 39.718947201261805
148 1.0 36.70053413239285
149 1.6020599913279625 30.628195318865107
150 1.0 28.679701781112843
151 1.0 26.41677324871767
152 1.4771212547196624 27.106140088612186
153 1.6989700043360187 38.91027615891787
154 1.3010299956639813 39.64347606197456
155 1.9030899869919435 32.78554205971943
156 1.6989700043360187 27.300266473449927
157 1.4771212547196624 40.355627938282694
159 1.0 33.49922392874927
160 1.0 40.68185651929256
161 1.845098040014257 29.183057629910973
162 1.7781512503836436 27.42647719561716
163 1.3010299956639813 29.043663537477517
196 1.6989700043360187 21.713143045615993
1 1.3010299956639813 24.469666509833758
21 1.3010299956639813 18.02167784870146
243 1.0 25.8105965022697
24 1.3010299956639813 22.69262746225858
25 1.3010299956639813 18.14737887225271
334 1.3010299956639813 26.57358007912264
337 1.0 25.8105965022697
342 1.0 22.806563635018236
343 1.0 20.837214848503734
345 1.0 17.350406766716183
357 1.0 14.997192520377267
374 1.0 18.047953588423393
378 1.0 24.653480438007165
382 1.4771212547196624 23.381346006518903
389 1.6020599913279625 22.987930278533103
398 1.0 31.04754842191709
416 1.0 18.61566394013484
42 1.0 17.338897626616056
443 1.6020599913279625 29.509952060039822
497 1.0 22.57404561538827
507 1.0 17.338897626616056
628 1.0 17.4321572644572
632 1.0 22.247424428787344
650 1.6989700043360187 21.713143045615993
66 1.0 17.276058696601304
694 1.0 13.711776039162897
731 1.9030899869919435 28.951588555136127
732 1.0 24.075837860598885
735 1.0 26.464092456397857
740 1.0 16.495381734999228
741 1.4771212547196624 21.665271886223913
748 1.3010299956639813 22.56508767539272
749 1.0 20.209996528594978
750 1.0 24.739780818458456
770 1.0 31.04754842191709
773 1.0 23.472958228275314
777 1.0 28.5636709471766
778 1.0 29.375621062375156
780 1.845098040014257 28.653172853466874
799 1.4771212547196624 21.750977795505374
800 1.0 21.474900607430737
812 1.0 21.474900607430737
813 1.0 20.580671285807178
827 1.0 22.57404561538827
82 1.0 16.54101827897147
834 1.0 19.359056970763802
853 1.0 16.54101827897147
876 1.0 27.115678493576954
90 1.6989700043360187 21.713143045615993
93 1.6989700043360187 40.4099170367325
