1.4685210829577449
173 1.0 25.424188320838816
187 1.0 18.36761931536485
196 1.0 21.713143045615993
2 1.0 25.653725024939046
347 1.0 18.41382190706093
348 1.0 16.926861864319864
351 1.3010299956639813 22.293535126779712
396 1.0 34.747346764383785
3 1.0 25.653725024939046
402 1.6989700043360187 16.368602790560463
443 1.0 29.509952060039822
501 1.0 18.576070342315386
505 1.0 20.09259021626153
538 1.0 20.55751044757001
584 1.0 30.950545053399313
650 1.0 21.713143045615993
669 1.0 16.622470868958438
671 1.0 19.58191513861614
672 1.0 17.43535257958473
681 1.0 18.065059521538757
690 1.0 20.22818021406503
746 1.0 22.32660375113389
772 1.0 23.117420198200822
786 1.0 16.674504799836235
789 1.0 16.247732650957825
790 1.6989700043360187 16.35543624625182
797 1.0 17.68690492205947
798 1.6989700043360187 19.84500063961507
817 1.0 18.36761931536485
852 1.0 20.31196842893302
865 1.0 36.420319557775116
867 1.0 20.329143187123556
90 1.0 21.713143045615993
993 1.0 33.541218365030296
