1.3565473235138126
14 1.0 14.489359616347349
15 1.0 14.489359616347349
187 1.0 18.36761931536485
189 1.6020599913279625 20.697181124016947
190 1.3010299956639813 30.967630313961816
201 1.0 16.17188991882234
22 1.0 20.017303363514117
238 1.0 16.834808931146938
23 1.0 18.90126570373093
24 1.0 22.69262746225858
2 1.6020599913279625 25.653725024939046
326 1.0 21.385169256471997
396 1.6020599913279625 34.747346764383785
397 1.0 15.59311007460044
3 1.6020599913279625 25.653725024939046
401 1.7781512503836436 24.1565533242725
432 1.0 24.66037937080602
434 1.0 24.448105419498397
440 1.3010299956639813 31.719953794102054
443 1.4771212547196624 29.509952060039822
499 1.0 27.781754633425805
511 1.845098040014257 21.085117241154542
554 1.4771212547196624 22.40007556792627
566 1.0 23.04859528725498
688 1.0 16.363787416979306
689 1.0 16.928793195831474
690 1.0 20.22818021406503
768 1.0 15.59311007460044
772 1.6020599913279625 23.117420198200822
775 1.7781512503836436 24.1565533242725
776 2.255272505103306 25.809572659595812
777 2.3010299956639813 28.5636709471766
778 2.113943352306837 29.375621062375156
779 2.3222192947339195 26.762559621671812
780 2.414973347970818 28.653172853466874
781 2.0 24.215767859390553
782 2.6020599913279625 28.8122112955473
7 1.3010299956639813 20.637992374919182
805 1.3010299956639813 24.462808310936932
817 1.0 18.36761931536485
819 1.6020599913279625 20.697181124016947
820 1.3010299956639813 30.967630313961816
828 1.0 27.781754633425805
876 1.0 27.115678493576954
