0.9318141382538383
134 1.0 27.567002922119546
135 1.3010299956639813 29.53008637972915
136 1.0 23.748484428238577
143 1.0 21.629493927449314
154 1.3010299956639813 38.92312411360697
185 1.0 24.640160608655044
191 1.0 30.983771998615772
197 1.7781512503836436 21.73615837537494
19 1.0 22.906892828979473
1 1.3010299956639813 24.099314783282633
21 1.4771212547196624 18.049400889846094
22 1.0 20.042266187907835
23 1.3010299956639813 18.927700473196293
242 1.0 20.34767568477578
24 1.0 22.714650363605696
258 1.0 32.05900432440354
278 1.0 24.438116936080927
27 1.0 16.156094595531805
285 1.0 27.333530767834674
286 1.0 30.579284727285547
2 1.3010299956639813 25.673207973589584
305 1.0 17.98399116678101
31 1.3010299956639813 15.977249114874716
348 1.0 18.44095543145629
349 1.0 16.95637498328479
350 1.3010299956639813 18.249780831901347
351 1.0 19.334505504177955
352 1.6020599913279625 22.315951883102834
354 1.0 20.162522130165478
355 1.0 20.7163402836389
356 1.0 19.686795467789832
3 1.3010299956639813 25.673207973589584
400 1.4771212547196624 19.159509087472838
407 1.0 16.206807375934993
417 1.0 18.642503692692046
421 1.3010299956639813 22.714705200606023
441 2.079181246047625 31.735712827979288
442 1.0 13.255394418793399
444 1.6020599913279625 29.526890635247195
469 1.0 13.756353540188055
500 1.0 27.79974623106974
501 1.0 24.640160608655044
514 1.4771212547196624 19.011194543423425
519 1.0 20.706175002637085
524 1.0 18.188013959901607
525 1.0 20.543320381954224
530 1.0 17.01946628290197
570 1.3010299956639813 35.00523577088447
573 1.0 34.62164344212061
577 1.0 21.541085769479377
614 1.0 16.27710509361273
62 1.0 20.34767568477578
651 1.7781512503836436 21.73615837537494
661 1.0 17.17957125410552
669 1.0 17.756055320837486
670 1.0 16.652523466110832
671 1.3010299956639813 20.661290750656658
672 1.0 19.607432276969973
673 1.0 17.464006401007527
674 1.0 19.06561234581387
675 1.0 18.16831043775807
676 1.0 19.150858948951786
677 1.4771212547196624 20.260093000467393
678 1.0 19.909993307821388
679 1.3010299956639813 17.421072102946884
67 1.3010299956639813 17.777478226009574
682 1.0 18.092716090093774
686 1.0 17.204501418003492
689 1.3010299956639813 16.394314216462067
68 1.3010299956639813 17.582897293622267
690 1.0 16.958302953633954
691 1.3010299956639813 20.252883122476465
733 1.3010299956639813 24.09659662047416
751 1.3010299956639813 24.759982935078224
774 1.0 23.139038800697477
775 1.0 23.494249679152507
780 1.4771212547196624 29.39263705080337
781 1.3010299956639813 26.78123592188267
782 2.0 28.670617617530514
795 1.0 15.316040163704834
798 1.0 16.44666201427546
79 1.3010299956639813 14.2120124870126
7 1.0 20.662205334068826
800 1.3010299956639813 19.870179928383198
801 1.3010299956639813 21.773953133516383
802 1.3010299956639813 21.49817099427365
803 1.0 16.74751991200512
809 1.0 23.93775068948324
811 1.0 19.284259305458484
814 1.3010299956639813 21.49817099427365
816 1.6989700043360187 26.40168560543113
823 1.0 30.983771998615772
82 1.3010299956639813 16.571218594456724
831 1.0 27.79974623106974
852 1.0 21.864410189197464
855 1.3010299956639813 16.571218594456724
856 1.3010299956639813 17.292029554288533
857 1.3010299956639813 13.402048992728766
859 1.845098040014257 17.03148242460064
864 1.0 22.523102482333243
867 1.0 36.43404557128479
869 1.0 20.353723559156737
880 1.7781512503836436 33.12096543823041
886 1.0 17.98399116678101
91 1.7781512503836436 21.73615837537494
922 1.0 21.35873785771627
929 1.0 15.284913596427298
930 1.4771212547196624 22.37231226242215
932 1.0 22.35128407421646
933 1.4771212547196624 19.069899742909588
93 1.0 19.110011561305157
941 1.0 18.01860444167257
94 1.6989700043360187 40.42228834338309
953 1.0 19.129941566095997
966 1.0 20.37474443529265
986 1.0 21.11229795390388
992 1.0 33.556122085405605
