1.537602002101044
132 1.0 31.170157473839097
134 1.4771212547196624 29.51314963866556
137 1.0 22.26891535791042
139 1.0 21.045092986540304
140 1.3010299956639813 22.06065850896495
143 1.0 19.603466556586774
145 1.3010299956639813 38.43033977941447
146 1.3010299956639813 38.26126400416704
147 1.4771212547196624 39.718947201261805
148 1.3010299956639813 36.70053413239285
153 1.3010299956639813 38.91027615891787
154 1.4771212547196624 39.64347606197456
155 1.3010299956639813 32.78554205971943
156 1.0 27.300266473449927
157 1.9030899869919435 40.355627938282694
158 1.845098040014257 34.64884871982456
159 2.0413926851582254 33.49922392874927
160 1.845098040014257 40.68185651929256
161 1.6020599913279625 29.183057629910973
162 1.0 27.42647719561716
163 1.4771212547196624 29.043663537477517
487 1.3010299956639813 18.890476520092495
488 1.0 18.786565844786978
502 1.0 24.947803517854027
676 1.0 20.23539889371069
771 1.6989700043360187 25.078312841330952
865 1.3010299956639813 36.420319557775116
93 1.6020599913279625 40.4099170367325
976 1.0 19.01089422974206
