1.2441251443275085
126 1.6989700043360187 17.339097888099232
131 1.0 31.908356378043813
132 1.0 31.170157473839097
134 1.0 29.51314963866556
137 1.3010299956639813 22.26891535791042
139 1.0 21.045092986540304
148 1.3010299956639813 36.70053413239285
153 1.0 38.91027615891787
157 1.3010299956639813 40.355627938282694
158 1.6989700043360187 34.64884871982456
159 1.3010299956639813 33.49922392874927
160 1.4771212547196624 40.68185651929256
161 1.3010299956639813 29.183057629910973
162 1.0 27.42647719561716
163 1.3010299956639813 29.043663537477517
184 1.3010299956639813 24.619860170608522
193 1.0 17.74702978158316
197 1.0 17.97236948828946
198 1.0 19.930084158480717
204 1.0 18.43335978124768
207 1.0 18.0557751805786
208 1.0 19.715082278253885
209 1.0 20.72532624391316
212 1.0 19.272892292014472
213 1.0 18.016798133940682
215 1.0 16.390784482423456
224 1.0 18.0557751805786
228 1.0 19.894315832793946
231 1.0 18.43335978124768
233 1.0 20.72532624391316
241 1.0 20.323087997959746
290 1.0 17.858124243150325
31 1.0 15.945923907969867
334 1.0 26.57358007912264
335 1.0 27.194637545841633
409 1.0 20.72532624391316
457 1.0 24.521319277035015
486 1.0 19.08673079463014
493 1.0 22.45238647455196
500 1.3010299956639813 24.619860170608522
504 1.0 17.799185167779708
62 1.0 20.323087997959746
646 1.3010299956639813 18.504078859130104
649 1.0 17.74702978158316
651 1.0 17.97236948828946
652 1.0 19.930084158480717
654 1.0 22.45238647455196
656 1.0 18.43335978124768
681 1.0 18.065059521538757
731 1.0 28.951588555136127
753 1.3010299956639813 21.70542592404138
829 1.3010299956639813 24.619860170608522
862 1.0 22.500892102974184
865 1.4771212547196624 36.420319557775116
86 1.0 24.815590935179138
920 1.0 17.092496631953207
93 1.4771212547196624 40.4099170367325
