1.1249387366083
104 1.0 21.315476777332258
119 1.0 22.648675884415564
120 1.0 16.42166336328676
125 1.3010299956639813 19.0809900086681
126 1.0 17.339097888099232
160 1.0 40.68185651929256
188 1.0 22.772628792451215
1 1.3010299956639813 24.469666509833758
245 1.0 15.579322499796028
270 1.6020599913279625 27.27789276817213
272 1.0 15.457778110651116
349 1.0 18.22236264627707
350 1.0 19.30862768534024
352 1.845098040014257 25.386817845441577
416 1.3010299956639813 18.61566394013484
417 1.0 15.908222464211535
418 1.0 17.08472326939475
419 1.3010299956639813 16.410243719356703
421 1.0 19.170545066323047
431 1.3010299956639813 20.115404335824383
433 1.0 26.035075059878718
452 1.3010299956639813 19.142693477683043
458 1.0 15.457778110651116
471 1.0 26.179338818270686
510 1.3010299956639813 18.532720542245944
511 1.3010299956639813 21.085117241154542
513 1.0 18.984876032460487
516 1.4771212547196624 16.59643675700407
518 2.3010299956639813 20.682013519960595
556 1.3010299956639813 32.02299329624464
557 1.4771212547196624 29.473606133346674
559 1.0 32.39203154477896
565 1.0 24.415044307928472
569 1.0 34.990949277994865
647 1.0 22.772628792451215
65 1.0 18.816428542926165
668 1.0 17.727873548642012
669 1.0 16.622470868958438
671 1.0 19.58191513861614
672 1.0 17.43535257958473
673 1.0 19.039369057845647
674 1.0 18.14076911717772
679 1.0 15.743631599218444
67 1.0 17.749330468393577
680 1.0 17.012055796954062
681 1.0 18.065059521538757
684 1.0 17.964183562785355
685 1.0 17.175414668708417
686 1.0 17.162340194417848
687 1.3010299956639813 19.452684111934385
688 1.0 16.363787416979306
689 1.0 16.928793195831474
68 1.0 17.554437536932625
690 1.0 20.22818021406503
691 1.0 17.91548424436275
693 1.0 18.104685257403954
694 1.0 13.711776039162897
695 1.0 19.76083134382925
69 1.845098040014257 26.41557398804616
731 1.0 28.951588555136127
732 1.0 24.075837860598885
746 1.0 22.32660375113389
750 1.6020599913279625 24.739780818458456
753 1.3010299956639813 21.70542592404138
777 1.6020599913279625 28.5636709471766
808 1.0 15.067523577769435
809 1.0 19.258313969819948
810 1.0 18.41805748667281
844 1.0 15.562398568103088
84 1.845098040014257 20.94724544657274
867 1.3010299956639813 20.329143187123556
919 1.0 24.20144514632048
920 1.0 17.092496631953207
941 1.0 16.02177904462421
993 1.3010299956639813 33.541218365030296
