1.537602002101044
104 1.0 21.315476777332258
131 1.4771212547196624 31.908356378043813
133 1.0 27.54885932499107
139 1.0 21.045092986540304
142 1.0 21.606364977884798
146 1.3010299956639813 38.26126400416704
147 1.0 39.718947201261805
153 1.0 38.91027615891787
154 1.0 39.64347606197456
157 1.3010299956639813 40.355627938282694
161 1.0 29.183057629910973
22 1.0 20.017303363514117
243 1.0 25.8105965022697
337 1.0 25.8105965022697
350 1.7781512503836436 19.30862768534024
422 1.0 15.318690066440361
487 1.0 18.890476520092495
549 1.0 22.395775493328287
673 1.0 19.039369057845647
677 1.0 19.89770402247368
771 1.0 25.078312841330952
808 1.3010299956639813 15.067523577769435
862 1.0 22.500892102974184
865 1.6020599913279625 36.420319557775116
867 1.0 20.329143187123556
871 1.3010299956639813 25.16854217073077
93 1.6020599913279625 40.4099170367325
956 1.0 19.332344149929916
976 1.0 19.01089422974206
