1.3098039199714864
117 1.0 21.166129822732998
174 1.0 25.443847031718235
191 1.0 30.983771998615772
261 1.0 40.472400145134394
269 1.0 28.06641091839446
2 1.0 25.673207973589584
328 1.0 32.88047364596294
341 1.0 20.951702374187988
375 1.0 18.075636329874662
397 1.6989700043360187 34.76173337398946
399 1.3010299956639813 31.06364857854412
3 1.0 25.673207973589584
403 1.0 16.399120626275778
433 1.0 24.68064648083747
434 1.4771212547196624 26.054272842923844
435 1.0 24.468548355039516
444 1.3010299956639813 29.526890635247195
458 1.3010299956639813 17.695365074715316
473 1.0 20.456210819322695
497 1.0 21.557388215952543
500 1.4771212547196624 27.79974623106974
552 1.0 21.18617303846442
556 1.3010299956639813 21.34923713779162
559 1.3010299956639813 21.174473649853873
568 1.3010299956639813 16.29063286533528
570 1.3010299956639813 35.00523577088447
573 1.3010299956639813 34.62164344212061
677 1.0 20.260093000467393
732 1.0 28.96885361670166
733 1.0 24.09659662047416
734 1.0 16.710350266628105
751 1.0 24.759982935078224
772 1.3010299956639813 31.06364857854412
792 1.0 16.385978603831017
800 1.0 19.870179928383198
815 1.0 20.604951603302737
823 1.0 30.983771998615772
829 1.0 21.557388215952543
831 1.4771212547196624 27.79974623106974
854 1.0 20.336569559735775
867 1.0 36.43404557128479
869 1.0 20.353723559156737
918 1.0 24.222096258795588
937 1.0 17.488110770017975
94 1.4771212547196624 40.42228834338309
955 1.3010299956639813 19.358190264880896
957 1.0 18.152757365381166
988 1.0 18.29479303891827
992 1.0 33.556122085405605
