1.3098039199714864
173 1.0 18.85938858887468
185 1.4771212547196624 24.640160608655044
187 1.4771212547196624 25.365184410989947
208 1.0 18.083445948480012
211 1.3010299956639813 19.87652496554322
225 1.0 18.083445948480012
231 1.4771212547196624 19.843697587754125
249 1.0 22.75668213035031
258 1.4771212547196624 32.05900432440354
259 1.6020599913279625 34.168322910342354
261 1.0 40.472400145134394
267 1.0 20.272569941821523
276 1.4771212547196624 20.303531424387252
285 1.0 27.333530767834674
286 1.0 30.579284727285547
295 1.0 18.766205879960378
297 1.0 18.44466466993366
326 1.3010299956639813 26.265110333168654
328 1.0 32.88047364596294
329 1.0 24.220820861806594
330 1.0 25.015154858124397
336 1.0 27.213017312486674
343 1.0 22.828476621056783
399 1.3010299956639813 31.06364857854412
497 1.0 21.557388215952543
499 1.4771212547196624 19.843697587754125
501 1.4771212547196624 24.640160608655044
520 1.0 25.214633181541256
523 1.0 19.697674446970826
525 1.3010299956639813 20.543320381954224
533 1.0 15.866054590928105
534 1.0 19.72223251625476
535 1.0 18.139512907437105
582 1.0 26.849702075967517
593 1.0 18.09585950831236
597 1.0 19.996338987916545
598 1.0 19.920097781606806
656 1.4771212547196624 19.843697587754125
732 1.0 28.96885361670166
772 1.3010299956639813 31.06364857854412
829 1.0 21.557388215952543
84 1.4771212547196624 25.365184410989947
87 1.0 24.835731385689954
970 1.0 18.816376936112132
973 1.0 18.869638675773842
978 1.0 19.932540595234652
981 1.0 19.04032511818754
982 1.0 19.85729433713603
992 1.0 33.556122085405605
