1.4685210829577449
132 1.3010299956639813 31.9240224086541
133 1.3010299956639813 31.18619433249154
134 1.0 27.567002922119546
147 1.0 38.27432982034523
155 1.0 39.65608647202028
158 1.4771212547196624 40.36801588254125
161 1.0 40.68786868352573
188 1.0 18.394820991631416
228 1.0 19.271408794907185
235 1.6020599913279625 18.131311524289607
258 1.0 32.05900432440354
327 1.0 21.408537178610665
328 1.3010299956639813 32.88047364596294
329 1.0 24.220820861806594
330 1.0 25.015154858124397
331 1.0 26.442768047844584
379 2.57978359661681 24.673753214847594
383 1.0 23.402720804995248
390 1.0 23.009670542854348
472 1.0 26.198430887398857
488 1.0 18.91692636651541
647 1.0 18.531080228224845
664 1.0 17.88199680559741
732 1.3010299956639813 28.96885361670166
737 1.3010299956639813 14.898514552522053
742 1.0 21.68833801617828
747 1.3010299956639813 22.34898733858306
748 1.3010299956639813 14.04369359882837
807 1.0 24.483238969908477
820 1.0 18.394820991631416
867 1.6020599913279625 36.43404557128479
877 1.0 22.452284526648562
879 1.0 22.452284526648562
880 1.0 33.12096543823041
