1.2924298239020637
103 1.0 13.047685080108735
131 1.3010299956639813 31.908356378043813
133 1.0 27.54885932499107
134 1.0 29.51314963866556
135 1.7781512503836436 23.727421112255122
136 1.3010299956639813 22.900372757632663
138 1.0 17.408752168168547
139 1.3010299956639813 21.045092986540304
141 1.0 19.014107610916184
143 1.0 19.603466556586774
145 2.204119982655925 38.43033977941447
146 2.0413926851582254 38.26126400416704
147 2.146128035678238 39.718947201261805
148 2.0 36.70053413239285
149 1.7781512503836436 30.628195318865107
150 1.4771212547196624 28.679701781112843
151 1.0 26.41677324871767
153 1.845098040014257 38.91027615891787
154 2.278753600952829 39.64347606197456
155 1.9542425094393248 32.78554205971943
156 1.0 27.300266473449927
157 1.4771212547196624 40.355627938282694
158 1.3010299956639813 34.64884871982456
160 1.4771212547196624 40.68185651929256
161 1.6020599913279625 29.183057629910973
162 1.3010299956639813 27.42647719561716
163 1.6989700043360187 29.043663537477517
1 1.0 24.469666509833758
21 1.0 18.02167784870146
321 1.4771212547196624 19.38943069849081
333 1.3010299956639813 14.33117686870987
382 1.0 23.381346006518903
389 1.0 22.987930278533103
396 1.0 34.747346764383785
459 1.0 16.318175390056652
471 1.3010299956639813 26.179338818270686
486 1.6020599913279625 19.08673079463014
488 1.0 18.786565844786978
502 1.6020599913279625 24.947803517854027
55 1.0 16.109062218202855
603 1.0 16.109062218202855
642 1.3010299956639813 19.614776409036214
643 1.3010299956639813 19.629733620293802
731 1.0 28.951588555136127
741 1.0 21.665271886223913
748 1.0 22.56508767539272
749 1.0 20.209996528594978
771 1.4771212547196624 25.078312841330952
782 1.3010299956639813 28.8122112955473
872 1.0 15.596352370499325
98 1.0 15.596352370499325
