0.9913998282380825
1000 1.0 16.797636183579463
110 1.0 16.382580531642766
111 1.0 16.152248564614663
112 1.0 16.283682408859754
113 1.0 16.11034052774081
114 1.0 16.193892293870782
115 1.0 16.237932532274638
116 1.0 16.285640371001193
211 1.845098040014257 19.87652496554322
251 1.0 16.101277881366933
252 1.0 15.94853123487721
253 1.0 16.431910230774704
254 1.0 16.42690925065229
255 1.0 16.359891446453577
256 1.0 16.797636183579463
258 1.0 32.05900432440354
260 1.3010299956639813 27.085761995614487
261 1.3010299956639813 40.472400145134394
264 1.0 18.98771976077981
290 1.3010299956639813 19.344122607461724
291 1.4771212547196624 17.88610079038451
292 1.7781512503836436 16.614286248179223
304 1.0 16.616668083737665
305 1.3010299956639813 17.98399116678101
306 1.3010299956639813 18.739668070348888
307 1.0 16.630431048976302
308 1.6020599913279625 18.477335563541324
309 1.3010299956639813 17.72718103523344
310 1.0 16.384505338266393
311 1.3010299956639813 18.601480963958362
312 1.0 16.364677803659443
313 1.0 16.271444758929782
314 1.0 16.718741339460014
315 1.0 16.06942654142066
316 1.0 16.866249934906318
317 1.0 16.431343755560334
331 1.3010299956639813 26.442768047844584
43 1.0 17.141090857518964
445 1.7781512503836436 16.923811634708713
446 1.6020599913279625 21.762871720842014
447 1.845098040014257 17.43776619662874
448 1.6989700043360187 18.647997157938995
449 1.6020599913279625 16.13298238638009
450 1.6989700043360187 16.00461083590737
451 1.7781512503836436 15.797072840726699
452 1.7781512503836436 15.65046621316542
460 1.0 16.24091782837226
478 1.0 16.265225052820202
479 1.0 16.116413501007873
480 1.0 16.113389796665334
504 1.7781512503836436 18.391649858504977
533 1.0 15.866054590928105
537 1.0 17.141090857518964
55 1.0 16.140070803745896
574 1.0 16.969820351885488
575 1.0 16.63120895803179
576 1.0 16.389629448511823
578 1.0 16.152119214909096
581 1.0 25.541293855592556
585 1.0 30.96669564390913
592 1.3010299956639813 15.957605833185818
604 1.0 16.140070803745896
607 1.3010299956639813 13.61792327873141
611 1.0 16.956306990360925
612 1.0 16.40190763707712
613 1.845098040014257 22.32306959448592
614 1.0 16.27710509361273
615 1.3010299956639813 17.287230481631443
616 1.9030899869919435 23.902881671535816
617 1.0 16.314388963414707
618 1.0 16.289314548847216
619 1.0 16.011110159818838
620 1.0 16.033724637658167
621 1.0 15.932112845694121
622 1.0 16.21874466519853
623 1.0 16.32959493311789
624 1.0 16.49972484873875
625 1.0 16.28000849899647
637 1.0 16.02625467467848
639 1.0 18.00030745664779
661 1.0 17.17957125410552
699 1.0 13.271368961410548
80 1.845098040014257 15.71248572680523
821 1.3010299956639813 19.344122607461724
825 1.7781512503836436 16.614286248179223
885 1.0 16.616668083737665
886 1.3010299956639813 17.98399116678101
887 1.3010299956639813 18.739668070348888
888 1.0 16.630431048976302
890 1.6020599913279625 18.477335563541324
891 1.3010299956639813 17.72718103523344
892 1.0 16.384505338266393
894 1.0 16.898218574553624
971 1.0 19.694865931417798
980 1.0 18.174623439227215
993 1.0 16.101277881366933
994 1.0 16.371703937607325
995 1.0 16.320376040179806
996 1.0 15.94853123487721
997 1.0 16.431910230774704
998 1.0 16.42690925065229
999 1.0 16.359891446453577
