0.7189666327522725
1000 1.0 16.329300295473313
104 1.0 21.315476777332258
114 1.0 16.58655052158543
115 1.3010299956639813 17.956167137974
119 1.6020599913279625 22.648675884415564
120 1.4771212547196624 16.42166336328676
121 1.845098040014257 25.97780851667672
122 1.6020599913279625 21.918380641831487
124 1.4771212547196624 17.76930122808498
125 1.3010299956639813 19.0809900086681
126 1.3010299956639813 17.339097888099232
127 1.0 18.613796434027876
128 1.0 13.531525342744336
13 1.3010299956639813 14.881124838959494
141 1.0 19.014107610916184
143 1.3010299956639813 19.603466556586774
160 1.4771212547196624 40.68185651929256
186 1.0 25.345464687070297
190 1.3010299956639813 30.967630313961816
193 1.0 17.74702978158316
199 1.0 22.603396897878287
1 1.3010299956639813 24.469666509833758
204 1.0 18.43335978124768
210 1.0 19.851353724768064
212 1.6020599913279625 19.272892292014472
216 1.3010299956639813 16.721725650862297
229 1.0 22.603396897878287
231 1.0 18.43335978124768
238 1.0 16.834808931146938
242 1.6989700043360187 17.48060764330447
244 1.3010299956639813 16.48858847797927
250 1.0 16.070194442289612
251 1.0 15.91714951082178
252 1.0 16.401453406092962
253 1.0 16.396443136520976
254 1.0 16.329300295473313
255 1.0 16.767843670427574
256 1.0 14.651068157152437
257 2.8325089127062366 32.04340428656301
258 1.0 34.15368633845293
259 1.0 27.067295817703585
260 2.079181246047625 40.46004416097286
262 2.278753600952829 21.133916878571615
263 1.9542425094393248 18.961368666684063
264 1.3010299956639813 16.714220604471006
267 1.0 24.25543451426215
268 1.6989700043360187 28.048590371713367
287 1.3010299956639813 16.48858847797927
291 1.4771212547196624 16.58416436051082
296 1.0 18.417536610152265
300 1.0 12.803701222666417
301 1.3010299956639813 15.848797334570648
302 1.3010299956639813 14.567110784185882
303 1.0 16.58655052158543
304 1.3010299956639813 17.956167137974
305 1.3010299956639813 18.712967679843132
306 1.0 16.600338456632596
307 1.6020599913279625 18.45025554098666
308 1.3010299956639813 17.69895328701503
309 1.0 16.353960229243555
310 1.3010299956639813 18.574581934797493
311 1.0 16.33409561676385
312 1.0 16.2406870095727
313 1.0 16.688807985466465
314 1.0 16.038281372083322
315 1.0 16.836578834986856
316 1.0 16.400885878921038
327 1.0 32.86526353435894
328 1.0 24.20016866097684
330 1.0 26.423852520632007
331 1.0 26.137525464974466
332 1.0 24.231012577485338
334 1.0 26.57358007912264
336 1.6989700043360187 17.48060764330447
396 1.0 34.747346764383785
397 1.4771212547196624 15.59311007460044
398 1.0 31.04754842191709
416 1.0 18.61566394013484
41 1.0 20.87407005016222
423 1.0 12.944362344198284
424 1.0 12.944362344198284
425 1.4771212547196624 12.944362344198284
426 1.0 12.972219319364555
431 1.9542425094393248 20.115404335824383
445 2.0 21.739884671677192
448 1.0 16.101960150219295
477 1.3010299956639813 18.712967679843132
478 1.0 16.600338456632596
480 1.6020599913279625 18.45025554098666
481 1.3010299956639813 17.69895328701503
482 1.0 16.353960229243555
486 1.0 19.08673079463014
488 1.0 18.786565844786978
503 1.0 18.364443485111277
504 1.3010299956639813 17.799185167779708
51 1.3010299956639813 16.468103731109437
521 1.0 16.13648804769188
528 1.4771212547196624 16.600990941589497
532 1.6020599913279625 15.834509410850428
53 1.0 15.484623446241047
541 1.0 19.703508556272116
55 1.3010299956639813 16.109062218202855
562 1.0 23.455333927936188
565 1.0 24.415044307928472
573 1.0 16.9403306571999
574 1.0 16.601117775791995
575 1.0 16.359093907045278
577 1.0 16.12113380419118
578 1.6020599913279625 17.196077893890912
579 1.3010299956639813 16.468103731109437
580 1.0 25.521710205582426
582 1.6020599913279625 24.99171329470656
584 1.3010299956639813 30.950545053399313
585 1.0 15.484623446241047
589 1.0 12.855141689578115
590 1.0 12.815696857748005
591 1.4771212547196624 15.92624199010319
599 1.3010299956639813 18.573663222245116
59 1.3010299956639813 17.024968450726956
603 1.3010299956639813 16.109062218202855
608 1.3010299956639813 13.346406944659348
60 1.6989700043360187 20.28552366248819
610 1.0 16.926793752845303
611 1.0 16.37139499661555
612 1.845098040014257 22.300659992929845
613 1.0 16.24635806045507
614 1.3010299956639813 17.258283162732244
615 1.9030899869919435 23.88195453063762
616 1.0 16.2837123301042
617 1.0 16.258590605316485
618 1.0 15.979851330655551
619 1.0 16.002509983007247
620 1.0 15.900698718230329
621 1.0 16.187886783484302
622 1.0 16.29894691934756
623 1.0 16.469393434006214
624 1.0 16.24926695969382
634 1.6020599913279625 21.49965573905078
637 1.0 15.345166756496607
649 1.0 17.74702978158316
653 1.0 22.603396897878287
656 1.0 18.43335978124768
659 1.3010299956639813 17.024968450726956
663 1.0 17.854013827579386
665 1.3010299956639813 21.956288146883587
66 1.0 17.276058696601304
725 1.6020599913279625 15.337880790453774
768 1.4771212547196624 15.59311007460044
770 1.0 31.04754842191709
78 1.0 15.30986183139676
799 1.0 21.750977795505374
800 1.0 21.474900607430737
801 1.0 16.7176380868533
805 1.3010299956639813 24.462808310936932
806 1.0 27.27436952647854
80 1.6020599913279625 15.680631610845849
812 1.0 21.474900607430737
81 1.0 15.73170187126443
820 1.3010299956639813 30.967630313961816
822 1.4771212547196624 16.58416436051082
830 1.0 15.73170187126443
83 1.0 25.345464687070297
84 1.0 20.94724544657274
862 1.0 22.500892102974184
865 1.6989700043360187 36.420319557775116
871 1.4771212547196624 25.16854217073077
876 1.3010299956639813 27.115678493576954
881 1.0 16.868603706098174
883 1.3010299956639813 18.574581934797493
884 1.0 16.33409561676385
885 1.0 16.2406870095727
886 1.0 16.688807985466465
887 1.0 16.038281372083322
888 1.0 16.836578834986856
891 1.7781512503836436 20.556957071190386
892 1.6020599913279625 19.44244897613975
893 1.6020599913279625 19.650125642603225
89 1.3010299956639813 16.48858847797927
922 1.0 16.34273553368784
931 1.6020599913279625 22.349952035011718
934 1.3010299956639813 19.043662363227906
967 1.3010299956639813 20.350189453749287
972 1.0 19.669462220826514
975 1.3010299956639813 17.854534961736917
990 1.0 17.043147830109415
994 1.0 16.070194442289612
995 1.0 16.341134900020474
996 1.0 16.28971068168109
997 1.0 15.91714951082178
998 1.0 16.401453406092962
999 1.0 16.396443136520976
