1.4202164033831899
100 1.0 15.756951807688566
207 1.0 18.798742484766407
212 1.0 22.053003739358804
233 1.0 18.798742484766407
258 1.7781512503836436 32.05900432440354
259 1.0 34.168322910342354
260 1.6020599913279625 27.085761995614487
261 1.9030899869919435 40.472400145134394
266 1.0 24.006561347142163
268 1.0 24.276039699169623
269 1.4771212547196624 28.06641091839446
270 1.4771212547196624 26.10422328297102
284 1.3010299956639813 16.021430614511992
286 1.6020599913279625 30.579284727285547
287 1.0 14.141077426099002
326 1.0 26.265110333168654
328 1.3010299956639813 32.88047364596294
331 1.3010299956639813 26.442768047844584
332 1.6020599913279625 26.156648054217282
333 1.0 24.251638512278973
336 1.0 27.213017312486674
409 1.0 18.798742484766407
445 1.3010299956639813 16.923811634708713
446 1.6989700043360187 21.762871720842014
448 1.3010299956639813 18.647997157938995
452 1.4771212547196624 15.65046621316542
483 1.4771212547196624 14.843383405093189
515 1.4771212547196624 23.20380250236597
53 1.0 15.516879946428599
581 1.3010299956639813 25.541293855592556
584 1.0 23.292766275876946
585 1.6020599913279625 30.96669564390913
586 1.0 15.516879946428599
597 1.0 19.996338987916545
659 1.0 18.798742484766407
663 1.0 19.44490454387257
80 1.3010299956639813 15.71248572680523
896 1.0 15.756951807688566
