1.080921907623926
191 1.0 30.983771998615772
1 1.0 24.099314783282633
21 1.0 18.049400889846094
249 1.0 22.75668213035031
258 1.6989700043360187 32.05900432440354
259 1.0 34.168322910342354
2 1.0 25.673207973589584
326 1.0 26.265110333168654
327 1.3010299956639813 21.408537178610665
329 1.3010299956639813 24.220820861806594
330 1.4771212547196624 25.015154858124397
332 1.0 26.156648054217282
393 1.0 14.318131975422032
394 1.0 15.748925436938276
395 1.0 13.531011945826444
396 1.0 14.792239883501855
397 1.0 34.76173337398946
398 1.0 15.625142616904517
399 1.0 31.06364857854412
3 1.0 25.673207973589584
400 1.4771212547196624 19.159509087472838
401 1.0 14.1192438041068
402 1.0 24.177242781351655
403 1.0 16.399120626275778
404 1.0 13.537910047380134
405 1.4771212547196624 14.765194378080146
406 2.230448921378274 17.13803809591465
407 1.6020599913279625 16.206807375934993
408 1.3010299956639813 14.776028853964045
413 1.3010299956639813 19.441687508621293
414 1.6020599913279625 19.240697556286563
423 1.3010299956639813 15.351295233681704
433 1.0 24.68064648083747
435 1.0 24.468548355039516
441 1.0 31.735712827979288
444 1.4771212547196624 29.526890635247195
452 1.0 15.65046621316542
548 1.0 19.056516086799924
565 1.0 25.067378635529828
674 1.0 19.06561234581387
76 1.0 13.496408423001172
770 1.0 15.625142616904517
771 1.0 19.405549325281637
772 1.0 31.06364857854412
773 1.0 25.098242467704086
774 1.0 23.139038800697477
777 1.0 24.177242781351655
778 1.0 25.828938051552868
779 1.0 28.58117033955364
77 1.3010299956639813 16.90578733542276
780 1.0 29.39263705080337
781 1.0 26.78123592188267
782 1.0 28.670617617530514
783 1.0 24.23640676791617
784 1.0 28.829559825624525
785 1.0 15.098695198629603
786 1.0 16.457876252502427
787 1.0 16.369818376127807
788 1.0 16.704463784263226
789 1.0 16.883045284589098
790 1.0 16.472332298017896
791 1.0 16.278477087768408
792 1.0 16.385978603831017
793 1.0 15.060853163657614
794 1.0 15.329372186555613
795 1.0 15.316040163704834
796 1.0 15.424216864581213
797 1.0 13.507993834748705
798 1.0 16.44666201427546
799 1.0 17.71515186844221
79 1.4771212547196624 14.2120124870126
7 1.6020599913279625 20.662205334068826
800 1.0 19.870179928383198
807 1.3010299956639813 24.483238969908477
808 1.3010299956639813 27.292695599132404
809 1.0 23.93775068948324
815 1.4771212547196624 20.604951603302737
817 1.3010299956639813 16.90578733542276
823 1.0 30.983771998615772
877 1.0 22.452284526648562
879 1.0 22.452284526648562
880 1.0 33.12096543823041
881 1.0 15.999505166650179
