0.978810700930062
106 1.0 21.237877873941795
132 1.0 31.170157473839097
134 1.0 29.51314963866556
139 1.3010299956639813 21.045092986540304
140 1.0 22.06065850896495
142 1.6020599913279625 21.606364977884798
157 1.3010299956639813 40.355627938282694
172 1.0 18.832857933573873
173 1.0 25.424188320838816
184 1.3010299956639813 24.619860170608522
190 1.3010299956639813 30.967630313961816
19 1.0 22.88505492845388
222 1.0 19.47615277135082
227 1.3010299956639813 19.245446135136124
238 1.0 16.834808931146938
24 1.0 22.69262746225858
258 1.0 34.15368633845293
25 1.0 18.14737887225271
260 1.3010299956639813 40.46004416097286
263 1.0 18.961368666684063
264 1.0 16.714220604471006
265 1.6020599913279625 23.98572466518575
268 1.0 28.048590371713367
26 1.3010299956639813 18.618919907073398
277 1.0 24.417648522770687
278 1.0 17.70612989299446
280 1.0 20.36083120666262
281 1.0 18.79756428818881
284 1.0 27.31523209193297
285 1.0 30.562929415100232
295 1.0 21.53759215073197
327 1.3010299956639813 32.86526353435894
338 1.0 21.754781863703386
340 1.0 20.927824358412284
348 1.0 16.926861864319864
369 1.0 13.119323618253118
398 1.6989700043360187 31.04754842191709
412 1.0 19.41595254379453
417 1.0 15.908222464211535
430 1.3010299956639813 21.053048712370824
431 1.6020599913279625 20.115404335824383
432 1.4771212547196624 24.66037937080602
434 1.4771212547196624 24.448105419498397
437 1.3010299956639813 16.500863545850883
443 1.0 29.509952060039822
444 1.0 16.89424162983062
448 1.0 16.101960150219295
450 1.0 15.76538963474183
452 1.3010299956639813 19.142693477683043
472 1.0 20.431753744712537
484 1.0 14.841497874872914
485 1.6020599913279625 18.6714979484428
487 1.4771212547196624 18.890476520092495
500 1.3010299956639813 24.619860170608522
501 1.0 18.576070342315386
510 1.0 18.532720542245944
522 1.0 19.672274363144883
555 1.0 21.325804237253536
558 1.0 21.15084713075001
559 1.0 32.39203154477896
564 1.3010299956639813 25.047424451568215
566 1.0 23.04859528725498
568 1.0 21.196876683380644
571 1.0 29.826229749704215
572 1.0 34.607198595571596
576 1.0 21.517861792661158
582 1.0 24.99171329470656
583 1.0 23.271290483826427
584 1.0 30.950545053399313
596 1.0 19.971318757650213
643 1.0 19.629733620293802
64 1.0 16.707558357235154
65 1.0 18.816428542926165
672 1.0 17.43535257958473
673 1.0 19.039369057845647
676 1.0 20.23539889371069
685 1.0 17.175414668708417
711 1.0 16.707558357235154
731 1.0 28.951588555136127
769 1.3010299956639813 19.37976637155202
770 1.6989700043360187 31.04754842191709
772 1.3010299956639813 23.117420198200822
773 1.0 23.472958228275314
7 1.9542425094393248 20.637992374919182
820 1.3010299956639813 30.967630313961816
829 1.3010299956639813 24.619860170608522
844 1.0 15.562398568103088
865 1.9030899869919435 36.420319557775116
875 1.3010299956639813 22.430004022861485
876 1.6989700043360187 27.115678493576954
877 1.3010299956639813 22.430004022861485
878 1.4771212547196624 33.105865818015594
897 1.6989700043360187 14.137583702742898
903 1.3010299956639813 16.756624857433575
91 1.0 21.379518228894476
931 1.0 22.349952035011718
936 1.0 21.526279874452115
93 1.3010299956639813 40.4099170367325
940 1.0 19.551908923253773
962 1.0 18.888396882406173
972 1.0 19.669462220826514
976 1.0 19.01089422974206
986 1.0 19.998220484206893
987 1.0 21.088601776656837
992 1.0 20.972634792127216
