1.337242168318426
190 1.0 30.967630313961816
218 1.0 20.03551983762025
222 1.0 19.47615277135082
259 1.6989700043360187 27.067295817703585
260 2.204119982655925 40.46004416097286
267 1.7781512503836436 24.25543451426215
268 1.845098040014257 28.048590371713367
270 1.3010299956639813 27.27789276817213
279 1.0 19.349744435445626
289 1.3010299956639813 19.318257671242296
379 1.0 15.583202002844317
396 1.4771212547196624 34.747346764383785
398 1.3010299956639813 31.04754842191709
420 1.3010299956639813 22.69268235247738
440 1.0 31.719953794102054
47 1.0 19.524027135780376
497 1.0 22.57404561538827
499 1.0 27.781754633425805
511 1.0 21.085117241154542
515 1.0 20.34226440586786
551 1.0 21.162559580914515
552 1.0 20.441020454368555
556 1.4771212547196624 32.02299329624464
557 1.4771212547196624 29.473606133346674
559 1.3010299956639813 32.39203154477896
572 1.4771212547196624 34.607198595571596
580 1.7781512503836436 25.521710205582426
582 1.4771212547196624 24.99171329470656
584 2.0 30.950545053399313
60 1.0 20.28552366248819
731 1.0 28.951588555136127
745 1.0 19.115864173216895
746 1.0 22.32660375113389
770 1.3010299956639813 31.04754842191709
818 1.3010299956639813 19.318257671242296
820 1.0 30.967630313961816
827 1.0 22.57404561538827
828 1.0 27.781754633425805
832 1.0 14.292410634951741
865 1.0 36.420319557775116
88 1.0 17.71948261455228
912 1.0 21.510199531662707
917 1.0 20.297410938444266
918 1.3010299956639813 21.05942217315108
91 1.0 21.379518228894476
928 1.0 18.737561566460872
