1.744727494896694
108 1.4771212547196624 15.676749598065259
160 1.0 40.68185651929256
1 1.0 24.469666509833758
236 1.0 18.969094117495082
249 1.4771212547196624 21.570555711548227
2 1.0 25.653725024939046
374 1.0 18.047953588423393
3 1.0 25.653725024939046
483 1.0 16.072305173973206
731 1.6989700043360187 28.951588555136127
732 1.0 24.075837860598885
750 1.0 24.739780818458456
773 1.0 23.472958228275314
889 1.6020599913279625 15.099016185383055
894 1.0 16.508326051842978
931 1.0 22.349952035011718
934 1.0 19.043662363227906
99 1.0 16.508326051842978
