1.1674910872937636
132 1.0 31.9240224086541
140 1.0 21.068838098294076
151 1.3010299956639813 28.69713041845068
153 1.0 27.124579821694358
154 1.3010299956639813 38.92312411360697
155 1.0 39.65608647202028
156 1.3010299956639813 32.80078913912944
157 1.0 27.318575173705053
162 1.3010299956639813 29.200185832126223
164 1.3010299956639813 29.060873897358988
190 1.0 20.72132492096882
191 1.0 30.983771998615772
192 1.0 16.982274168574502
194 1.4771212547196624 17.77518118243523
198 1.4771212547196624 18.00016847208931
199 1.3010299956639813 19.95515608969582
228 1.0 19.271408794907185
229 1.3010299956639813 19.919432784468437
238 1.0 17.79360469731602
244 1.0 25.829961126625353
336 1.6989700043360187 27.213017312486674
338 1.0 25.829961126625353
343 1.3010299956639813 22.828476621056783
345 1.3010299956639813 19.45537620834872
366 1.0 13.245246508097683
399 1.0 31.06364857854412
416 1.0 19.445006257673224
41 1.0 20.898009485572526
48 1.0 14.721765395784356
494 1.4771212547196624 22.47464478924292
497 1.3010299956639813 21.557388215952543
500 1.0 27.79974623106974
523 1.0 19.697674446970826
524 1.3010299956639813 18.188013959901607
531 1.0 20.572525808084006
592 1.4771212547196624 15.957605833185818
634 1.0 20.53889892996114
650 1.4771212547196624 17.77518118243523
652 1.4771212547196624 18.00016847208931
653 1.3010299956639813 19.95515608969582
655 1.4771212547196624 22.47464478924292
663 1.0 19.44490454387257
665 1.3010299956639813 20.62218664974217
66 1.0 17.304976281070527
772 1.0 31.06364857854412
773 1.6020599913279625 25.098242467704086
778 1.4771212547196624 25.828938051552868
782 1.3010299956639813 28.670617617530514
822 1.0 20.72132492096882
823 1.0 30.983771998615772
824 1.0 16.982274168574502
829 1.3010299956639813 21.557388215952543
831 1.0 27.79974623106974
87 1.0 24.835731385689954
882 1.0 18.91930081490118
883 1.0 16.982274168574502
900 1.0 13.961964508318792
902 1.0 16.786437281709325
907 1.0 16.02381405871867
909 1.0 17.04982557935131
931 1.6020599913279625 19.569247311356932
935 1.0 21.549494779071786
936 1.0 20.64389709578883
951 1.3010299956639813 25.40756427571084
954 1.3010299956639813 20.62218664974217
961 1.0 18.914849636919964
969 1.0 20.598971129752556
976 1.0 19.12532909112134
