1.3767507096020994
117 1.0 21.166129822732998
176 1.0 22.379256958057034
185 1.0 24.640160608655044
205 1.3010299956639813 18.460464588544884
210 1.0 20.74943729156614
232 1.3010299956639813 18.460464588544884
234 1.0 20.74943729156614
271 1.0 27.296216475399984
330 1.0 25.015154858124397
331 1.0 26.442768047844584
335 1.0 26.592389103304416
397 1.9030899869919435 34.76173337398946
410 1.0 20.74943729156614
500 1.6020599913279625 27.79974623106974
501 1.0 24.640160608655044
514 1.4771212547196624 19.011194543423425
516 1.0 20.36682894213624
530 1.0 17.01946628290197
540 1.0 23.36967033208018
552 1.3010299956639813 21.18617303846442
553 1.3010299956639813 20.46546645488232
556 1.4771212547196624 21.34923713779162
557 1.6020599913279625 32.03860327247943
558 1.3010299956639813 29.49056558466878
559 1.4771212547196624 21.174473649853873
561 1.0 26.19567707123272
568 1.0 16.29063286533528
570 1.7781512503836436 35.00523577088447
581 1.0 25.541293855592556
583 1.0 25.011711924712642
585 1.3010299956639813 30.96669564390913
657 1.3010299956639813 18.460464588544884
662 1.0 19.61461115210067
775 1.0 23.494249679152507
807 1.0 24.483238969908477
816 1.4771212547196624 26.40168560543113
831 1.6020599913279625 27.79974623106974
917 1.4771212547196624 21.083151146519995
929 1.0 15.284913596427298
930 1.3010299956639813 22.37231226242215
932 1.3010299956639813 22.35128407421646
933 1.3010299956639813 19.069899742909588
