1.6382721639824072
120 1.0 22.67074148141845
123 1.0 21.94118068747015
126 1.0 19.10717613125738
219 1.0 20.060459993820544
260 1.0 27.085761995614487
261 1.6020599913279625 40.472400145134394
270 1.0 26.10422328297102
431 1.0 21.076784861203542
433 1.0 24.68064648083747
434 1.3010299956639813 26.054272842923844
435 1.0 24.468548355039516
444 1.0 29.526890635247195
510 1.0 21.594628676437562
557 1.3010299956639813 32.03860327247943
558 1.0 29.49056558466878
560 1.3010299956639813 32.40746376373745
570 1.6020599913279625 35.00523577088447
571 1.0 19.508904785615407
573 1.0 34.62164344212061
584 1.3010299956639813 23.292766275876946
732 1.3010299956639813 28.96885361670166
754 1.3010299956639813 21.72844942797455
771 1.0 19.405549325281637
