1.408935392973501
200 1.0 22.625506653399253
205 1.0 18.460464588544884
230 1.0 22.625506653399253
231 1.0 19.843697587754125
232 1.0 18.460464588544884
374 1.7781512503836436 15.477325925939487
378 1.0 13.047685080108735
379 1.4771212547196624 24.673753214847594
380 1.845098040014257 15.615254870204684
384 1.0 13.169531315133195
385 1.3010299956639813 18.664082738893658
387 1.4771212547196624 21.87923801272718
388 1.0 12.97081670326476
391 1.7781512503836436 15.480475837789893
392 1.4771212547196624 14.967448726783925
499 1.0 19.843697587754125
654 1.0 22.625506653399253
656 1.0 19.843697587754125
657 1.0 18.460464588544884
727 1.7781512503836436 15.480475837789893
728 1.4771212547196624 14.967448726783925
733 2.3010299956639813 24.09659662047416
734 1.3010299956639813 16.710350266628105
735 1.0 14.99808583605626
736 1.0 26.48297924216182
737 1.6020599913279625 14.898514552522053
738 1.4771212547196624 23.256531591422583
739 1.0 13.587768177626778
740 1.6989700043360187 14.870504244951293
741 1.0 16.52566545054529
744 1.7781512503836436 15.477325925939487
745 1.7781512503836436 15.833985711967152
749 1.6989700043360187 22.58723493033533
751 2.204119982655925 24.759982935078224
752 1.0 15.72129036276342
754 2.0 21.72844942797455
755 1.6020599913279625 14.781725528038374
75 1.7781512503836436 15.477325925939487
833 1.0 15.885438230900338
