1.431798275933005
131 1.0 31.908356378043813
145 1.6020599913279625 38.43033977941447
146 1.0 38.26126400416704
147 1.3010299956639813 39.718947201261805
149 1.3010299956639813 30.628195318865107
154 1.3010299956639813 39.64347606197456
157 1.9542425094393248 40.355627938282694
158 1.3010299956639813 34.64884871982456
161 1.3010299956639813 29.183057629910973
162 1.4771212547196624 27.42647719561716
163 1.3010299956639813 29.043663537477517
188 1.3010299956639813 22.772628792451215
21 1.0 18.02167784870146
344 1.0 19.429659374481616
382 1.0 23.381346006518903
386 1.0 21.856373350068075
389 1.0 22.987930278533103
435 1.0 18.127861733361883
540 1.0 18.8619507228725
549 1.0 22.395775493328287
647 1.3010299956639813 22.772628792451215
735 1.3010299956639813 26.464092456397857
737 1.3010299956639813 23.235022308206137
741 1.0 21.665271886223913
748 1.0 22.56508767539272
774 1.0 20.078881121899666
776 1.0 25.809572659595812
778 1.0 29.375621062375156
780 1.6989700043360187 28.653172853466874
781 1.3010299956639813 24.215767859390553
807 1.3010299956639813 23.916854058840084
926 1.0 17.117590186266202
952 1.0 25.38787746985513
960 1.0 19.164284103879986
962 1.0 18.888396882406173
981 1.0 18.147091699710654
991 1.0 19.241200976831678
