0.826813731587726
114 1.3010299956639813 16.58655052158543
115 1.4771212547196624 17.956167137974
133 1.0 27.54885932499107
160 1.3010299956639813 40.68185651929256
188 1.0 22.772628792451215
192 1.0 19.898472476859148
19 1.3010299956639813 22.88505492845388
201 1.0 16.17188991882234
207 1.0 18.0557751805786
215 1.0 16.390784482423456
224 1.0 18.0557751805786
230 1.0 19.818484653329044
235 1.0 23.489746840008912
237 1.0 17.76548249061496
241 1.0 20.323087997959746
252 1.0 16.401453406092962
253 1.0 16.396443136520976
257 1.0 32.04340428656301
273 1.3010299956639813 16.369637361529076
284 1.0 27.31523209193297
2 1.3010299956639813 25.653725024939046
303 1.3010299956639813 16.58655052158543
304 1.4771212547196624 17.956167137974
305 1.0 18.712967679843132
306 1.3010299956639813 16.600338456632596
310 1.6020599913279625 18.574581934797493
311 1.0 16.33409561676385
313 1.0 16.688807985466465
314 1.0 16.038281372083322
322 1.3010299956639813 19.969477691964787
327 1.4771212547196624 32.86526353435894
348 1.0 16.926861864319864
349 1.3010299956639813 18.22236264627707
350 1.3010299956639813 19.30862768534024
351 1.0 22.293535126779712
356 1.0 16.341214190652384
374 1.3010299956639813 18.047953588423393
3 1.3010299956639813 25.653725024939046
402 1.9030899869919435 16.368602790560463
413 1.0 19.214693399908615
417 1.3010299956639813 15.908222464211535
418 1.0 17.08472326939475
422 1.0 15.318690066440361
432 1.3010299956639813 24.66037937080602
433 1.0 26.035075059878718
434 1.3010299956639813 24.448105419498397
440 2.278753600952829 31.719953794102054
443 2.568201724066995 29.509952060039822
477 1.0 18.712967679843132
478 1.3010299956639813 16.600338456632596
47 1.0 19.524027135780376
484 1.0 14.841497874872914
488 1.0 18.786565844786978
498 1.0 19.818484653329044
501 1.0 18.576070342315386
509 1.0 21.57146234433863
513 1.845098040014257 18.984876032460487
514 1.0 23.1822442953396
519 2.079181246047625 25.19479562289961
521 1.0 16.13648804769188
523 1.0 18.160502520733715
533 1.4771212547196624 19.696864101303447
538 1.0 20.55751044757001
539 1.0 23.34826527667759
551 1.0 21.162559580914515
561 1.0 20.6139191343978
562 1.0 23.455333927936188
564 1.0 25.047424451568215
565 1.4771212547196624 24.415044307928472
570 1.3010299956639813 19.48325860666556
573 1.0 16.9403306571999
574 1.4771212547196624 16.601117775791995
575 1.0 16.359093907045278
612 1.845098040014257 22.300659992929845
615 1.6989700043360187 23.88195453063762
622 1.0 16.29894691934756
623 1.0 16.469393434006214
62 1.0 20.323087997959746
631 1.0 19.950177336902193
632 1.4771212547196624 22.247424428787344
633 1.4771212547196624 20.514540434900287
635 1.3010299956639813 18.02903493564441
642 1.0 19.614776409036214
647 1.0 22.772628792451215
648 1.0 19.898472476859148
655 1.0 19.818484653329044
670 1.0 20.6370767184495
671 1.0 19.58191513861614
672 1.0 17.43535257958473
673 1.0 19.039369057845647
676 1.3010299956639813 20.23539889371069
679 1.6020599913279625 15.743631599218444
681 1.6989700043360187 18.065059521538757
689 1.4771212547196624 16.928793195831474
68 1.0 17.554437536932625
690 1.3010299956639813 20.22818021406503
691 1.0 17.91548424436275
69 1.3010299956639813 26.41557398804616
731 1.4771212547196624 28.951588555136127
732 1.0 24.075837860598885
750 1.0 24.739780818458456
769 1.0 19.37976637155202
772 1.0 23.117420198200822
773 1.6989700043360187 23.472958228275314
774 1.9542425094393248 20.078881121899666
777 1.0 28.5636709471766
781 2.57978359661681 24.215767859390553
784 1.9030899869919435 16.427467569369398
785 1.4771212547196624 16.33924581085099
786 1.9030899869919435 16.674504799836235
787 1.9030899869919435 16.853403753588953
788 1.7781512503836436 16.44195035074378
789 2.0413926851582254 16.247732650957825
790 1.9030899869919435 16.35543624625182
797 2.0413926851582254 17.68690492205947
798 1.9030899869919435 19.84500063961507
7 1.0 20.637992374919182
809 1.0 19.258313969819948
811 1.4771212547196624 16.52497719495689
834 2.0 19.359056970763802
850 1.0 21.84153000413391
852 1.6020599913279625 20.31196842893302
865 1.0 36.420319557775116
875 1.0 22.430004022861485
877 1.0 22.430004022861485
879 1.0 15.968223619979328
881 1.0 16.868603706098174
883 1.6020599913279625 18.574581934797493
884 1.0 16.33409561676385
886 1.0 16.688807985466465
887 1.0 16.038281372083322
897 1.6989700043360187 14.137583702742898
903 1.3010299956639813 16.756624857433575
923 1.0 21.33531539196555
930 1.4771212547196624 15.25216652316149
931 1.4771212547196624 22.349952035011718
932 1.4771212547196624 19.543680316998906
933 1.0 22.32890278912787
934 1.6020599913279625 19.043662363227906
947 1.3010299956639813 19.45698562548774
951 1.0 16.18204005064504
952 1.3010299956639813 25.38787746985513
954 1.3010299956639813 19.103786648783725
961 1.0 20.820071638418433
973 2.079181246047625 19.582782794447926
986 1.0 19.998220484206893
995 1.0 16.341134900020474
998 1.0 16.401453406092962
999 1.0 16.396443136520976
