0.8446639625349383
145 1.0 38.43033977941447
157 1.0 40.355627938282694
184 1.0 24.619860170608522
188 1.0 22.772628792451215
189 2.146128035678238 20.697181124016947
190 2.1760912590556813 30.967630313961816
197 1.0 17.97236948828946
198 1.3010299956639813 19.930084158480717
19 1.0 22.88505492845388
1 1.3010299956639813 24.469666509833758
200 1.0 16.645211904679204
201 1.3010299956639813 16.17188991882234
202 1.6020599913279625 18.45137749631327
207 1.0 18.0557751805786
208 1.6020599913279625 19.715082278253885
209 1.3010299956639813 20.72532624391316
214 1.0 18.685531899177228
215 1.3010299956639813 16.390784482423456
217 1.0 15.95864382959388
223 1.6020599913279625 18.45137749631327
224 1.0 18.0557751805786
226 1.7781512503836436 16.894525174208198
227 1.3010299956639813 19.245446135136124
228 1.3010299956639813 19.894315832793946
233 1.3010299956639813 20.72532624391316
236 1.3010299956639813 18.969094117495082
237 1.0 17.76548249061496
257 1.3010299956639813 32.04340428656301
258 1.0 34.15368633845293
260 1.0 40.46004416097286
265 1.0 23.98572466518575
273 1.3010299956639813 16.369637361529076
277 1.0 24.417648522770687
284 1.6989700043360187 27.31523209193297
285 1.0 30.562929415100232
295 1.3010299956639813 21.53759215073197
2 1.4771212547196624 25.653725024939046
302 1.0 14.567110784185882
322 1.6020599913279625 19.969477691964787
325 1.0 26.246066768442137
327 1.4771212547196624 32.86526353435894
328 1.3010299956639813 24.20016866097684
332 1.0 24.231012577485338
334 1.6020599913279625 26.57358007912264
396 1.4771212547196624 34.747346764383785
398 1.3010299956639813 31.04754842191709
3 1.4771212547196624 25.653725024939046
401 1.7781512503836436 24.1565533242725
409 1.3010299956639813 20.72532624391316
410 1.0 18.329720020247976
42 1.3010299956639813 17.338897626616056
43 1.3010299956639813 17.11189632348561
459 1.4771212547196624 16.318175390056652
47 1.4771212547196624 19.524027135780376
48 1.3010299956639813 14.687762810193856
493 1.4771212547196624 22.45238647455196
496 1.4771212547196624 21.534181820846815
497 1.0 22.57404561538827
499 2.0413926851582254 27.781754633425805
500 1.0 24.619860170608522
507 1.3010299956639813 17.338897626616056
510 1.3010299956639813 18.532720542245944
511 2.0413926851582254 21.085117241154542
518 1.0 20.682013519960595
519 2.0 25.19479562289961
521 1.3010299956639813 16.13648804769188
522 1.0 19.672274363144883
524 1.0 20.518967135692183
526 1.0 20.589360185649852
527 1.0 21.0997074467684
533 1.0 19.696864101303447
536 1.3010299956639813 17.11189632348561
538 1.0 20.55751044757001
539 1.0 23.34826527667759
543 1.4771212547196624 21.709967055619686
544 1.4771212547196624 16.338553508044296
545 1.845098040014257 23.297633308982533
549 1.0 22.395775493328287
562 1.6020599913279625 23.455333927936188
566 1.0 23.04859528725498
568 1.3010299956639813 21.196876683380644
57 1.0 16.138865172414302
599 1.0 18.573663222245116
59 1.3010299956639813 17.024968450726956
604 1.0 16.848497544115553
605 1.3010299956639813 18.5040994848109
606 1.4771212547196624 13.581157330117888
610 1.0 16.926793752845303
615 1.0 23.88195453063762
61 1.6020599913279625 18.45137749631327
628 1.0 17.4321572644572
635 1.3010299956639813 18.02903493564441
644 1.0 16.138865172414302
647 1.0 22.772628792451215
651 1.0 17.97236948828946
652 1.3010299956639813 19.930084158480717
654 1.4771212547196624 22.45238647455196
659 1.3010299956639813 17.024968450726956
660 1.0 17.15044222388708
66 1.3010299956639813 17.276058696601304
671 1.0 19.58191513861614
770 1.3010299956639813 31.04754842191709
772 1.6020599913279625 23.117420198200822
774 1.4771212547196624 20.078881121899666
775 1.7781512503836436 24.1565533242725
776 1.9030899869919435 25.809572659595812
777 1.845098040014257 28.5636709471766
778 2.7075701760979363 29.375621062375156
779 2.204119982655925 26.762559621671812
780 2.361727836017593 28.653172853466874
781 2.146128035678238 24.215767859390553
782 2.380211241711606 28.8122112955473
7 1.0 20.637992374919182
805 1.0 24.462808310936932
819 2.146128035678238 20.697181124016947
820 2.1760912590556813 30.967630313961816
826 1.4771212547196624 21.534181820846815
827 1.0 22.57404561538827
828 2.0413926851582254 27.781754633425805
829 1.0 24.619860170608522
831 1.3010299956639813 15.854309531641922
86 1.0 24.815590935179138
922 1.3010299956639813 16.34273553368784
923 1.845098040014257 21.33531539196555
932 1.3010299956639813 19.543680316998906
933 2.0413926851582254 22.32890278912787
935 1.0 16.449077097941938
952 1.3010299956639813 25.38787746985513
956 1.3010299956639813 19.332344149929916
957 1.4771212547196624 20.46054266240951
958 1.0 18.125192411844907
959 1.0 20.989047238821517
961 1.0 20.820071638418433
963 1.4771212547196624 17.01734493522861
969 1.0 20.721079216106737
973 1.6020599913279625 19.582782794447926
980 1.0 17.619733479266785
984 1.4771212547196624 15.961555900385454
986 2.079181246047625 19.998220484206893
987 1.6020599913279625 21.088601776656837
989 1.3010299956639813 18.267442413672814
991 1.0 19.241200976831678
993 1.6020599913279625 33.541218365030296
