1.2676062401770316
106 1.0 21.237877873941795
131 1.4771212547196624 31.908356378043813
132 1.6989700043360187 31.170157473839097
133 1.6020599913279625 27.54885932499107
134 1.9030899869919435 29.51314963866556
135 1.6020599913279625 23.727421112255122
136 1.0 22.900372757632663
139 1.4771212547196624 21.045092986540304
157 1.4771212547196624 40.355627938282694
158 1.0 34.64884871982456
160 1.4771212547196624 40.68185651929256
1 1.0 24.469666509833758
203 1.3010299956639813 17.809686811690188
23 1.4771212547196624 18.90126570373093
24 1.4771212547196624 22.69262746225858
25 1.0 18.14737887225271
27 1.0 16.125116823755786
2 1.0 25.653725024939046
334 1.3010299956639813 26.57358007912264
339 1.3010299956639813 17.809686811690188
348 1.845098040014257 16.926861864319864
352 1.4771212547196624 25.386817845441577
356 1.0 16.341214190652384
378 2.4771212547196626 24.653480438007165
382 1.0 23.381346006518903
3 1.0 25.653725024939046
417 1.0 15.908222464211535
440 1.0 31.719953794102054
467 1.3010299956639813 16.1416915500326
470 1.0 23.994543772969674
471 1.4771212547196624 26.179338818270686
490 1.0 18.129559630239218
501 1.0 18.576070342315386
63 1.0 17.343081378405795
669 1.6989700043360187 16.622470868958438
673 1.0 19.039369057845647
674 1.0 18.14076911717772
676 1.0 20.23539889371069
68 1.0 17.554437536932625
69 1.3010299956639813 26.41557398804616
782 1.0 28.8122112955473
805 1.3010299956639813 24.462808310936932
809 1.0 19.258313969819948
82 1.0 16.54101827897147
844 1.4771212547196624 15.562398568103088
850 2.414973347970818 21.84153000413391
853 1.0 16.54101827897147
865 1.7781512503836436 36.420319557775116
867 1.0 20.329143187123556
871 1.3010299956639813 25.16854217073077
875 1.4771212547196624 22.430004022861485
877 1.4771212547196624 22.430004022861485
878 1.0 33.105865818015594
91 2.3222192947339195 21.379518228894476
