1.585026652029182
1 1.3010299956639813 24.099314783282633
348 1.0 18.44095543145629
349 1.0 16.95637498328479
350 1.0 18.249780831901347
351 1.0 19.334505504177955
352 1.0 22.315951883102834
354 1.0 20.162522130165478
355 1.0 20.7163402836389
356 1.0 19.686795467789832
357 2.0413926851582254 16.36239469864959
63 2.0 17.37188739596265
669 1.0 17.756055320837486
670 1.0 16.652523466110832
671 1.0 20.661290750656658
672 1.0 19.607432276969973
673 1.0 17.464006401007527
674 1.0 19.06561234581387
675 1.0 18.16831043775807
676 1.0 19.150858948951786
677 1.0 20.260093000467393
678 1.0 19.909993307821388
679 1.0 17.421072102946884
67 1.0 17.777478226009574
683 2.0 17.37188739596265
684 1.6020599913279625 16.936770172063596
68 1.0 17.582897293622267
