1.1249387366083
188 1.6020599913279625 22.772628792451215
190 1.0 30.967630313961816
193 1.0 17.74702978158316
198 1.4771212547196624 19.930084158480717
1 1.0 24.469666509833758
200 1.3010299956639813 16.645211904679204
208 1.7781512503836436 19.715082278253885
215 1.6020599913279625 16.390784482423456
217 1.0 15.95864382959388
228 1.4771212547196624 19.894315832793946
284 1.6989700043360187 27.31523209193297
2 1.4771212547196624 25.653725024939046
306 1.0 16.600338456632596
334 2.204119982655925 26.57358007912264
340 1.0 20.927824358412284
345 1.0 17.350406766716183
398 1.3010299956639813 31.04754842191709
3 1.4771212547196624 25.653725024939046
401 1.7781512503836436 24.1565533242725
42 1.0 17.338897626616056
43 1.3010299956639813 17.11189632348561
459 1.0 16.318175390056652
478 1.0 16.600338456632596
493 1.4771212547196624 22.45238647455196
497 1.3010299956639813 22.57404561538827
499 2.3010299956639813 27.781754633425805
506 1.0 13.172016182031092
507 1.0 17.338897626616056
508 1.3010299956639813 16.145707035010496
518 1.0 20.682013519960595
536 1.3010299956639813 17.11189632348561
539 1.0 23.34826527667759
543 1.6020599913279625 21.709967055619686
544 1.4771212547196624 16.338553508044296
548 1.4771212547196624 19.647259077738575
549 1.3010299956639813 22.395775493328287
554 1.0 22.40007556792627
562 1.0 23.455333927936188
631 1.0 19.950177336902193
632 1.0 22.247424428787344
647 1.6020599913279625 22.772628792451215
649 1.0 17.74702978158316
652 1.4771212547196624 19.930084158480717
654 1.4771212547196624 22.45238647455196
660 1.3010299956639813 17.15044222388708
66 1.845098040014257 17.276058696601304
671 1.0 19.58191513861614
72 1.0 13.358014637672541
770 1.3010299956639813 31.04754842191709
775 1.7781512503836436 24.1565533242725
776 2.653212513775344 25.809572659595812
777 2.681241237375587 28.5636709471766
778 2.8260748027008264 29.375621062375156
779 2.845098040014257 26.762559621671812
780 2.4313637641589874 28.653172853466874
781 2.681241237375587 24.215767859390553
782 2.5051499783199063 28.8122112955473
801 1.0 16.7176380868533
805 1.0 24.462808310936932
81 1.0 15.73170187126443
820 1.0 30.967630313961816
827 1.3010299956639813 22.57404561538827
828 2.3010299956639813 27.781754633425805
830 1.0 15.73170187126443
86 1.6989700043360187 24.815590935179138
875 1.0 22.430004022861485
877 1.0 22.430004022861485
910 1.3010299956639813 17.02047450238395
911 1.0 13.134002067141946
950 1.3010299956639813 16.33085346902123
952 1.0 25.38787746985513
957 1.6989700043360187 20.46054266240951
958 1.3010299956639813 18.125192411844907
959 1.6020599913279625 20.989047238821517
960 1.3010299956639813 19.164284103879986
