1.1739251972991736
111 1.0 18.8928542926875
112 1.0 16.952806137528757
134 1.0 29.51314963866556
145 1.0 38.43033977941447
146 1.4771212547196624 38.26126400416704
147 1.0 39.718947201261805
152 1.3010299956639813 27.106140088612186
157 1.4771212547196624 40.355627938282694
160 1.3010299956639813 40.68185651929256
161 1.0 29.183057629910973
191 1.0 16.952806137528757
25 1.0 18.14737887225271
275 1.0 20.27889021374396
344 1.0 19.429659374481616
378 1.3010299956639813 24.653480438007165
382 1.0 23.381346006518903
384 1.0 18.637274062594784
386 1.0 21.856373350068075
389 1.0 22.987930278533103
412 1.845098040014257 19.41595254379453
452 1.3010299956639813 19.142693477683043
475 1.0 15.713768088124892
502 1.0 24.947803517854027
572 1.0 34.607198595571596
582 1.0 24.99171329470656
584 1.0 30.950545053399313
627 1.0 15.56115616891949
628 1.0 17.4321572644572
629 1.0 15.448408287851615
630 1.0 16.96541394633868
631 1.0 19.950177336902193
632 1.0 22.247424428787344
633 1.0 20.514540434900287
634 1.0 21.49965573905078
635 1.0 18.02903493564441
636 1.0 15.995025442232151
637 1.0 15.345166756496607
638 1.0 17.972508687822355
677 1.3010299956639813 19.89770402247368
678 1.0 17.392347547587537
683 1.0 16.907222831124663
735 1.0 26.464092456397857
737 1.0 23.235022308206137
741 1.0 21.665271886223913
748 1.0 22.56508767539272
774 1.4771212547196624 20.078881121899666
777 1.4771212547196624 28.5636709471766
779 1.3010299956639813 26.762559621671812
77 1.0 16.876185748875265
780 1.3010299956639813 28.653172853466874
782 1.3010299956639813 28.8122112955473
799 1.4771212547196624 21.750977795505374
800 1.4771212547196624 21.474900607430737
807 1.0 23.916854058840084
812 1.4771212547196624 21.474900607430737
815 1.0 16.876185748875265
821 1.0 16.952806137528757
834 1.3010299956639813 19.359056970763802
861 1.0 13.08594994448978
86 1.0 24.815590935179138
910 1.0 17.02047450238395
923 1.7781512503836436 21.33531539196555
926 1.0 17.117590186266202
933 1.6020599913279625 22.32890278912787
938 1.3010299956639813 17.459496507758143
990 1.0 17.043147830109415
993 1.0 33.541218365030296
