1.7958800173440752
227 1.0 19.245446135136124
234 1.0 18.103713917062354
246 1.0 17.897958254775837
247 1.0 16.339814628149156
334 1.3010299956639813 26.57358007912264
344 1.3010299956639813 19.429659374481616
419 1.3010299956639813 16.410243719356703
431 1.0 20.115404335824383
440 1.0 31.719953794102054
522 1.3010299956639813 19.672274363144883
576 1.0 21.517861792661158
731 1.0 28.951588555136127
746 1.0 22.32660375113389
773 1.0 23.472958228275314
807 1.0 23.916854058840084
809 1.0 19.258313969819948
