1.3098039199714864
187 1.0 25.365184410989947
193 1.0 19.923584188401467
201 1.0 16.675223517292782
208 1.0 18.083445948480012
225 1.0 18.083445948480012
231 1.4771212547196624 19.843697587754125
249 1.4771212547196624 22.75668213035031
250 1.0 21.593723016307443
269 1.0 28.06641091839446
276 1.6989700043360187 20.303531424387252
278 1.0 24.438116936080927
296 1.3010299956639813 21.560794875219035
297 1.0 18.44466466993366
336 1.6989700043360187 27.213017312486674
339 1.0 21.777753188456284
343 1.3010299956639813 22.828476621056783
344 1.0 20.86119657744264
346 1.0 17.379200642449316
369 1.0 13.150466341514642
446 1.0 21.762871720842014
494 1.0 22.47464478924292
499 1.4771212547196624 19.843697587754125
49 1.0 16.36609320638818
51 1.0 16.49843751688567
525 1.0 20.543320381954224
529 1.0 16.631082353314728
532 1.0 19.229822454648716
534 1.0 19.72223251625476
535 1.0 18.139512907437105
577 1.3010299956639813 21.541085769479377
580 1.0 16.49843751688567
593 1.0 18.09585950831236
594 1.0 21.479558238529965
60 1.0 20.310156825129837
649 1.0 19.923584188401467
64 1.0 16.737458178003557
655 1.0 22.47464478924292
656 1.4771212547196624 19.843697587754125
665 1.0 20.62218664974217
712 1.0 16.737458178003557
74 1.0 13.320531335508875
84 1.0 25.365184410989947
85 1.0 20.97110134921298
931 1.0 19.569247311356932
951 1.0 25.40756427571084
954 1.0 20.62218664974217
978 1.0 19.932540595234652
982 1.0 19.85729433713603
986 1.0 21.11229795390388
