1.3279021420642825
1000 1.0 16.797636183579463
197 1.6020599913279625 21.73615837537494
206 1.0 18.054340943557705
23 1.3010299956639813 18.927700473196293
255 1.0 16.359891446453577
256 1.0 16.797636183579463
285 1.4771212547196624 27.333530767834674
2 1.0 25.673207973589584
309 1.0 17.72718103523344
335 1.3010299956639813 26.592389103304416
336 1.0 27.213017312486674
341 1.4771212547196624 20.951702374187988
375 1.0 18.075636329874662
397 1.4771212547196624 34.76173337398946
3 1.0 25.673207973589584
402 1.0 24.177242781351655
417 1.0 18.642503692692046
457 1.0 18.43689483349195
494 1.0 22.47464478924292
500 1.4771212547196624 27.79974623106974
502 1.0 18.60296721930803
510 1.0 21.594628676437562
527 1.6020599913279625 20.61363026869414
567 1.0 23.07027838400899
574 1.7781512503836436 16.969820351885488
613 1.9030899869919435 22.32306959448592
616 1.9030899869919435 23.902881671535816
636 1.0 18.05674668124595
651 1.6020599913279625 21.73615837537494
655 1.0 22.47464478924292
658 1.0 18.054340943557705
671 1.4771212547196624 20.661290750656658
677 1.0 20.260093000467393
678 1.0 19.909993307821388
679 1.0 17.421072102946884
680 1.0 15.775358504069235
682 1.0 18.092716090093774
774 1.9030899869919435 23.139038800697477
777 1.0 24.177242781351655
779 1.6020599913279625 28.58117033955364
780 1.6020599913279625 29.39263705080337
781 1.3010299956639813 26.78123592188267
831 1.4771212547196624 27.79974623106974
891 1.0 17.72718103523344
918 1.0 24.222096258795588
91 1.6020599913279625 21.73615837537494
999 1.0 16.359891446453577
