1.207608310501746
374 1.0 15.477325925939487
375 1.6989700043360187 18.075636329874662
376 1.0 15.261482973215074
391 1.0 15.480475837789893
392 1.0 14.967448726783925
393 1.0 14.318131975422032
394 1.0 15.748925436938276
395 1.0 13.531011945826444
396 1.0 14.792239883501855
397 1.4771212547196624 34.76173337398946
398 1.0 15.625142616904517
399 1.0 31.06364857854412
400 1.0 19.159509087472838
401 1.0 14.1192438041068
402 1.0 24.177242781351655
403 1.0 16.399120626275778
404 1.0 13.537910047380134
44 1.0 15.731627971229939
457 1.9542425094393248 18.43689483349195
47 1.6020599913279625 19.549619832587243
482 1.4771212547196624 19.755861749534457
564 1.0 15.731627971229939
727 1.0 15.480475837789893
728 1.0 14.967448726783925
729 1.0 15.185308978301347
730 1.0 15.234951641878837
733 1.0 24.09659662047416
744 1.0 15.477325925939487
745 1.0 15.833985711967152
75 1.0 15.477325925939487
76 1.0 13.496408423001172
770 1.0 15.625142616904517
771 1.0 19.405549325281637
772 1.0 31.06364857854412
773 1.0 25.098242467704086
774 1.0 23.139038800697477
777 1.0 24.177242781351655
778 1.0 25.828938051552868
779 1.0 28.58117033955364
780 1.0 29.39263705080337
781 1.0 26.78123592188267
782 1.0 28.670617617530514
783 1.0 24.23640676791617
784 1.0 28.829559825624525
785 1.0 15.098695198629603
786 1.0 16.457876252502427
787 1.0 16.369818376127807
788 1.0 16.704463784263226
789 1.0 16.883045284589098
790 1.0 16.472332298017896
791 1.0 16.278477087768408
792 1.0 16.385978603831017
793 1.0 15.060853163657614
794 1.0 15.329372186555613
795 1.0 15.316040163704834
796 1.0 15.424216864581213
797 1.0 13.507993834748705
798 1.0 16.44666201427546
799 1.0 17.71515186844221
800 1.0 19.870179928383198
81 1.0 15.777603950735331
832 1.0 15.777603950735331
