1.4814860601221125
160 1.0 40.68185651929256
175 1.3010299956639813 22.356903676375765
238 1.3010299956639813 16.834808931146938
262 1.3010299956639813 21.133916878571615
265 1.0 23.98572466518575
285 1.0 30.562929415100232
332 1.0 24.231012577485338
374 1.6020599913279625 18.047953588423393
396 1.4771212547196624 34.747346764383785
398 1.0 31.04754842191709
401 1.3010299956639813 24.1565533242725
435 1.0 18.127861733361883
509 1.9542425094393248 21.57146234433863
519 1.3010299956639813 25.19479562289961
552 1.7781512503836436 20.441020454368555
560 1.0 26.176582993590046
562 1.0 23.455333927936188
565 1.0 24.415044307928472
566 1.6020599913279625 23.04859528725498
592 1.0 18.068207751312215
673 1.0 19.039369057845647
67 1.0 17.749330468393577
770 1.0 31.04754842191709
775 1.3010299956639813 24.1565533242725
776 1.3010299956639813 25.809572659595812
777 1.3010299956639813 28.5636709471766
778 1.3010299956639813 29.375621062375156
779 1.3010299956639813 26.762559621671812
780 1.3010299956639813 28.653172853466874
781 1.3010299956639813 24.215767859390553
782 1.3010299956639813 28.8122112955473
918 1.7781512503836436 21.05942217315108
919 1.0 24.20144514632048
