1.3767507096020994
1000 1.0 16.797636183579463
114 1.0 16.193892293870782
192 1.0 16.982274168574502
254 1.0 16.42690925065229
255 1.0 16.359891446453577
256 1.0 16.797636183579463
304 1.0 16.616668083737665
305 1.0 17.98399116678101
306 1.0 18.739668070348888
307 1.0 16.630431048976302
308 1.0 18.477335563541324
311 1.0 18.601480963958362
317 1.0 16.431343755560334
478 1.0 16.265225052820202
613 1.3010299956639813 22.32306959448592
615 1.0 17.287230481631443
616 1.4771212547196624 23.902881671535816
618 1.0 16.289314548847216
620 1.0 16.033724637658167
621 1.0 15.932112845694121
623 1.0 16.32959493311789
625 1.0 16.28000849899647
629 1.0 17.460816329506702
632 1.3010299956639813 19.9752240481514
633 1.4771212547196624 22.269887599954423
634 1.0 20.53889892996114
639 1.0 18.00030745664779
824 1.0 16.982274168574502
883 1.0 16.982274168574502
885 1.0 16.616668083737665
886 1.0 17.98399116678101
887 1.0 18.739668070348888
888 1.0 16.630431048976302
890 1.0 18.477335563541324
894 1.0 16.898218574553624
918 1.3010299956639813 24.222096258795588
942 1.3010299956639813 19.45006435459591
985 1.0 20.023207099137547
994 1.0 16.371703937607325
995 1.0 16.320376040179806
998 1.0 16.42690925065229
999 1.0 16.359891446453577
