1.5528419686577808
110 1.0 16.382580531642766
111 1.0 16.152248564614663
112 1.0 16.283682408859754
114 1.0 16.193892293870782
252 1.0 15.94853123487721
285 1.0 27.333530767834674
308 1.6020599913279625 18.477335563541324
309 1.3010299956639813 17.72718103523344
310 1.0 16.384505338266393
317 1.0 16.431343755560334
478 1.0 16.265225052820202
479 1.0 16.116413501007873
480 1.0 16.113389796665334
578 1.0 16.152119214909096
612 1.0 16.40190763707712
617 1.0 16.314388963414707
618 1.0 16.289314548847216
619 1.0 16.011110159818838
620 1.0 16.033724637658167
622 1.0 16.21874466519853
625 1.0 16.28000849899647
890 1.6020599913279625 18.477335563541324
891 1.3010299956639813 17.72718103523344
892 1.0 16.384505338266393
945 1.0 16.481630601170867
962 1.0 17.046701400697756
995 1.0 16.320376040179806
996 1.0 15.94853123487721
