1.1739251972991736
105 1.0 21.33892101876266
158 1.0 40.36801588254125
16 1.4771212547196624 8.172443325071848
186 1.0 17.074068216246978
190 1.6020599913279625 20.72132492096882
191 1.3010299956639813 30.983771998615772
192 1.0 16.982274168574502
228 1.0 19.271408794907185
240 1.3010299956639813 15.060097196541419
261 1.4771212547196624 40.472400145134394
379 1.0 24.673753214847594
380 1.0 15.615254870204684
381 1.0 17.128445544541883
383 1.0 23.402720804995248
387 1.0 21.87923801272718
389 1.0 17.411970458585486
390 1.0 23.009670542854348
402 1.0 24.177242781351655
459 1.0 24.541701226408268
495 1.0 16.86418674665899
497 1.0 21.557388215952543
516 1.0 20.36682894213624
556 1.3010299956639813 21.34923713779162
559 1.3010299956639813 21.174473649853873
560 1.4771212547196624 32.40746376373745
585 1.3010299956639813 30.96669564390913
629 1.0 17.460816329506702
631 1.0 16.9948601162417
632 1.4771212547196624 19.9752240481514
633 1.6989700043360187 22.269887599954423
634 1.4771212547196624 20.53889892996114
636 1.0 18.05674668124595
732 1.6989700043360187 28.96885361670166
733 1.0 24.09659662047416
734 1.0 16.710350266628105
735 1.0 14.99808583605626
736 1.0 26.48297924216182
738 1.0 23.256531591422583
742 1.3010299956639813 21.68833801617828
747 1.0 22.34898733858306
751 1.0 24.759982935078224
752 1.0 15.72129036276342
754 1.0 21.72844942797455
755 1.3010299956639813 14.781725528038374
776 1.0 20.10376748540877
777 1.0 24.177242781351655
778 1.0 25.828938051552868
779 1.0 28.58117033955364
780 1.0 29.39263705080337
781 1.0 26.78123592188267
782 1.0 28.670617617530514
783 1.0 24.23640676791617
784 1.0 28.829559825624525
822 1.6020599913279625 20.72132492096882
823 1.3010299956639813 30.983771998615772
824 1.0 16.982274168574502
829 1.0 21.557388215952543
836 1.4771212547196624 19.384867469169826
854 1.0 20.336569559735775
869 1.0 20.353723559156737
882 1.3010299956639813 18.91930081490118
883 1.0 16.982274168574502
884 1.0 16.86418674665899
889 1.0 17.074068216246978
902 1.0 16.786437281709325
909 1.0 17.04982557935131
980 1.0 18.174623439227215
