1.0555173278498313
122 1.0 25.99704858881334
132 1.0 31.9240224086541
170 1.0 16.92269399053892
171 1.7781512503836436 17.299828196424077
173 1.4771212547196624 18.85938858887468
175 1.0 18.88811507135678
176 1.9030899869919435 22.379256958057034
189 1.4771212547196624 22.794574400913437
197 1.0 21.73615837537494
19 1.0 22.906892828979473
223 1.0 19.5018082949504
259 1.0 34.168322910342354
260 1.7781512503836436 27.085761995614487
261 1.9542425094393248 40.472400145134394
263 1.4771212547196624 21.157562303591927
264 1.0 18.98771976077981
265 1.3010299956639813 16.744108528521995
270 2.5185139398778875 26.10422328297102
271 1.3010299956639813 27.296216475399984
290 1.0 19.344122607461724
325 1.4771212547196624 15.755311297820837
326 1.6020599913279625 26.265110333168654
328 1.0 32.88047364596294
331 1.4771212547196624 26.442768047844584
332 1.4771212547196624 26.156648054217282
333 1.6020599913279625 24.251638512278973
334 1.0 14.366023473538
347 1.0 14.556617982255124
349 1.3010299956639813 16.95637498328479
352 1.0 22.315951883102834
358 1.0 15.03049511803453
38 1.0 15.275369084039284
397 1.0 34.76173337398946
399 1.0 31.06364857854412
412 1.7781512503836436 21.758302257583633
413 1.0 19.441687508621293
421 2.079181246047625 22.714705200606023
431 1.0 21.076784861203542
433 1.0 24.68064648083747
435 1.0 24.468548355039516
459 1.4771212547196624 24.541701226408268
493 1.0 15.275369084039284
4 1.0 14.41280745587774
504 1.0 18.391649858504977
512 1.3010299956639813 21.108817330045582
527 1.0 20.61363026869414
556 2.278753600952829 21.34923713779162
559 2.255272505103306 21.174473649853873
570 1.0 35.00523577088447
571 1.6020599913279625 19.508904785615407
57 1.6020599913279625 16.169816605433944
581 1.6020599913279625 25.541293855592556
582 2.1760912590556813 26.849702075967517
584 1.3010299956639813 23.292766275876946
585 1.3010299956639813 30.96669564390913
641 1.0 14.171141946750199
645 1.6020599913279625 16.169816605433944
648 1.4771212547196624 22.794574400913437
651 1.0 21.73615837537494
662 1.9030899869919435 19.61461115210067
669 1.3010299956639813 17.756055320837486
66 1.0 17.304976281070527
672 1.0 19.607432276969973
674 1.3010299956639813 19.06561234581387
675 1.0 18.16831043775807
677 1.0 20.260093000467393
679 1.0 17.421072102946884
682 1.0 18.092716090093774
685 1.0 17.991995194459328
686 1.0 17.204501418003492
687 1.4771212547196624 17.191449064838324
689 1.0 16.394314216462067
693 1.3010299956639813 16.43520777799439
694 1.0 18.13228138623654
772 1.0 31.06364857854412
77 1.0 16.90578733542276
793 1.0 15.060853163657614
807 1.0 24.483238969908477
817 1.0 16.90578733542276
821 1.0 19.344122607461724
83 1.0 16.202098073055122
898 1.0 14.029360356309446
899 1.0 14.135030468925212
900 1.0 13.961964508318792
90 1.9030899869919435 17.747677710827986
91 1.0 21.73615837537494
935 1.4771212547196624 21.549494779071786
947 1.3010299956639813 19.409288369513817
