1.3872161432802645
132 1.0 31.9240224086541
133 1.0 31.18619433249154
137 1.4771212547196624 22.922196064917607
138 1.6020599913279625 22.291356872514033
139 1.0 17.437449700363672
141 1.0 22.083311659467373
142 1.3010299956639813 19.04038571666816
143 1.0 21.629493927449314
144 1.7781512503836436 19.628955678670632
150 1.0 30.64451579794581
154 1.0 38.92312411360697
155 1.0 39.65608647202028
156 1.7781512503836436 32.80078913912944
158 1.6989700043360187 40.36801588254125
159 1.6020599913279625 34.663276209978875
160 1.0 33.51414632402991
161 2.113943352306837 40.68786868352573
162 1.3010299956639813 29.200185832126223
163 1.6020599913279625 27.444701699266258
164 1.845098040014257 29.060873897358988
23 1.0 18.927700473196293
335 1.3010299956639813 26.592389103304416
379 1.3010299956639813 24.673753214847594
383 1.0 23.402720804995248
390 1.0 23.009670542854348
489 1.3010299956639813 18.813161782127867
578 1.0 16.152119214909096
633 1.0 22.269887599954423
738 1.0 23.256531591422583
749 1.0 22.58723493033533
750 1.0 20.234721635985533
773 1.0 25.098242467704086
778 1.3010299956639813 25.828938051552868
779 1.0 28.58117033955364
780 1.3010299956639813 29.39263705080337
781 1.6020599913279625 26.78123592188267
782 1.0 28.670617617530514
783 1.3010299956639813 24.23640676791617
809 1.0 23.93775068948324
938 1.3010299956639813 17.906540871879564
94 1.0 40.42228834338309
