1.3979400086720377
132 1.0 31.9240224086541
133 1.0 31.18619433249154
135 1.0 29.53008637972915
136 1.0 23.748484428238577
142 1.4771212547196624 19.04038571666816
144 1.6020599913279625 19.628955678670632
154 1.0 38.92312411360697
161 1.9030899869919435 40.68786868352573
186 1.0 17.074068216246978
22 1.0 20.042266187907835
315 1.3010299956639813 16.06942654142066
320 1.0 14.004614743358394
321 1.0 14.004614743358394
324 1.0 14.075838664530483
383 1.0 23.402720804995248
387 1.0 21.87923801272718
389 1.0 17.411970458585486
390 1.0 23.009670542854348
482 1.0 19.755861749534457
489 1.0 18.813161782127867
547 1.3010299956639813 20.421608203426736
56 1.0 16.039861561383614
626 1.0 16.039861561383614
641 1.0 14.171141946750199
642 1.0 13.861069010357436
736 1.3010299956639813 26.48297924216182
738 1.3010299956639813 23.256531591422583
741 1.0 16.52566545054529
742 1.0 21.68833801617828
749 1.0 22.58723493033533
750 1.0 20.234721635985533
780 1.3010299956639813 29.39263705080337
781 1.4771212547196624 26.78123592188267
782 1.3010299956639813 28.670617617530514
783 1.3010299956639813 24.23640676791617
889 1.0 17.074068216246978
897 1.0 15.971940710676494
909 1.0 17.04982557935131
947 1.0 19.409288369513817
976 1.0 19.12532909112134
