1.8239087409443189
170 1.3010299956639813 16.92269399053892
244 1.3010299956639813 25.829961126625353
335 1.6020599913279625 26.592389103304416
338 1.3010299956639813 25.829961126625353
379 1.0 24.673753214847594
436 1.3010299956639813 18.15542263413017
640 1.0 16.590546453751475
736 1.0 26.48297924216182
738 1.0 23.256531591422583
779 1.0 28.58117033955364
782 1.0 28.670617617530514
836 1.0 19.384867469169826
87 1.3010299956639813 24.835731385689954
935 1.0 21.549494779071786
943 1.3010299956639813 19.402058534341666
