1.6777807052660807
148 1.0 39.73153365749456
205 1.0 18.460464588544884
213 1.0 19.298818028563065
232 1.0 18.460464588544884
259 1.0 34.168322910342354
275 1.0 17.353484581504098
327 1.0 21.408537178610665
328 1.3010299956639813 32.88047364596294
329 1.4771212547196624 24.220820861806594
330 1.3010299956639813 25.015154858124397
353 1.3010299956639813 25.406505472371265
47 1.0 19.549619832587243
657 1.0 18.460464588544884
69 1.3010299956639813 26.43449543906486
778 1.3010299956639813 25.828938051552868
780 1.0 29.39263705080337
784 1.0 28.829559825624525
869 1.3010299956639813 20.353723559156737
911 1.0 21.53343177229172
947 1.3010299956639813 19.409288369513817
992 1.0 33.556122085405605
