1.3565473235138126
137 1.0 22.26891535791042
148 1.0 36.70053413239285
153 1.0 38.91027615891787
157 1.0 40.355627938282694
158 1.0 34.64884871982456
160 1.0 40.68185651929256
169 1.0 16.893122029317794
185 1.0 17.044758885154558
210 1.0 19.851353724768064
222 1.0 19.47615277135082
230 1.0 19.818484653329044
235 1.0 23.489746840008912
243 1.0 25.8105965022697
288 1.3010299956639813 19.392382017280667
317 1.0 15.824754366327694
324 1.0 15.723543941848508
334 1.0 26.57358007912264
337 1.0 25.8105965022697
341 1.3010299956639813 19.392382017280667
344 1.3010299956639813 19.429659374481616
378 1.6020599913279625 24.653480438007165
386 1.0 21.856373350068075
435 1.0 18.127861733361883
479 1.0 17.044758885154558
485 1.0 18.6714979484428
498 1.0 19.818484653329044
523 1.0 18.160502520733715
543 1.3010299956639813 21.709967055619686
578 1.0 17.196077893890912
619 1.3010299956639813 16.002509983007247
655 1.0 19.818484653329044
735 1.3010299956639813 26.464092456397857
737 1.3010299956639813 23.235022308206137
774 1.3010299956639813 20.078881121899666
776 1.0 25.809572659595812
779 1.0 26.762559621671812
782 1.3010299956639813 28.8122112955473
86 1.3010299956639813 24.815590935179138
909 1.0 18.220820409533506
936 1.0 21.526279874452115
93 1.3010299956639813 40.4099170367325
947 1.3010299956639813 19.45698562548774
948 1.0 19.383510389270164
951 1.0 16.18204005064504
