1.4559319556497243
133 1.0 31.18619433249154
135 1.3010299956639813 29.53008637972915
140 1.0 21.068838098294076
143 1.0 21.629493927449314
146 1.9030899869919435 38.443348131520054
147 2.0413926851582254 38.27432982034523
148 2.113943352306837 39.73153365749456
149 1.3010299956639813 36.714155384577936
150 1.0 30.64451579794581
151 1.3010299956639813 28.69713041845068
153 1.3010299956639813 27.124579821694358
154 1.0 38.92312411360697
155 1.6020599913279625 39.65608647202028
156 1.3010299956639813 32.80078913912944
157 1.3010299956639813 27.318575173705053
158 1.6020599913279625 40.36801588254125
159 1.4771212547196624 34.663276209978875
161 1.845098040014257 40.68786868352573
162 1.4771212547196624 29.200185832126223
163 1.0 27.444701699266258
21 1.3010299956639813 18.049400889846094
379 1.0 24.673753214847594
383 1.0 23.402720804995248
390 1.0 23.009670542854348
402 1.6020599913279625 24.177242781351655
436 1.0 18.15542263413017
594 1.0 21.479558238529965
732 1.0 28.96885361670166
742 1.0 21.68833801617828
749 1.0 22.58723493033533
750 1.0 20.234721635985533
773 1.0 25.098242467704086
777 1.6020599913279625 24.177242781351655
94 1.3010299956639813 40.42228834338309
982 1.4771212547196624 19.85729433713603
