1.337242168318426
135 1.0 29.53008637972915
136 1.0 23.748484428238577
141 1.3010299956639813 22.083311659467373
143 1.0 21.629493927449314
144 1.0 19.628955678670632
146 1.7781512503836436 38.443348131520054
147 1.3010299956639813 38.27432982034523
148 1.0 39.73153365749456
149 1.3010299956639813 36.714155384577936
154 1.4771212547196624 38.92312411360697
155 1.3010299956639813 39.65608647202028
162 2.1760912590556813 29.200185832126223
163 1.7781512503836436 27.444701699266258
164 1.845098040014257 29.060873897358988
187 1.0 25.365184410989947
193 1.0 19.923584188401467
205 1.0 18.460464588544884
206 1.0 18.054340943557705
22 1.0 20.042266187907835
232 1.0 18.460464588544884
321 1.0 14.004614743358394
324 1.0 14.075838664530483
325 1.0 15.755311297820837
379 1.3010299956639813 24.673753214847594
387 1.0 21.87923801272718
399 1.0 31.06364857854412
487 1.0 19.112909051912595
539 1.3010299956639813 20.581818087864594
544 1.3010299956639813 21.7329857487666
546 1.3010299956639813 23.31908484052949
641 1.0 14.171141946750199
642 1.0 13.861069010357436
646 1.0 21.019109611528222
649 1.0 19.923584188401467
657 1.0 18.460464588544884
658 1.0 18.054340943557705
742 1.0 21.68833801617828
749 1.0 22.58723493033533
750 1.3010299956639813 20.234721635985533
772 1.0 31.06364857854412
781 1.0 26.78123592188267
784 1.4771212547196624 28.829559825624525
84 1.0 25.365184410989947
85 1.0 20.97110134921298
94 1.0 40.42228834338309
980 1.0 18.174623439227215
