0.826813731587726
1000 1.4771212547196624 16.797636183579463
110 1.0 16.382580531642766
111 1.0 16.152248564614663
112 1.0 16.283682408859754
132 1.0 31.9240224086541
133 1.6989700043360187 31.18619433249154
140 1.6989700043360187 21.068838098294076
141 1.4771212547196624 22.083311659467373
150 1.0 30.64451579794581
155 1.0 39.65608647202028
157 1.0 27.318575173705053
161 1.3010299956639813 40.68786868352573
163 1.6989700043360187 27.444701699266258
168 1.0 12.90842531252077
169 1.0 12.915468681006955
174 1.6989700043360187 25.443847031718235
185 1.0 24.640160608655044
189 1.0 22.794574400913437
191 1.0 30.983771998615772
193 1.0 19.923584188401467
199 1.0 19.95515608969582
200 1.0 22.625506653399253
212 1.6020599913279625 22.053003739358804
220 1.3010299956639813 15.886881268828224
223 1.0 19.5018082949504
229 1.0 19.919432784468437
230 1.0 22.625506653399253
244 1.6989700043360187 25.829961126625353
247 1.0 17.92587263398071
256 1.4771212547196624 16.797636183579463
258 1.6989700043360187 32.05900432440354
259 2.278753600952829 34.168322910342354
26 1.0 18.64575497280853
276 1.0 20.303531424387252
279 2.0413926851582254 17.734346218217127
291 1.3010299956639813 17.88610079038451
297 1.0 18.44466466993366
302 1.4771212547196624 15.880314132670478
306 1.0 18.739668070348888
309 1.0 17.72718103523344
310 1.0 16.384505338266393
311 1.845098040014257 18.601480963958362
316 1.0 16.866249934906318
322 1.3010299956639813 19.415200818214007
323 1.0 19.99450022605915
327 1.0 21.408537178610665
328 1.6020599913279625 32.88047364596294
330 1.0 25.015154858124397
336 1.6020599913279625 27.213017312486674
338 1.6989700043360187 25.829961126625353
343 1.3010299956639813 22.828476621056783
344 1.0 20.86119657744264
34 1.3010299956639813 13.653339430783065
351 1.0 19.334505504177955
372 1.3010299956639813 16.799196227548762
375 1.0 18.075636329874662
379 1.3010299956639813 24.673753214847594
397 2.230448921378274 34.76173337398946
399 1.0 31.06364857854412
433 1.0 24.68064648083747
434 1.3010299956639813 26.054272842923844
435 1.0 24.468548355039516
437 1.4771212547196624 16.518134272484215
438 1.4771212547196624 16.53113721916283
441 1.4771212547196624 31.735712827979288
444 1.3010299956639813 29.526890635247195
445 1.0 16.923811634708713
446 1.6020599913279625 21.762871720842014
478 1.0 16.265225052820202
481 1.0 15.708611586019918
495 1.0 16.86418674665899
501 1.0 24.640160608655044
515 1.0 23.20380250236597
520 1.3010299956639813 25.214633181541256
521 1.0 15.124311784902089
527 1.0 20.61363026869414
535 1.0 18.139512907437105
53 1.0 15.516879946428599
54 1.0 16.35174061696333
553 1.3010299956639813 20.46546645488232
554 1.0 17.95037467412827
555 1.0 22.42238581080986
558 1.0 29.49056558466878
563 1.3010299956639813 23.476641362660768
565 1.0 25.067378635529828
566 1.4771212547196624 24.435514902659826
572 1.0 29.842988809469816
573 1.6020599913279625 34.62164344212061
577 1.0 21.541085769479377
586 1.0 15.516879946428599
589 1.0 16.35174061696333
597 1.6989700043360187 19.996338987916545
598 1.9030899869919435 19.920097781606806
599 1.0 12.932211177895763
60 1.0 20.310156825129837
611 1.0 16.956306990360925
612 1.0 16.40190763707712
613 1.7781512503836436 22.32306959448592
615 1.0 17.287230481631443
616 1.9542425094393248 23.902881671535816
617 1.0 16.314388963414707
624 1.4771212547196624 16.49972484873875
629 1.0 17.460816329506702
631 1.3010299956639813 16.9948601162417
632 1.845098040014257 19.9752240481514
633 2.113943352306837 22.269887599954423
634 1.6989700043360187 20.53889892996114
635 1.4771212547196624 21.5228993608598
648 1.0 22.794574400913437
649 1.0 19.923584188401467
653 1.0 19.95515608969582
654 1.0 22.625506653399253
667 1.0 20.441369254248713
668 1.0 16.496123636808157
680 1.0 15.775358504069235
681 1.0 17.041421373778608
706 1.0 13.12410324363886
709 1.0 13.047685080108735
736 1.0 26.48297924216182
738 1.0 23.256531591422583
772 1.0 31.06364857854412
774 1.0 23.139038800697477
775 1.0 23.494249679152507
776 1.4771212547196624 20.10376748540877
780 1.3010299956639813 29.39263705080337
782 1.7781512503836436 28.670617617530514
807 1.0 24.483238969908477
811 1.0 19.284259305458484
823 1.0 30.983771998615772
884 1.0 16.86418674665899
887 1.0 18.739668070348888
891 1.0 17.72718103523344
892 1.0 16.384505338266393
894 1.4771212547196624 16.898218574553624
911 1.0 21.53343177229172
916 1.0 20.322029692038072
917 1.3010299956639813 21.083151146519995
926 1.0 15.604094532541186
932 1.4771212547196624 22.35128407421646
93 1.0 19.110011561305157
951 1.0 25.40756427571084
955 1.3010299956639813 19.358190264880896
960 1.3010299956639813 20.844073091142132
964 1.0 15.603652384930466
972 1.0 19.608298803683244
976 1.3010299956639813 19.12532909112134
977 1.3010299956639813 17.376734020918096
981 1.0 19.04032511818754
984 1.0 17.695911660502205
