1.2218487496163564
193 1.0 19.923584188401467
197 1.3010299956639813 21.73615837537494
208 1.0 18.083445948480012
216 1.3010299956639813 16.421261094972383
225 1.0 18.083445948480012
236 1.0 23.511023087218234
274 1.0 16.400153272087692
296 1.0 21.560794875219035
322 1.0 19.415200818214007
335 1.3010299956639813 26.592389103304416
348 1.0 18.44095543145629
349 1.4771212547196624 16.95637498328479
350 1.0 18.249780831901347
351 1.0 19.334505504177955
352 1.0 22.315951883102834
354 1.0 20.162522130165478
355 1.0 20.7163402836389
356 1.0 19.686795467789832
358 1.0 15.03049511803453
469 1.0 13.756353540188055
519 1.0 20.706175002637085
520 1.3010299956639813 25.214633181541256
523 1.0 19.697674446970826
528 1.6020599913279625 21.12339116570097
545 1.0 16.369127366332837
566 1.0 24.435514902659826
649 1.0 19.923584188401467
651 1.3010299956639813 21.73615837537494
667 1.0 20.441369254248713
669 1.3010299956639813 17.756055320837486
670 1.0 16.652523466110832
671 1.0 20.661290750656658
672 1.3010299956639813 19.607432276969973
673 1.0 17.464006401007527
674 1.0 19.06561234581387
675 1.0 18.16831043775807
676 1.0 19.150858948951786
677 1.0 20.260093000467393
678 1.0 19.909993307821388
679 1.0 17.421072102946884
67 1.0 17.777478226009574
681 1.3010299956639813 17.041421373778608
685 1.0 17.991995194459328
686 1.0 17.204501418003492
689 1.0 16.394314216462067
68 1.0 17.582897293622267
691 1.0 20.252883122476465
693 1.4771212547196624 16.43520777799439
694 1.0 18.13228138623654
807 1.6020599913279625 24.483238969908477
808 1.4771212547196624 27.292695599132404
816 1.4771212547196624 26.40168560543113
854 1.3010299956639813 20.336569559735775
856 1.0 17.292029554288533
858 1.3010299956639813 13.737800952945475
859 1.3010299956639813 17.03148242460064
91 1.3010299956639813 21.73615837537494
951 1.0 25.40756427571084
960 1.0 20.844073091142132
985 1.0 20.023207099137547
