1.6989700043360187
115 1.3010299956639813 17.956167137974
235 1.3010299956639813 23.489746840008912
284 1.0 27.31523209193297
304 1.3010299956639813 17.956167137974
398 1.0 31.04754842191709
513 1.3010299956639813 18.984876032460487
514 1.0 23.1822442953396
549 1.0 22.395775493328287
570 1.0 19.48325860666556
572 1.0 34.607198595571596
584 1.0 30.950545053399313
662 1.4771212547196624 19.41917384237332
731 1.0 28.951588555136127
732 1.0 24.075837860598885
733 1.0 16.680401854673583
750 1.3010299956639813 24.739780818458456
751 1.0 15.689454122764054
753 1.3010299956639813 21.70542592404138
770 1.0 31.04754842191709
7 1.0 20.637992374919182
