1.2006594505464183
114 1.0 16.58655052158543
175 1.0 22.356903676375765
186 1.0 25.345464687070297
192 1.0 19.898472476859148
194 1.0 16.794834479301993
195 1.0 16.794834479301993
213 1.0 18.016798133940682
237 1.0 17.76548249061496
238 1.0 16.834808931146938
239 1.0 15.026860203291795
241 1.4771212547196624 20.323087997959746
252 1.0 16.401453406092962
257 1.0 32.04340428656301
273 1.3010299956639813 16.369637361529076
303 1.0 16.58655052158543
305 1.3010299956639813 18.712967679843132
306 1.0 16.600338456632596
311 1.3010299956639813 16.33409561676385
312 1.0 16.2406870095727
314 1.0 16.038281372083322
315 1.0 16.836578834986856
316 1.0 16.400885878921038
335 1.0 27.194637545841633
371 1.0 16.769406485969878
374 1.0 18.047953588423393
396 1.0 34.747346764383785
398 1.3010299956639813 31.04754842191709
455 1.0 18.409755324317654
477 1.3010299956639813 18.712967679843132
478 1.0 16.600338456632596
497 1.0 22.57404561538827
519 1.6020599913279625 25.19479562289961
524 1.0 20.518967135692183
533 1.3010299956639813 19.696864101303447
538 1.0 20.55751044757001
559 1.0 32.39203154477896
574 1.4771212547196624 16.601117775791995
577 1.0 16.12113380419118
613 1.0 16.24635806045507
614 1.3010299956639813 17.258283162732244
621 1.0 16.187886783484302
622 1.0 16.29894691934756
623 1.0 16.469393434006214
624 1.0 16.24926695969382
62 1.4771212547196624 20.323087997959746
634 1.0 21.49965573905078
645 1.3010299956639813 20.99530825830948
648 1.0 19.898472476859148
710 1.0 12.854652307615794
750 1.0 24.739780818458456
770 1.3010299956639813 31.04754842191709
772 1.0 23.117420198200822
823 1.0 16.794834479301993
827 1.0 22.57404561538827
83 1.0 25.345464687070297
884 1.3010299956639813 16.33409561676385
885 1.0 16.2406870095727
887 1.0 16.038281372083322
888 1.0 16.836578834986856
989 1.0 18.267442413672814
995 1.0 16.341134900020474
996 1.0 16.28971068168109
998 1.0 16.401453406092962
