1.6197887582883939
111 1.3010299956639813 18.8928542926875
160 1.3010299956639813 40.68185651929256
173 1.7781512503836436 25.424188320838816
185 1.0 17.044758885154558
187 1.3010299956639813 18.36761931536485
396 1.6020599913279625 34.747346764383785
438 1.0 16.11979502108222
439 1.0 16.057639662220197
440 1.4771212547196624 31.719953794102054
443 1.3010299956639813 29.509952060039822
479 1.0 17.044758885154558
499 1.0 27.781754633425805
505 1.3010299956639813 20.09259021626153
509 1.0 21.57146234433863
513 1.0 18.984876032460487
562 1.0 23.455333927936188
570 1.3010299956639813 19.48325860666556
572 2.5314789170422554 34.607198595571596
773 1.3010299956639813 23.472958228275314
774 1.0 20.078881121899666
817 1.3010299956639813 18.36761931536485
828 1.0 27.781754633425805
931 1.3010299956639813 22.349952035011718
934 1.0 19.043662363227906
