1.431798275933005
193 1.0 17.74702978158316
210 1.845098040014257 19.851353724768064
258 1.0 34.15368633845293
262 1.845098040014257 21.133916878571615
284 1.0 27.31523209193297
289 1.3010299956639813 19.318257671242296
290 1.3010299956639813 17.858124243150325
291 1.6020599913279625 16.58416436051082
294 1.0 18.739543300973466
305 1.0 18.712967679843132
445 1.3010299956639813 21.739884671677192
446 1.4771212547196624 17.40906918615375
447 1.6020599913279625 18.6211653234297
448 1.0 16.101960150219295
449 1.0 15.973339287977442
450 1.0 15.76538963474183
477 1.0 18.712967679843132
493 1.0 22.45238647455196
503 1.6989700043360187 18.364443485111277
531 1.0 19.203803572139346
532 1.0 15.834509410850428
534 1.3010299956639813 18.11192779687125
591 1.7781512503836436 15.92624199010319
593 1.0 21.456267665239462
597 1.0 19.894981669475758
599 1.3010299956639813 18.573663222245116
649 1.0 17.74702978158316
654 1.0 22.45238647455196
808 1.0 15.067523577769435
818 1.3010299956639813 19.318257671242296
822 1.6020599913279625 16.58416436051082
967 1.3010299956639813 20.350189453749287
972 1.6989700043360187 19.669462220826514
975 1.4771212547196624 17.854534961736917
979 1.3010299956639813 19.907440181516993
980 1.0 17.619733479266785
991 1.9542425094393248 19.241200976831678
