1.3665315444204134
109 1.6020599913279625 19.715945972128416
172 1.4771212547196624 18.832857933573873
194 1.3010299956639813 16.794834479301993
195 1.3010299956639813 16.794834479301993
1 1.0 24.469666509833758
201 1.0 16.17188991882234
239 1.4771212547196624 15.026860203291795
283 1.0 15.990191960562015
396 1.7781512503836436 34.747346764383785
41 1.3010299956639813 20.87407005016222
438 1.6020599913279625 16.11979502108222
439 1.6020599913279625 16.057639662220197
453 1.6020599913279625 15.044342067483518
455 1.6989700043360187 18.409755324317654
456 1.4771212547196624 17.667086492329588
483 1.0 16.072305173973206
497 1.6020599913279625 22.57404561538827
508 1.0 16.145707035010496
514 1.0 23.1822442953396
519 1.4771212547196624 25.19479562289961
520 1.0 15.091216218944323
521 1.3010299956639813 16.13648804769188
551 1.0 21.162559580914515
552 1.6020599913279625 20.441020454368555
565 1.0 24.415044307928472
572 1.0 34.607198595571596
628 1.845098040014257 17.4321572644572
631 1.845098040014257 19.950177336902193
81 1.4771212547196624 15.73170187126443
823 1.3010299956639813 16.794834479301993
827 1.6020599913279625 22.57404561538827
830 1.4771212547196624 15.73170187126443
880 1.6020599913279625 15.076218839772537
882 1.6989700043360187 15.650130639830621
894 1.0 16.508326051842978
909 1.4771212547196624 18.220820409533506
914 1.3010299956639813 18.44622626314255
918 1.6020599913279625 21.05942217315108
922 1.4771212547196624 16.34273553368784
927 1.0 15.57201869317147
928 1.3010299956639813 18.737561566460872
962 1.0 18.888396882406173
99 1.0 16.508326051842978
