1.8239087409443189
174 1.3010299956639813 25.443847031718235
221 1.0 14.929399151330296
348 1.0 18.44095543145629
431 1.3010299956639813 21.076784861203542
433 1.3010299956639813 24.68064648083747
435 1.3010299956639813 24.468548355039516
44 1.0 15.731627971229939
510 1.0 21.594628676437562
516 1.3010299956639813 20.36682894213624
556 1.0 21.34923713779162
564 1.0 15.731627971229939
570 1.0 35.00523577088447
571 2.230448921378274 19.508904785615407
677 1.0 20.260093000467393
732 1.3010299956639813 28.96885361670166
