1.3565473235138126
173 1.845098040014257 25.424188320838816
174 1.6989700043360187 18.86162482260781
201 1.0 16.17188991882234
262 1.0 21.133916878571615
266 1.0 20.247891051811926
291 1.0 16.58416436051082
396 1.3010299956639813 34.747346764383785
398 1.0 31.04754842191709
431 1.3010299956639813 20.115404335824383
436 1.6020599913279625 16.48783672419816
437 1.6020599913279625 16.500863545850883
438 1.0 16.11979502108222
439 1.0 16.057639662220197
453 1.6020599913279625 15.044342067483518
460 1.6020599913279625 14.356967600895358
483 1.0 16.072305173973206
497 1.0 22.57404561538827
503 1.0 18.364443485111277
509 1.6020599913279625 21.57146234433863
510 1.0 18.532720542245944
513 1.4771212547196624 18.984876032460487
521 1.3010299956639813 16.13648804769188
551 1.4771212547196624 21.162559580914515
552 1.0 20.441020454368555
556 1.4771212547196624 32.02299329624464
560 1.4771212547196624 26.176582993590046
565 1.3010299956639813 24.415044307928472
569 1.0 34.990949277994865
571 1.0 29.826229749704215
572 1.6020599913279625 34.607198595571596
631 1.3010299956639813 19.950177336902193
769 1.4771212547196624 19.37976637155202
770 1.0 31.04754842191709
81 1.0 15.73170187126443
822 1.0 16.58416436051082
827 1.0 22.57404561538827
830 1.0 15.73170187126443
833 1.0 13.116644911485228
835 1.0 12.815696857748005
838 1.3010299956639813 14.879955303930068
880 1.6020599913279625 15.076218839772537
918 1.0 21.05942217315108
924 1.3010299956639813 13.266168190220418
928 1.3010299956639813 18.737561566460872
