0.7258421507363202
117 1.6020599913279625 21.166129822732998
120 1.845098040014257 22.67074148141845
121 1.3010299956639813 16.452082774442715
122 2.0 25.99704858881334
123 1.7781512503836436 21.94118068747015
125 1.3010299956639813 17.797417400691103
126 1.4771212547196624 19.10717613125738
127 1.4771212547196624 17.367910512582892
128 1.4771212547196624 18.640638875516817
146 1.0 38.443348131520054
158 1.0 40.36801588254125
173 1.4771212547196624 18.85938858887468
174 1.3010299956639813 25.443847031718235
185 1.4771212547196624 24.640160608655044
187 1.4771212547196624 25.365184410989947
189 1.0 22.794574400913437
190 1.7781512503836436 20.72132492096882
191 2.079181246047625 30.983771998615772
195 1.0 16.82457919792204
196 1.0 16.82457919792204
199 1.0 19.95515608969582
1 1.0 24.099314783282633
200 1.6020599913279625 22.625506653399253
205 1.3010299956639813 18.460464588544884
208 1.4771212547196624 18.083445948480012
215 1.4771212547196624 18.71227143762001
225 1.4771212547196624 18.083445948480012
229 1.0 19.919432784468437
230 1.6020599913279625 22.625506653399253
232 1.3010299956639813 18.460464588544884
239 1.0 16.864483145006986
242 1.4771212547196624 20.34767568477578
244 1.0 25.829961126625353
247 1.0 17.92587263398071
248 1.0 16.370386131129504
258 1.4771212547196624 32.05900432440354
259 1.3010299956639813 34.168322910342354
263 1.0 21.157562303591927
266 1.0 24.006561347142163
268 1.0 24.276039699169623
270 1.0 26.10422328297102
271 1.6020599913279625 27.296216475399984
280 1.0 19.375567339230585
281 1.0 20.385373369801357
282 1.3010299956639813 18.824144686242487
283 1.0 19.116081351354293
285 1.6020599913279625 27.333530767834674
286 1.4771212547196624 30.579284727285547
290 1.3010299956639813 19.344122607461724
296 1.0 21.560794875219035
2 1.3010299956639813 25.673207973589584
325 1.0 15.755311297820837
326 1.4771212547196624 26.265110333168654
327 1.7781512503836436 21.408537178610665
328 1.9542425094393248 32.88047364596294
329 2.361727836017593 24.220820861806594
330 1.7781512503836436 25.015154858124397
331 1.3010299956639813 26.442768047844584
332 1.0 26.156648054217282
333 1.9542425094393248 24.251638512278973
335 1.3010299956639813 26.592389103304416
338 1.0 25.829961126625353
341 1.0 20.951702374187988
346 1.3010299956639813 17.379200642449316
375 1.6020599913279625 18.075636329874662
397 1.9542425094393248 34.76173337398946
398 1.3010299956639813 15.625142616904517
399 1.0 31.06364857854412
3 1.3010299956639813 25.673207973589584
412 1.3010299956639813 21.758302257583633
414 1.0 19.240697556286563
416 1.0 19.445006257673224
41 1.0 20.898009485572526
421 2.0 22.714705200606023
431 1.3010299956639813 21.076784861203542
433 1.0 24.68064648083747
434 1.0 26.054272842923844
435 1.0 24.468548355039516
43 1.0 17.141090857518964
441 1.7781512503836436 31.735712827979288
444 1.6989700043360187 29.526890635247195
458 1.0 17.695365074715316
459 1.0 24.541701226408268
47 1.3010299956639813 19.549619832587243
481 1.0 15.708611586019918
495 1.0 16.86418674665899
496 1.3010299956639813 17.074026788002808
497 1.6020599913279625 21.557388215952543
498 1.0 22.596184090364247
49 1.0 16.36609320638818
500 1.845098040014257 27.79974623106974
501 1.4771212547196624 24.640160608655044
510 1.0 21.594628676437562
514 1.0 19.011194543423425
515 1.6989700043360187 23.20380250236597
520 1.6989700043360187 25.214633181541256
524 1.0 18.188013959901607
526 1.0 17.752415668623385
528 1.0 21.12339116570097
536 1.0 17.80770137278335
537 1.0 17.141090857518964
546 1.0 23.31908484052949
552 1.6020599913279625 21.18617303846442
553 1.0 20.46546645488232
554 1.0 17.95037467412827
555 1.3010299956639813 22.42238581080986
556 2.230448921378274 21.34923713779162
557 1.7781512503836436 32.03860327247943
558 1.6020599913279625 29.49056558466878
559 2.113943352306837 21.174473649853873
560 1.3010299956639813 32.40746376373745
561 1.6020599913279625 26.19567707123272
562 1.3010299956639813 20.63816033660684
563 1.6020599913279625 23.476641362660768
565 1.4771212547196624 25.067378635529828
566 1.6020599913279625 24.435514902659826
567 1.3010299956639813 23.07027838400899
569 1.6020599913279625 21.220451953962858
570 2.3979400086720375 35.00523577088447
571 1.7781512503836436 19.508904785615407
572 2.4313637641589874 29.842988809469816
573 2.4471580313422194 34.62164344212061
577 1.0 21.541085769479377
579 1.0 17.22512975082521
582 1.9542425094393248 26.849702075967517
583 1.3010299956639813 25.011711924712642
584 1.6989700043360187 23.292766275876946
60 1.3010299956639813 20.310156825129837
614 1.0 16.27710509361273
62 1.4771212547196624 20.34767568477578
646 1.6020599913279625 21.019109611528222
647 1.4771212547196624 18.531080228224845
648 1.0 22.794574400913437
653 1.0 19.95515608969582
654 1.6020599913279625 22.625506653399253
657 1.3010299956639813 18.460464588544884
661 1.0 17.17957125410552
662 1.3010299956639813 19.61461115210067
66 1.0 17.304976281070527
732 1.0 28.96885361670166
733 1.6020599913279625 24.09659662047416
734 1.0 16.710350266628105
741 1.0 16.52566545054529
747 1.0 22.34898733858306
751 1.6020599913279625 24.759982935078224
752 1.3010299956639813 15.72129036276342
754 1.4771212547196624 21.72844942797455
770 1.3010299956639813 15.625142616904517
772 1.0 31.06364857854412
774 1.0 23.139038800697477
776 1.0 20.10376748540877
779 1.0 28.58117033955364
780 1.0 29.39263705080337
7 1.3010299956639813 20.662205334068826
801 1.0 21.773953133516383
802 1.0 21.49817099427365
808 1.0 27.292695599132404
809 1.0 23.93775068948324
814 1.0 21.49817099427365
816 1.3010299956639813 26.40168560543113
821 1.3010299956639813 19.344122607461724
822 1.7781512503836436 20.72132492096882
823 2.079181246047625 30.983771998615772
826 1.0 16.82457919792204
828 1.3010299956639813 17.074026788002808
829 1.6020599913279625 21.557388215952543
830 1.0 22.596184090364247
831 1.845098040014257 27.79974623106974
836 1.4771212547196624 19.384867469169826
84 1.4771212547196624 25.365184410989947
884 1.0 16.86418674665899
90 1.3010299956639813 17.747677710827986
913 1.0 18.473312192215285
917 1.0 21.083151146519995
927 1.7781512503836436 18.7642269613462
92 1.3010299956639813 21.402892320890444
930 1.3010299956639813 22.37231226242215
932 1.6020599913279625 22.35128407421646
934 1.0 16.479445906159526
936 1.0 20.64389709578883
937 1.0 17.488110770017975
946 1.6989700043360187 19.482666389137716
958 1.0 21.012855683925522
969 1.0 20.598971129752556
972 1.0 19.608298803683244
988 1.0 18.29479303891827
989 1.0 17.072459926998317
992 1.0 33.556122085405605
