1.7958800173440752
190 1.3010299956639813 30.967630313961816
197 1.0 17.97236948828946
199 1.0 22.603396897878287
229 1.0 22.603396897878287
496 1.0 21.534181820846815
651 1.0 17.97236948828946
653 1.0 22.603396897878287
772 1.0 23.117420198200822
776 1.0 25.809572659595812
778 1.3010299956639813 29.375621062375156
780 1.3010299956639813 28.653172853466874
782 1.0 28.8122112955473
820 1.3010299956639813 30.967630313961816
826 1.0 21.534181820846815
936 1.0 21.526279874452115
977 1.0 19.099167857362065
