1.337242168318426
121 1.0 16.452082774442715
182 1.3010299956639813 13.400748018246638
1 1.0 24.099314783282633
353 1.0 25.406505472371265
357 1.4771212547196624 16.36239469864959
358 2.0413926851582254 15.03049511803453
38 1.0 15.275369084039284
412 1.0 21.758302257583633
418 1.0 15.939621763732179
419 1.0 17.11396415772215
423 1.4771212547196624 15.351295233681704
491 1.0 18.157117953750248
493 1.0 15.275369084039284
519 1.0 20.706175002637085
539 1.0 20.581818087864594
544 1.3010299956639813 21.7329857487666
552 1.0 21.18617303846442
63 1.3010299956639813 17.37188739596265
680 1.0 15.775358504069235
681 1.0 17.041421373778608
682 1.0 18.092716090093774
683 1.3010299956639813 17.37188739596265
684 1.845098040014257 16.936770172063596
685 1.0 17.991995194459328
686 1.0 17.204501418003492
687 1.0 17.191449064838324
688 1.0 19.47837054680664
689 1.3010299956639813 16.394314216462067
690 1.3010299956639813 16.958302953633954
691 1.3010299956639813 20.252883122476465
692 1.0 17.94337135852708
693 1.3010299956639813 16.43520777799439
694 1.0 18.13228138623654
695 1.0 13.748192686610185
696 1.3010299956639813 19.78611774450118
697 2.146128035678238 13.524668180762957
69 1.0 26.43449543906486
77 1.3010299956639813 16.90578733542276
810 1.0 15.100671070076253
811 1.0 19.284259305458484
812 1.0 18.445184780380607
813 1.0 16.555206772911212
816 1.0 26.40168560543113
817 1.3010299956639813 16.90578733542276
921 1.0 16.37330158288374
955 1.0 19.358190264880896
