1.3098039199714864
185 1.0 24.640160608655044
193 1.0 19.923584188401467
194 1.0 17.77518118243523
206 1.0 18.054340943557705
217 1.0 16.75160018454076
266 1.0 24.006561347142163
285 1.0 27.333530767834674
336 1.3010299956639813 27.213017312486674
345 1.0 19.45537620834872
41 1.0 20.898009485572526
494 1.0 22.47464478924292
501 1.0 24.640160608655044
510 1.3010299956639813 21.594628676437562
524 1.6989700043360187 18.188013959901607
529 2.0 16.631082353314728
531 1.845098040014257 20.572525808084006
534 1.3010299956639813 19.72223251625476
539 1.0 20.581818087864594
554 1.7781512503836436 17.95037467412827
555 1.845098040014257 22.42238581080986
556 1.0 21.34923713779162
559 1.0 21.174473649853873
563 1.0 23.476641362660768
565 1.0 25.067378635529828
582 1.0 26.849702075967517
616 1.3010299956639813 23.902881671535816
629 1.0 17.460816329506702
634 1.3010299956639813 20.53889892996114
649 1.0 19.923584188401467
650 1.0 17.77518118243523
655 1.0 22.47464478924292
658 1.0 18.054340943557705
664 1.0 17.88199680559741
665 1.0 20.62218664974217
90 1.6989700043360187 17.747677710827986
911 2.0413926851582254 21.53343177229172
916 1.7781512503836436 20.322029692038072
918 1.4771212547196624 24.222096258795588
934 1.0 16.479445906159526
935 1.6020599913279625 21.549494779071786
936 1.0 20.64389709578883
951 1.0 25.40756427571084
954 1.0 20.62218664974217
956 1.0 20.484965365855015
957 1.4771212547196624 18.152757365381166
958 1.0 21.012855683925522
959 1.4771212547196624 19.190356568188804
963 1.0 18.42775682251999
964 1.0 15.603652384930466
