1.3187587626244128
172 1.0 18.832857933573873
184 1.0 24.619860170608522
188 1.0 22.772628792451215
213 1.0 18.016798133940682
235 1.0 23.489746840008912
241 1.0 20.323087997959746
257 1.3010299956639813 32.04340428656301
258 1.4771212547196624 34.15368633845293
280 1.0 20.36083120666262
285 1.0 30.562929415100232
325 1.0 26.246066768442137
326 1.0 21.385169256471997
328 1.3010299956639813 24.20016866097684
329 1.4771212547196624 24.995158982809944
346 1.0 14.52222872293758
398 1.0 31.04754842191709
41 1.0 20.87407005016222
433 1.0 26.035075059878718
445 1.0 21.739884671677192
500 1.0 24.619860170608522
509 1.0 21.57146234433863
515 1.0 20.34226440586786
519 1.3010299956639813 25.19479562289961
529 1.0 16.990062759002303
537 1.0 16.02091416232004
540 1.0 18.8619507228725
545 1.0 23.297633308982533
551 1.0 21.162559580914515
552 1.0 20.441020454368555
560 1.6020599913279625 26.176582993590046
564 1.6020599913279625 25.047424451568215
566 1.0 23.04859528725498
568 1.0 21.196876683380644
62 1.0 20.323087997959746
642 1.0 19.614776409036214
643 1.0 19.629733620293802
647 1.0 22.772628792451215
661 2.0 19.589103365088256
662 1.0 19.41917384237332
770 1.0 31.04754842191709
772 1.0 23.117420198200822
829 1.0 24.619860170608522
918 1.0 21.05942217315108
936 1.0 21.526279874452115
946 1.845098040014257 16.45126582587042
949 1.0 14.49175317063043
950 1.0 16.33085346902123
954 1.0 19.103786648783725
