1.8239087409443189
237 1.4771212547196624 18.99543449459334
238 1.0 17.79360469731602
418 1.0 15.939621763732179
494 1.7781512503836436 22.47464478924292
520 1.0 25.214633181541256
539 1.3010299956639813 20.581818087864594
542 1.4771212547196624 19.728868427436186
544 1.0 21.7329857487666
547 2.0 20.421608203426736
655 1.7781512503836436 22.47464478924292
666 2.0413926851582254 21.979048869070308
667 1.6989700043360187 20.441369254248713
77 1.0 16.90578733542276
817 1.0 16.90578733542276
936 1.0 20.64389709578883
