1.6020599913279623
27 1.0 16.125116823755786
2 1.0 25.653725024939046
347 1.0 18.41382190706093
348 1.0 16.926861864319864
349 1.0 18.22236264627707
350 1.0 19.30862768534024
351 1.0 22.293535126779712
353 1.0 20.13770837631265
354 1.0 20.692190670577144
355 1.0 19.66138132966731
3 1.0 25.653725024939046
440 1.0 31.719953794102054
668 1.0 17.727873548642012
669 1.0 16.622470868958438
670 1.0 20.6370767184495
671 1.0 19.58191513861614
672 1.0 17.43535257958473
673 1.0 19.039369057845647
674 1.0 18.14076911717772
675 1.0 19.124732638200378
676 1.0 20.23539889371069
677 1.0 19.89770402247368
678 1.0 17.392347547587537
67 1.0 17.749330468393577
68 1.0 17.554437536932625
