0.9030899869919435
105 1.0 21.33892101876266
117 1.3010299956639813 21.166129822732998
174 1.0 25.443847031718235
176 1.0 22.379256958057034
191 1.3010299956639813 30.983771998615772
193 1.0 19.923584188401467
195 1.3010299956639813 16.82457919792204
196 1.3010299956639813 16.82457919792204
1 1.3010299956639813 24.099314783282633
205 1.0 18.460464588544884
232 1.0 18.460464588544884
243 1.3010299956639813 17.509187404878464
244 1.0 25.829961126625353
245 1.0 16.518884647461846
246 1.0 15.611383332448497
258 1.0 32.05900432440354
259 1.4771212547196624 34.168322910342354
260 1.3010299956639813 27.085761995614487
261 1.3010299956639813 40.472400145134394
264 1.3010299956639813 18.98771976077981
266 1.4771212547196624 24.006561347142163
269 1.0 28.06641091839446
273 1.0 15.490090513554941
275 1.0 17.353484581504098
280 1.0 19.375567339230585
282 1.0 18.824144686242487
286 1.4771212547196624 30.579284727285547
288 1.0 16.518884647461846
292 1.0 16.614286248179223
2 1.3010299956639813 25.673207973589584
326 1.0 26.265110333168654
332 1.0 26.156648054217282
336 1.0 27.213017312486674
337 1.3010299956639813 17.509187404878464
338 1.0 25.829961126625353
399 1.4771212547196624 31.06364857854412
3 1.3010299956639813 25.673207973589584
412 1.0 21.758302257583633
420 1.0 16.4406842597468
421 1.0 22.714705200606023
432 1.3010299956639813 20.140245569349506
434 1.0 26.054272842923844
437 1.0 16.518134272484215
445 1.3010299956639813 16.923811634708713
446 1.3010299956639813 21.762871720842014
447 1.0 17.43776619662874
449 1.0 16.13298238638009
450 1.3010299956639813 16.00461083590737
451 1.4771212547196624 15.797072840726699
452 1.4771212547196624 15.65046621316542
454 1.0 16.518884647461846
456 1.4771212547196624 14.185030139327283
459 1.0 24.541701226408268
460 1.3010299956639813 16.24091782837226
461 1.3010299956639813 14.461504091988365
496 1.0 17.074026788002808
497 1.0 21.557388215952543
500 1.3010299956639813 27.79974623106974
503 1.3010299956639813 24.96783731854743
504 1.3010299956639813 18.391649858504977
505 1.4771212547196624 17.827254209129045
506 1.3010299956639813 20.117459620901656
511 1.4771212547196624 18.55968024231519
512 1.3010299956639813 21.108817330045582
515 1.3010299956639813 23.20380250236597
520 1.6020599913279625 25.214633181541256
522 1.0 16.167444031550037
528 1.0 21.12339116570097
544 1.0 21.7329857487666
547 1.0 20.421608203426736
557 1.6989700043360187 32.03860327247943
558 1.4771212547196624 29.49056558466878
560 1.3010299956639813 32.40746376373745
561 1.3010299956639813 26.19567707123272
563 1.0 23.476641362660768
566 1.0 24.435514902659826
570 1.0 35.00523577088447
572 1.6989700043360187 29.842988809469816
573 1.0 34.62164344212061
577 1.0 21.541085769479377
581 1.0 25.541293855592556
584 1.0 23.292766275876946
585 1.0 30.96669564390913
593 1.0 18.09585950831236
60 1.0 20.310156825129837
635 1.0 21.5228993608598
649 1.0 19.923584188401467
657 1.0 18.460464588544884
733 1.6020599913279625 24.09659662047416
751 1.4771212547196624 24.759982935078224
754 1.0 21.72844942797455
772 1.4771212547196624 31.06364857854412
774 1.6020599913279625 23.139038800697477
7 1.0 20.662205334068826
818 1.0 15.490090513554941
819 1.4771212547196624 14.38700094710823
81 1.4771212547196624 15.777603950735331
823 1.3010299956639813 30.983771998615772
825 1.0 16.614286248179223
826 1.3010299956639813 16.82457919792204
827 1.4771212547196624 14.220677268086096
828 1.0 17.074026788002808
829 1.0 21.557388215952543
831 1.3010299956639813 27.79974623106974
832 1.4771212547196624 15.777603950735331
833 1.4771212547196624 15.885438230900338
835 1.4771212547196624 13.15470918469851
83 1.4771212547196624 16.202098073055122
840 1.7781512503836436 14.949174756130038
85 1.0 20.97110134921298
864 1.0 22.523102482333243
867 1.0 36.43404557128479
878 1.0 27.134111744574057
88 1.4771212547196624 14.220677268086096
893 1.0 15.109347256076695
907 1.0 16.02381405871867
911 1.3010299956639813 21.53343177229172
916 1.3010299956639813 20.322029692038072
918 1.0 24.222096258795588
922 1.0 21.35873785771627
923 1.0 13.303804660743335
930 1.4771212547196624 22.37231226242215
932 1.0 22.35128407421646
981 1.0 19.04032511818754
990 1.0 19.267169356987246
