1.6777807052660807
119 1.3010299956639813 22.648675884415564
121 1.3010299956639813 25.97780851667672
122 1.0 21.918380641831487
157 1.0 40.355627938282694
262 1.0 21.133916878571615
265 1.0 23.98572466518575
2 1.0 25.653725024939046
342 1.0 22.806563635018236
3 1.0 25.653725024939046
432 1.0 24.66037937080602
434 1.0 24.448105419498397
470 1.0 23.994543772969674
561 1.0 20.6139191343978
571 1.0 29.826229749704215
665 1.0 21.956288146883587
732 1.0 24.075837860598885
733 1.0 16.680401854673583
753 1.3010299956639813 21.70542592404138
867 1.0 20.329143187123556
871 1.0 25.16854217073077
93 1.0 40.4099170367325
