1.721246399047171
2 1.0 25.673207973589584
399 1.0 31.06364857854412
3 1.0 25.673207973589584
444 1.0 29.526890635247195
540 1.3010299956639813 23.36967033208018
665 1.0 20.62218664974217
772 1.0 31.06364857854412
936 1.0 20.64389709578883
939 1.0 19.57746517154891
943 1.0 19.402058534341666
944 1.3010299956639813 19.917140587765708
945 1.0 16.481630601170867
950 1.0 16.21290906039629
951 1.0 25.40756427571084
952 1.0 19.20083241364576
954 1.0 20.62218664974217
956 1.3010299956639813 20.484965365855015
982 1.0 19.85729433713603
992 1.0 33.556122085405605
