1.585026652029182
133 1.4771212547196624 31.18619433249154
135 1.4771212547196624 29.53008637972915
137 1.0 22.922196064917607
138 1.0 22.291356872514033
146 1.0 38.443348131520054
147 1.9030899869919435 38.27432982034523
148 1.3010299956639813 39.73153365749456
149 1.3010299956639813 36.714155384577936
150 1.3010299956639813 30.64451579794581
155 1.0 39.65608647202028
159 1.6989700043360187 34.663276209978875
160 1.4771212547196624 33.51414632402991
161 1.6020599913279625 40.68786868352573
162 1.0 29.200185832126223
163 1.0 27.444701699266258
402 1.3010299956639813 24.177242781351655
606 1.3010299956639813 18.53110082385229
746 1.0 19.14200258825803
750 1.0 20.234721635985533
777 1.3010299956639813 24.177242781351655
778 1.3010299956639813 25.828938051552868
779 1.6020599913279625 28.58117033955364
782 1.0 28.670617617530514
836 1.0 19.384867469169826
87 1.0 24.835731385689954
953 1.0 19.129941566095997
