1.6575773191777938
131 1.0 31.908356378043813
134 1.0 29.51314963866556
137 1.0 22.26891535791042
148 1.0 36.70053413239285
160 1.3010299956639813 40.68185651929256
162 1.0 27.42647719561716
163 1.0 29.043663537477517
226 1.0 16.894525174208198
236 1.0 18.969094117495082
241 1.0 20.323087997959746
356 1.0 16.341214190652384
398 1.0 31.04754842191709
576 1.0 21.517861792661158
62 1.0 20.323087997959746
665 1.0 21.956288146883587
666 1.0 20.41689440117043
676 1.0 20.23539889371069
677 1.3010299956639813 19.89770402247368
69 1.0 26.41557398804616
770 1.0 31.04754842191709
878 1.6020599913279625 33.105865818015594
992 1.0 20.972634792127216
