1.2518119729937995
104 1.0 21.315476777332258
121 1.0 25.97780851667672
122 1.0 21.918380641831487
124 1.0 17.76930122808498
238 1.0 16.834808931146938
250 1.0 16.070194442289612
251 1.0 15.91714951082178
257 1.4771212547196624 32.04340428656301
259 1.4771212547196624 27.067295817703585
260 1.6020599913279625 40.46004416097286
265 1.0 23.98572466518575
266 1.3010299956639813 20.247891051811926
268 1.0 28.048590371713367
270 1.0 27.27789276817213
285 1.0 30.562929415100232
307 1.6020599913279625 18.45025554098666
308 1.3010299956639813 17.69895328701503
309 1.0 16.353960229243555
316 1.0 16.400885878921038
325 1.0 26.246066768442137
330 1.0 26.423852520632007
332 1.0 24.231012577485338
398 1.0 31.04754842191709
470 1.0 23.994543772969674
480 1.6020599913279625 18.45025554098666
481 1.3010299956639813 17.69895328701503
482 1.0 16.353960229243555
519 1.3010299956639813 25.19479562289961
560 1.0 26.176582993590046
562 1.0 23.455333927936188
569 1.0 34.990949277994865
571 1.0 29.826229749704215
577 1.0 16.12113380419118
580 1.3010299956639813 25.521710205582426
581 1.0 26.831073433021917
583 1.3010299956639813 23.271290483826427
584 1.6989700043360187 30.950545053399313
611 1.0 16.37139499661555
614 1.0 17.258283162732244
616 1.0 16.2837123301042
617 1.0 16.258590605316485
618 1.0 15.979851330655551
619 1.0 16.002509983007247
620 1.0 15.900698718230329
621 1.0 16.187886783484302
624 1.0 16.24926695969382
770 1.0 31.04754842191709
805 1.0 24.462808310936932
865 1.0 36.420319557775116
871 1.0 25.16854217073077
891 1.7781512503836436 20.556957071190386
892 1.6020599913279625 19.44244897613975
893 1.6020599913279625 19.650125642603225
994 1.0 16.070194442289612
996 1.0 16.28971068168109
997 1.0 15.91714951082178
