1.721246399047171
132 1.0 31.9240224086541
134 1.0 27.567002922119546
146 1.4771212547196624 38.443348131520054
147 1.4771212547196624 38.27432982034523
148 1.6020599913279625 39.73153365749456
149 1.6020599913279625 36.714155384577936
155 1.0 39.65608647202028
157 1.3010299956639813 27.318575173705053
158 1.3010299956639813 40.36801588254125
160 1.0 33.51414632402991
161 1.7781512503836436 40.68786868352573
163 1.3010299956639813 27.444701699266258
258 1.0 32.05900432440354
413 1.0 19.441687508621293
486 1.0 18.698257556219072
488 1.0 18.91692636651541
864 1.0 22.523102482333243
880 1.0 33.12096543823041
94 2.3010299956639813 40.42228834338309
