1.337242168318426
190 1.0 30.967630313961816
209 1.0 20.72532624391316
220 1.0 14.895870535814339
233 1.0 20.72532624391316
235 1.6020599913279625 23.489746840008912
257 1.0 32.04340428656301
270 1.0 27.27789276817213
284 1.0 27.31523209193297
2 1.0 25.653725024939046
3 1.0 25.653725024939046
404 1.0 14.731292035069075
405 1.0 17.108838352647496
406 1.4771212547196624 16.1759267221591
407 1.0 14.742151426884002
409 1.0 20.72532624391316
412 1.4771212547196624 19.41595254379453
419 1.4771212547196624 16.410243719356703
422 1.0 15.318690066440361
440 1.0 31.719953794102054
497 1.0 22.57404561538827
562 1.0 23.455333927936188
569 1.3010299956639813 34.990949277994865
571 2.9956351945975497 29.826229749704215
572 1.0 34.607198595571596
769 1.0 19.37976637155202
774 1.0 20.078881121899666
77 1.3010299956639813 16.876185748875265
7 1.6989700043360187 20.637992374919182
805 1.0 24.462808310936932
806 1.0 27.27436952647854
807 1.6020599913279625 23.916854058840084
813 1.6020599913279625 20.580671285807178
815 1.3010299956639813 16.876185748875265
820 1.0 30.967630313961816
827 1.0 22.57404561538827
865 1.0 36.420319557775116
875 1.3010299956639813 22.430004022861485
877 1.3010299956639813 22.430004022861485
908 1.0 15.998023604552252
922 1.0 16.34273553368784
935 1.0 16.449077097941938
939 1.0 17.878596309450398
942 1.0 17.99083394469146
959 1.3010299956639813 20.989047238821517
973 1.0 19.582782794447926
992 1.0 20.972634792127216
