1.6382721639824072
117 1.0 21.166129822732998
120 1.0 22.67074148141845
122 1.4771212547196624 25.99704858881334
123 1.0 21.94118068747015
191 1.0 30.983771998615772
260 1.0 27.085761995614487
261 1.3010299956639813 40.472400145134394
268 1.3010299956639813 24.276039699169623
270 1.0 26.10422328297102
331 1.3010299956639813 26.442768047844584
332 1.3010299956639813 26.156648054217282
333 1.0 24.251638512278973
434 1.0 26.054272842923844
510 1.3010299956639813 21.594628676437562
557 1.0 32.03860327247943
561 1.0 26.19567707123272
567 1.0 23.07027838400899
570 1.0 35.00523577088447
573 1.0 34.62164344212061
582 1.0 26.849702075967517
771 1.0 19.405549325281637
803 1.0 16.74751991200512
823 1.0 30.983771998615772
