1.4202164033831899
120 1.7781512503836436 22.67074148141845
121 1.0 16.452082774442715
122 1.4771212547196624 25.99704858881334
123 1.6020599913279625 21.94118068747015
125 1.0 17.797417400691103
126 2.146128035678238 19.10717613125738
127 1.0 17.367910512582892
133 1.0 31.18619433249154
158 1.0 40.36801588254125
191 1.3010299956639813 30.983771998615772
202 1.0 16.202778266288398
282 1.0 18.824144686242487
304 1.3010299956639813 16.616668083737665
305 1.0 17.98399116678101
399 1.0 31.06364857854412
432 1.3010299956639813 20.140245569349506
439 1.0 16.150783000266802
440 1.0 16.088747357134647
489 1.0 18.813161782127867
512 2.079181246047625 21.108817330045582
520 1.0 25.214633181541256
572 1.0 29.842988809469816
573 1.4771212547196624 34.62164344212061
613 1.6020599913279625 22.32306959448592
616 1.3010299956639813 23.902881671535816
669 1.0 17.756055320837486
733 1.0 24.09659662047416
751 1.0 24.759982935078224
772 1.0 31.06364857854412
774 1.0 23.139038800697477
823 1.3010299956639813 30.983771998615772
867 1.0 36.43404557128479
885 1.3010299956639813 16.616668083737665
886 1.0 17.98399116678101
923 1.0 13.303804660743335
930 1.3010299956639813 22.37231226242215
93 1.0 19.110011561305157
94 2.255272505103306 40.42228834338309
