1.5528419686577808
121 1.3010299956639813 25.97780851667672
184 1.0 24.619860170608522
259 1.6989700043360187 27.067295817703585
260 2.3010299956639813 40.46004416097286
268 1.9030899869919435 28.048590371713367
269 1.9542425094393248 26.08506226190013
373 1.3010299956639813 15.444986818309642
380 1.4771212547196624 17.099229420425257
388 1.4771212547196624 17.383230863411256
500 1.0 24.619860170608522
514 1.0 23.1822442953396
523 1.0 18.160502520733715
530 1.3010299956639813 20.54820717542731
559 1.0 32.39203154477896
571 1.0 29.826229749704215
580 1.3010299956639813 25.521710205582426
582 1.6020599913279625 24.99171329470656
584 1.9030899869919435 30.950545053399313
732 1.0 24.075837860598885
743 1.3010299956639813 15.444986818309642
746 1.4771212547196624 22.32660375113389
750 1.6020599913279625 24.739780818458456
753 1.6020599913279625 21.70542592404138
75 1.3010299956639813 15.444986818309642
806 1.3010299956639813 27.27436952647854
829 1.0 24.619860170608522
831 1.0 15.854309531641922
936 1.0 21.526279874452115
