1.1549019599857433
121 1.6989700043360187 25.97780851667672
172 1.0 18.832857933573873
186 1.0 25.345464687070297
193 1.3010299956639813 17.74702978158316
200 1.0 16.645211904679204
204 1.4771212547196624 18.43335978124768
209 1.0 20.72532624391316
212 2.0413926851582254 19.272892292014472
213 1.0 18.016798133940682
231 1.4771212547196624 18.43335978124768
233 1.0 20.72532624391316
258 1.6020599913279625 34.15368633845293
259 1.3010299956639813 27.067295817703585
260 1.0 40.46004416097286
262 1.0 21.133916878571615
265 1.3010299956639813 23.98572466518575
266 1.0 20.247891051811926
268 1.0 28.048590371713367
278 1.0 17.70612989299446
284 1.4771212547196624 27.31523209193297
285 1.4771212547196624 30.562929415100232
289 1.0 19.318257671242296
325 1.4771212547196624 26.246066768442137
327 1.6020599913279625 32.86526353435894
328 1.3010299956639813 24.20016866097684
329 1.4771212547196624 24.995158982809944
331 1.0 26.137525464974466
332 1.3010299956639813 24.231012577485338
335 1.3010299956639813 27.194637545841633
392 1.0 14.283168530322774
393 1.0 15.71714517392524
409 1.0 20.72532624391316
41 1.0 20.87407005016222
43 1.0 17.11189632348561
499 1.3010299956639813 27.781754633425805
504 1.7781512503836436 17.799185167779708
505 1.0 20.09259021626153
510 1.0 18.532720542245944
536 1.0 17.11189632348561
542 1.3010299956639813 18.27453227223341
556 1.0 32.02299329624464
557 1.0 29.473606133346674
562 1.0 23.455333927936188
568 1.3010299956639813 21.196876683380644
576 1.0 21.517861792661158
580 1.3010299956639813 25.521710205582426
581 1.0 26.831073433021917
583 1.0 23.271290483826427
584 1.0 30.950545053399313
5 1.0 18.45678502981382
649 1.3010299956639813 17.74702978158316
656 1.4771212547196624 18.43335978124768
660 1.0 17.15044222388708
756 1.0 12.90588969461276
818 1.0 19.318257671242296
828 1.3010299956639813 27.781754633425805
831 1.0 15.854309531641922
83 1.0 25.345464687070297
86 1.0 24.815590935179138
933 1.0 22.32890278912787
936 1.0 21.526279874452115
942 1.0 17.99083394469146
946 1.0 16.45126582587042
948 1.0 19.383510389270164
956 1.0 19.332344149929916
962 1.0 18.888396882406173
963 1.3010299956639813 17.01734493522861
970 1.0 20.574683754662654
978 1.0 17.34793605111952
993 1.6989700043360187 33.541218365030296
