1.6197887582883939
214 1.0 18.044528672125754
217 1.0 16.75160018454076
278 1.0 24.438116936080927
296 1.6020599913279625 21.560794875219035
359 1.0 13.553227307353156
360 1.0 13.596759086117835
361 1.4771212547196624 13.596759086117833
362 1.0 13.983516145523103
372 1.0 16.799196227548762
373 1.0 15.930282308948243
411 1.3010299956639813 18.356977856408704
471 1.0 24.01537280312254
503 1.0 24.96783731854743
520 1.0 25.214633181541256
529 1.0 16.631082353314728
530 1.4771212547196624 17.01946628290197
562 1.0 20.63816033660684
64 1.0 16.737458178003557
712 1.0 16.737458178003557
713 1.0 16.184280047905055
726 1.3010299956639813 15.370445248663776
867 1.0 36.43404557128479
964 1.0 15.603652384930466
968 1.3010299956639813 20.745195199857015
