1.5228787452803376
105 1.3010299956639813 21.33892101876266
1 1.0 24.099314783282633
201 1.3010299956639813 16.675223517292782
210 1.6989700043360187 20.74943729156614
231 1.6989700043360187 19.843697587754125
234 1.6989700043360187 20.74943729156614
236 1.0 23.511023087218234
296 1.6020599913279625 21.560794875219035
346 1.0 17.379200642449316
369 1.0 13.150466341514642
410 1.6989700043360187 20.74943729156614
43 1.0 17.141090857518964
472 1.3010299956639813 26.198430887398857
499 1.6989700043360187 19.843697587754125
49 1.3010299956639813 16.36609320638818
502 1.4771212547196624 18.60296721930803
506 1.3010299956639813 20.117459620901656
537 1.0 17.141090857518964
64 1.0 16.737458178003557
656 1.6989700043360187 19.843697587754125
661 1.0 17.17957125410552
667 1.0 20.441369254248713
712 1.0 16.737458178003557
77 1.0 16.90578733542276
817 1.0 16.90578733542276
833 1.0 15.885438230900338
874 1.0 15.628378267266886
881 1.0 15.999505166650179
938 1.0 17.906540871879564
99 1.0 15.628378267266886
