1.4436974992327127
133 1.0 27.54885932499107
134 1.0 29.51314963866556
175 1.0 22.356903676375765
21 1.0 18.02167784870146
258 1.0 34.15368633845293
280 1.0 20.36083120666262
281 1.4771212547196624 18.79756428818881
296 1.0 18.417536610152265
329 1.0 24.995158982809944
420 1.0 22.69268235247738
431 1.0 20.115404335824383
444 1.0 16.89424162983062
448 1.0 16.101960150219295
452 1.0 19.142693477683043
510 1.9030899869919435 18.532720542245944
511 1.6989700043360187 21.085117241154542
513 1.0 18.984876032460487
527 1.0 21.0997074467684
54 1.0 16.32113418866619
565 1.0 24.415044307928472
588 1.0 16.32113418866619
5 1.845098040014257 18.45678502981382
662 1.0 19.41917384237332
663 1.0 17.854013827579386
691 1.0 17.91548424436275
773 1.0 23.472958228275314
7 1.6020599913279625 20.637992374919182
807 1.0 23.916854058840084
813 1.0 20.580671285807178
875 1.0 22.430004022861485
877 1.0 22.430004022861485
912 1.3010299956639813 21.510199531662707
931 1.0 22.349952035011718
943 1.0 19.424340488107244
951 1.0 16.18204005064504
985 1.0 17.667633952974512
