1.6382721639824072
158 1.0 40.36801588254125
160 1.3010299956639813 33.51414632402991
242 1.0 20.34767568477578
259 1.0 34.168322910342354
282 1.0 18.824144686242487
285 1.0 27.333530767834674
416 1.0 19.445006257673224
498 1.0 22.596184090364247
511 1.3010299956639813 18.55968024231519
520 1.0 25.214633181541256
536 1.7781512503836436 17.80770137278335
553 1.0 20.46546645488232
555 1.0 22.42238581080986
561 1.4771212547196624 26.19567707123272
570 1.7781512503836436 35.00523577088447
62 1.0 20.34767568477578
647 1.0 18.531080228224845
663 1.4771212547196624 19.44490454387257
726 1.3010299956639813 15.370445248663776
830 1.0 22.596184090364247
873 1.0 25.188400405739408
917 1.0 21.083151146519995
951 1.6020599913279625 25.40756427571084
