1.045757490560675
1000 1.0 16.329300295473313
104 1.0 21.315476777332258
114 1.0 16.58655052158543
115 1.3010299956639813 17.956167137974
135 1.0 23.727421112255122
153 1.0 38.91027615891787
154 1.0 39.64347606197456
161 1.3010299956639813 29.183057629910973
162 1.0 27.42647719561716
163 1.0 29.043663537477517
172 1.0 18.832857933573873
218 1.0 20.03551983762025
252 1.0 16.401453406092962
253 1.0 16.396443136520976
254 1.0 16.329300295473313
255 1.0 16.767843670427574
258 1.0 34.15368633845293
259 2.113943352306837 27.067295817703585
260 2.568201724066995 40.46004416097286
266 1.0 20.247891051811926
267 2.3010299956639813 24.25543451426215
268 1.7781512503836436 28.048590371713367
284 1.0 27.31523209193297
289 1.0 19.318257671242296
291 1.0 16.58416436051082
303 1.0 16.58655052158543
304 1.3010299956639813 17.956167137974
305 1.3010299956639813 18.712967679843132
306 1.0 16.600338456632596
310 1.3010299956639813 18.574581934797493
311 1.0 16.33409561676385
312 1.0 16.2406870095727
313 1.0 16.688807985466465
314 1.0 16.038281372083322
315 1.0 16.836578834986856
396 1.4771212547196624 34.747346764383785
431 1.0 20.115404335824383
440 1.0 31.719953794102054
443 1.3010299956639813 29.509952060039822
445 1.0 21.739884671677192
455 1.3010299956639813 18.409755324317654
477 1.3010299956639813 18.712967679843132
478 1.0 16.600338456632596
496 1.0 21.534181820846815
497 1.0 22.57404561538827
499 1.3010299956639813 27.781754633425805
501 1.0 18.576070342315386
503 1.0 18.364443485111277
509 1.0 21.57146234433863
514 1.0 23.1822442953396
516 1.0 16.59643675700407
552 1.0 20.441020454368555
562 1.0 23.455333927936188
573 1.0 16.9403306571999
574 1.0 16.601117775791995
575 1.0 16.359093907045278
576 1.0 21.517861792661158
580 2.0 25.521710205582426
582 1.7781512503836436 24.99171329470656
584 2.361727836017593 30.950545053399313
612 1.845098040014257 22.300659992929845
613 1.0 16.24635806045507
615 1.9030899869919435 23.88195453063762
622 1.0 16.29894691934756
623 1.0 16.469393434006214
629 1.0 15.448408287851615
662 1.0 19.41917384237332
773 1.0 23.472958228275314
818 1.0 19.318257671242296
822 1.0 16.58416436051082
826 1.0 21.534181820846815
827 1.0 22.57404561538827
828 1.3010299956639813 27.781754633425805
862 1.0 22.500892102974184
881 1.0 16.868603706098174
883 1.3010299956639813 18.574581934797493
884 1.0 16.33409561676385
885 1.0 16.2406870095727
886 1.0 16.688807985466465
887 1.0 16.038281372083322
888 1.0 16.836578834986856
88 1.0 17.71948261455228
918 1.0 21.05942217315108
947 1.0 19.45698562548774
961 1.0 20.820071638418433
967 1.0 20.350189453749287
978 1.3010299956639813 17.34793605111952
995 1.0 16.341134900020474
998 1.0 16.401453406092962
999 1.0 16.396443136520976
