1.8239087409443189
132 1.3010299956639813 31.170157473839097
134 1.0 29.51314963866556
135 1.0 23.727421112255122
145 1.3010299956639813 38.43033977941447
146 1.0 38.26126400416704
158 2.113943352306837 34.64884871982456
159 1.7781512503836436 33.49922392874927
216 1.0 16.721725650862297
322 1.3010299956639813 19.969477691964787
371 1.0 16.769406485969878
440 1.0 31.719953794102054
524 1.4771212547196624 20.518967135692183
700 1.0 12.927847234164368
865 1.0 36.420319557775116
93 2.146128035678238 40.4099170367325
