1.7695510786217261
242 1.9542425094393248 20.34767568477578
285 1.0 27.333530767834674
322 1.3010299956639813 19.415200818214007
327 1.0 21.408537178610665
333 1.0 24.251638512278973
336 1.0 27.213017312486674
345 1.0 19.45537620834872
347 1.0 14.556617982255124
399 1.6020599913279625 31.06364857854412
41 1.3010299956639813 20.898009485572526
555 1.3010299956639813 22.42238581080986
62 1.9542425094393248 20.34767568477578
662 1.845098040014257 19.61461115210067
668 1.3010299956639813 16.496123636808157
695 1.0 13.748192686610185
772 1.6020599913279625 31.06364857854412
774 1.3010299956639813 23.139038800697477
