1.3010299956639813
191 1.0 30.983771998615772
393 1.0 14.318131975422032
394 1.0 15.748925436938276
395 1.0 13.531011945826444
396 1.0 14.792239883501855
397 1.0 34.76173337398946
398 1.0 15.625142616904517
399 2.255272505103306 31.06364857854412
400 1.0 19.159509087472838
401 1.0 14.1192438041068
402 1.0 24.177242781351655
403 1.0 16.399120626275778
404 1.0 13.537910047380134
461 1.3010299956639813 14.461504091988365
528 1.0 21.12339116570097
567 1.0 23.07027838400899
76 1.0 13.496408423001172
770 1.0 15.625142616904517
771 1.0 19.405549325281637
772 2.255272505103306 31.06364857854412
773 1.3010299956639813 25.098242467704086
774 2.230448921378274 23.139038800697477
777 1.0 24.177242781351655
778 1.0 25.828938051552868
779 1.0 28.58117033955364
780 1.0 29.39263705080337
781 1.0 26.78123592188267
782 1.0 28.670617617530514
783 1.0 24.23640676791617
784 1.0 28.829559825624525
785 1.0 15.098695198629603
786 1.0 16.457876252502427
787 1.0 16.369818376127807
788 1.0 16.704463784263226
789 1.0 16.883045284589098
790 1.0 16.472332298017896
791 1.0 16.278477087768408
792 1.0 16.385978603831017
793 1.0 15.060853163657614
794 1.0 15.329372186555613
795 1.0 15.316040163704834
796 1.0 15.424216864581213
797 1.0 13.507993834748705
798 1.0 16.44666201427546
799 1.0 17.71515186844221
800 1.0 19.870179928383198
823 1.0 30.983771998615772
834 1.7781512503836436 14.327351526296884
838 1.3010299956639813 13.045868669786094
986 1.0 21.11229795390388
