1.494850021680094
131 1.0 31.908356378043813
132 1.3010299956639813 31.170157473839097
133 1.0 27.54885932499107
136 1.0 22.900372757632663
140 1.0 22.06065850896495
145 1.3010299956639813 38.43033977941447
146 2.0413926851582254 38.26126400416704
147 2.255272505103306 39.718947201261805
148 1.9030899869919435 36.70053413239285
150 1.6020599913279625 28.679701781112843
151 1.0 26.41677324871767
153 2.255272505103306 38.91027615891787
154 1.6020599913279625 39.64347606197456
155 1.4771212547196624 32.78554205971943
157 1.9542425094393248 40.355627938282694
158 2.255272505103306 34.64884871982456
159 1.9030899869919435 33.49922392874927
160 2.146128035678238 40.68185651929256
161 1.6020599913279625 29.183057629910973
162 1.4771212547196624 27.42647719561716
163 1.4771212547196624 29.043663537477517
21 1.0 18.02167784870146
382 1.0 23.381346006518903
389 1.0 22.987930278533103
596 1.0 19.971318757650213
731 1.0 28.951588555136127
741 1.0 21.665271886223913
748 1.0 22.56508767539272
749 1.0 20.209996528594978
771 1.3010299956639813 25.078312841330952
779 1.0 26.762559621671812
93 1.0 40.4099170367325
