1.6575773191777938
209 1.0 19.7404272810474
216 1.0 16.421261094972383
323 1.0 19.99450022605915
494 1.0 22.47464478924292
511 1.3010299956639813 18.55968024231519
527 1.0 20.61363026869414
542 1.0 19.728868427436186
548 1.0 19.056516086799924
554 2.146128035678238 17.95037467412827
606 1.0 18.53110082385229
655 1.0 22.47464478924292
666 1.0 21.979048869070308
667 1.0 20.441369254248713
751 1.0 24.759982935078224
867 1.0 36.43404557128479
950 1.3010299956639813 16.21290906039629
956 1.3010299956639813 20.484965365855015
962 1.0 17.046701400697756
963 1.3010299956639813 18.42775682251999
968 1.0 20.745195199857015
971 1.0 19.694865931417798
992 1.0 33.556122085405605
