1.7695510786217261
127 1.0 18.613796434027876
172 1.0 18.832857933573873
205 1.0 18.02662549969417
208 1.0 19.715082278253885
260 1.0 40.46004416097286
268 1.0 28.048590371713367
270 1.0 27.27789276817213
499 1.3010299956639813 27.781754633425805
515 1.0 20.34226440586786
556 1.3010299956639813 32.02299329624464
559 1.0 32.39203154477896
569 1.0 34.990949277994865
580 1.0 25.521710205582426
584 1.0 30.950545053399313
657 1.0 18.02662549969417
731 1.0 28.951588555136127
828 1.3010299956639813 27.781754633425805
