1.7958800173440752
134 1.0 27.567002922119546
136 1.0 23.748484428238577
199 1.0 19.95515608969582
229 1.0 19.919432784468437
269 1.0 28.06641091839446
336 1.0 27.213017312486674
444 1.0 29.526890635247195
447 1.6020599913279625 17.43776619662874
451 1.3010299956639813 15.797072840726699
515 1.0 23.20380250236597
569 1.3010299956639813 21.220451953962858
653 1.0 19.95515608969582
677 1.0 20.260093000467393
68 1.0 17.582897293622267
944 1.0 19.917140587765708
956 1.3010299956639813 20.484965365855015
