0.978810700930062
103 1.0 13.047685080108735
107 1.0 13.08594994448978
186 1.3010299956639813 25.345464687070297
194 1.4771212547196624 16.794834479301993
195 1.4771212547196624 16.794834479301993
198 1.0 19.930084158480717
199 1.9542425094393248 22.603396897878287
1 1.6020599913279625 24.469666509833758
201 1.0 16.17188991882234
206 1.4771212547196624 18.772126118491787
209 1.7781512503836436 20.72532624391316
228 1.0 19.894315832793946
229 1.9542425094393248 22.603396897878287
230 1.6020599913279625 19.818484653329044
232 1.4771212547196624 18.772126118491787
233 1.7781512503836436 20.72532624391316
235 1.3010299956639813 23.489746840008912
237 1.0 17.76548249061496
257 1.0 32.04340428656301
279 1.0 19.349744435445626
334 1.3010299956639813 26.57358007912264
340 1.0 20.927824358412284
342 1.4771212547196624 22.806563635018236
345 1.0 17.350406766716183
375 1.4771212547196624 15.228685515885264
408 1.4771212547196624 18.772126118491787
409 1.7781512503836436 20.72532624391316
410 1.3010299956639813 18.329720020247976
416 1.3010299956639813 18.61566394013484
419 1.4771212547196624 16.410243719356703
42 1.6020599913279625 17.338897626616056
457 1.3010299956639813 24.521319277035015
459 1.0 16.318175390056652
460 1.0 14.356967600895358
471 1.3010299956639813 26.179338818270686
473 1.0 13.074202270093174
475 1.6020599913279625 15.713768088124892
493 1.0 22.45238647455196
495 1.6989700043360187 17.04471738567224
498 1.6020599913279625 19.818484653329044
49 1.3010299956639813 16.335513669309126
502 1.3010299956639813 24.947803517854027
507 1.6020599913279625 17.338897626616056
518 1.9030899869919435 20.682013519960595
521 1.0 16.13648804769188
523 1.0 18.160502520733715
538 1.845098040014257 20.55751044757001
539 1.3010299956639813 23.34826527667759
570 1.0 19.48325860666556
59 1.0 17.024968450726956
604 1.3010299956639813 16.848497544115553
652 1.0 19.930084158480717
653 1.9542425094393248 22.603396897878287
654 1.0 22.45238647455196
655 1.6020599913279625 19.818484653329044
658 1.4771212547196624 18.772126118491787
659 1.0 17.024968450726956
728 1.4771212547196624 15.152346642235964
729 1.4771212547196624 15.202096945171302
779 1.0 26.762559621671812
77 1.3010299956639813 16.876185748875265
780 2.0 28.653172853466874
782 2.079181246047625 28.8122112955473
783 1.6989700043360187 15.065543358973835
784 1.6989700043360187 16.427467569369398
785 1.6989700043360187 16.33924581085099
786 1.7781512503836436 16.674504799836235
787 1.845098040014257 16.853403753588953
788 1.845098040014257 16.44195035074378
791 1.0 15.027617842401222
792 1.0 15.296720290112676
793 1.0 15.283359784295454
794 1.3010299956639813 15.391766171743628
796 1.0 16.41623255841033
797 1.7781512503836436 17.68690492205947
798 1.9030899869919435 19.84500063961507
815 1.3010299956639813 16.876185748875265
81 1.3010299956639813 15.73170187126443
823 1.4771212547196624 16.794834479301993
825 1.6989700043360187 17.04471738567224
830 1.3010299956639813 15.73170187126443
834 1.3010299956639813 19.359056970763802
83 1.3010299956639813 25.345464687070297
84 1.6020599913279625 20.94724544657274
858 1.0 13.035902922287718
861 1.0 13.08594994448978
865 1.3010299956639813 36.420319557775116
86 1.0 24.815590935179138
871 1.3010299956639813 25.16854217073077
872 1.6020599913279625 15.596352370499325
873 1.7781512503836436 15.748324655176601
875 1.0 22.430004022861485
877 1.0 22.430004022861485
879 1.4771212547196624 15.968223619979328
88 1.0 17.71948261455228
914 1.0 18.44622626314255
926 1.3010299956639813 17.117590186266202
939 1.0 17.878596309450398
958 1.0 18.125192411844907
970 1.6989700043360187 20.574683754662654
971 1.4771212547196624 18.789785549650443
972 1.7781512503836436 19.669462220826514
98 1.6020599913279625 15.596352370499325
992 1.0 20.972634792127216
993 1.6989700043360187 33.541218365030296
