1.744727494896694
211 1.0 19.87652496554322
237 1.0 18.99543449459334
296 1.0 21.560794875219035
297 1.0 18.44466466993366
447 1.0 17.43776619662874
523 1.0 19.697674446970826
540 1.0 23.36967033208018
541 1.0 18.888440514559967
549 1.0 19.672691459680365
550 1.4771212547196624 22.418090015600434
666 1.0 21.979048869070308
940 1.0 16.052956231011144
941 1.0 18.01860444167257
942 1.0 19.45006435459591
950 1.3010299956639813 16.21290906039629
956 1.3010299956639813 20.484965365855015
968 1.0 20.745195199857015
977 1.0 17.376734020918096
