1.3872161432802645
104 1.0 21.315476777332258
121 1.0 25.97780851667672
122 1.0 21.918380641831487
133 1.0 27.54885932499107
159 1.0 33.49922392874927
186 1.0 25.345464687070297
192 1.0 19.898472476859148
222 1.0 19.47615277135082
226 1.0 16.894525174208198
246 1.0 17.897958254775837
258 1.3010299956639813 34.15368633845293
277 1.6020599913279625 24.417648522770687
334 1.0 26.57358007912264
335 1.0 27.194637545841633
419 1.0 16.410243719356703
499 1.0 27.781754633425805
539 1.4771212547196624 23.34826527667759
541 1.4771212547196624 19.703508556272116
543 1.4771212547196624 21.709967055619686
549 1.9030899869919435 22.395775493328287
564 1.0 25.047424451568215
565 1.0 24.415044307928472
648 1.0 19.898472476859148
664 1.3010299956639813 20.597926648495577
670 1.0 20.6370767184495
801 1.0 16.7176380868533
805 1.3010299956639813 24.462808310936932
828 1.0 27.781754633425805
83 1.0 25.345464687070297
86 1.3010299956639813 24.815590935179138
912 1.0 21.510199531662707
917 1.0 20.297410938444266
938 1.0 17.459496507758143
952 1.0 25.38787746985513
953 1.0 19.174774193635493
955 1.3010299956639813 20.597926648495577
956 1.6020599913279625 19.332344149929916
958 1.4771212547196624 18.125192411844907
960 1.6020599913279625 19.164284103879986
961 1.0 20.820071638418433
993 1.3010299956639813 33.541218365030296
