1.5086383061657274
191 1.0 30.983771998615772
245 1.0 16.518884647461846
246 1.0 15.611383332448497
258 1.0 32.05900432440354
260 1.0 27.085761995614487
261 1.4771212547196624 40.472400145134394
273 1.0 15.490090513554941
285 1.3010299956639813 27.333530767834674
288 1.0 16.518884647461846
454 1.0 16.518884647461846
498 1.0 22.596184090364247
528 1.0 21.12339116570097
557 1.0 32.03860327247943
558 1.0 29.49056558466878
560 1.3010299956639813 32.40746376373745
561 1.0 26.19567707123272
573 1.0 34.62164344212061
581 1.3010299956639813 25.541293855592556
582 1.4771212547196624 26.849702075967517
583 1.0 25.011711924712642
584 1.3010299956639813 23.292766275876946
585 1.7781512503836436 30.96669564390913
635 1.6020599913279625 21.5228993608598
808 1.0 27.292695599132404
818 1.0 15.490090513554941
823 1.0 30.983771998615772
830 1.0 22.596184090364247
867 1.0 36.43404557128479
927 1.0 18.7642269613462
946 1.0 19.482666389137716
982 1.0 19.85729433713603
