1.3665315444204134
105 1.3010299956639813 21.33892101876266
107 1.4771212547196624 21.261407681253527
123 1.4771212547196624 21.94118068747015
207 1.4771212547196624 18.798742484766407
210 1.6020599913279625 20.74943729156614
233 1.4771212547196624 18.798742484766407
234 1.6020599913279625 20.74943729156614
258 1.0 32.05900432440354
259 1.3010299956639813 34.168322910342354
336 1.0 27.213017312486674
343 1.0 22.828476621056783
349 1.0 16.95637498328479
375 1.0 18.075636329874662
397 1.6020599913279625 34.76173337398946
409 1.4771212547196624 18.798742484766407
410 1.6020599913279625 20.74943729156614
411 1.0 18.356977856408704
414 1.0 19.240697556286563
417 1.0 18.642503692692046
420 1.4771212547196624 16.4406842597468
432 1.0 20.140245569349506
446 1.0 21.762871720842014
471 1.0 24.01537280312254
472 1.7781512503836436 26.198430887398857
503 1.4771212547196624 24.96783731854743
579 1.0 17.22512975082521
582 1.0 26.849702075967517
60 1.0 20.310156825129837
659 1.4771212547196624 18.798742484766407
808 1.0 27.292695599132404
809 1.0 23.93775068948324
864 1.0 22.523102482333243
867 1.4771212547196624 36.43404557128479
869 1.0 20.353723559156737
873 2.113943352306837 25.188400405739408
877 1.3010299956639813 22.452284526648562
879 1.3010299956639813 22.452284526648562
911 1.0 21.53343177229172
916 1.0 20.322029692038072
938 1.3010299956639813 17.906540871879564
972 1.0 19.608298803683244
973 1.0 18.869638675773842
982 1.3010299956639813 19.85729433713603
