1.585026652029182
131 1.0 31.908356378043813
133 1.0 27.54885932499107
140 1.0 22.06065850896495
142 1.0 21.606364977884798
145 1.0 38.43033977941447
146 1.0 38.26126400416704
148 1.0 36.70053413239285
153 1.4771212547196624 38.91027615891787
154 1.3010299956639813 39.64347606197456
155 1.3010299956639813 32.78554205971943
157 1.0 40.355627938282694
158 1.4771212547196624 34.64884871982456
159 1.9030899869919435 33.49922392874927
160 1.3010299956639813 40.68185651929256
24 1.0 22.69262746225858
382 1.0 23.381346006518903
389 1.0 22.987930278533103
413 1.0 19.214693399908615
741 1.0 21.665271886223913
748 1.0 22.56508767539272
749 1.0 20.209996528594978
780 1.3010299956639813 28.653172853466874
781 1.3010299956639813 24.215767859390553
782 1.6989700043360187 28.8122112955473
93 1.0 40.4099170367325
944 1.0 19.37627093560627
