1.1804560644581314
109 1.4771212547196624 19.715945972128416
111 1.0 18.8928542926875
113 1.0 16.83451201033724
131 1.3010299956639813 31.908356378043813
132 1.0 31.170157473839097
134 1.0 29.51314963866556
135 1.6020599913279625 23.727421112255122
136 1.0 22.900372757632663
137 1.0 22.26891535791042
139 1.4771212547196624 21.045092986540304
140 1.3010299956639813 22.06065850896495
141 1.4771212547196624 19.014107610916184
142 1.0 21.606364977884798
143 1.6020599913279625 19.603466556586774
145 2.230448921378274 38.43033977941447
146 2.113943352306837 38.26126400416704
147 2.255272505103306 39.718947201261805
148 2.146128035678238 36.70053413239285
149 2.079181246047625 30.628195318865107
150 1.9030899869919435 28.679701781112843
151 1.6989700043360187 26.41677324871767
152 1.6989700043360187 27.106140088612186
153 1.9542425094393248 38.91027615891787
154 2.3010299956639813 39.64347606197456
155 2.0 32.78554205971943
156 1.0 27.300266473449927
157 1.6020599913279625 40.355627938282694
158 1.4771212547196624 34.64884871982456
159 1.6020599913279625 33.49922392874927
160 2.342422680822206 40.68185651929256
161 2.113943352306837 29.183057629910973
162 2.0 27.42647719561716
163 2.3010299956639813 29.043663537477517
21 1.0 18.02167784870146
22 1.0 20.017303363514117
25 1.4771212547196624 18.14737887225271
378 1.0 24.653480438007165
380 1.3010299956639813 17.099229420425257
382 1.4771212547196624 23.381346006518903
389 1.4771212547196624 22.987930278533103
401 1.3010299956639813 24.1565533242725
435 1.0 18.127861733361883
486 1.3010299956639813 19.08673079463014
488 1.0 18.786565844786978
494 1.0 16.83451201033724
605 1.3010299956639813 18.5040994848109
665 1.0 21.956288146883587
731 1.3010299956639813 28.951588555136127
735 1.0 26.464092456397857
737 1.3010299956639813 23.235022308206137
740 1.0 16.495381734999228
741 1.4771212547196624 21.665271886223913
745 1.0 19.115864173216895
748 1.6020599913279625 22.56508767539272
749 1.6989700043360187 20.209996528594978
771 1.6989700043360187 25.078312841330952
775 1.3010299956639813 24.1565533242725
777 1.3010299956639813 28.5636709471766
778 1.0 29.375621062375156
780 1.0 28.653172853466874
782 1.0 28.8122112955473
814 1.0 26.382740623521833
938 1.0 17.459496507758143
93 1.3010299956639813 40.4099170367325
965 1.0 15.571575634782315
993 1.3010299956639813 33.541218365030296
