1.6197887582883939
105 1.0 21.33892101876266
142 1.0 19.04038571666816
199 1.0 19.95515608969582
229 1.0 19.919432784468437
26 1.3010299956639813 18.64575497280853
403 1.0 16.399120626275778
433 1.0 24.68064648083747
435 1.0 24.468548355039516
503 1.3010299956639813 24.96783731854743
550 1.4771212547196624 22.418090015600434
606 1.3010299956639813 18.53110082385229
653 1.0 19.95515608969582
771 1.0 19.405549325281637
785 1.3010299956639813 15.098695198629603
786 1.3010299956639813 16.457876252502427
787 1.3010299956639813 16.369818376127807
788 1.3010299956639813 16.704463784263226
789 1.3010299956639813 16.883045284589098
790 1.3010299956639813 16.472332298017896
791 1.0 16.278477087768408
792 1.0 16.385978603831017
799 1.0 17.71515186844221
800 1.0 19.870179928383198
959 1.0 19.190356568188804
