1.6197887582883939
140 1.3010299956639813 21.068838098294076
141 1.3010299956639813 22.083311659467373
250 1.0 21.593723016307443
269 1.0 28.06641091839446
271 1.3010299956639813 27.296216475399984
328 1.9030899869919435 32.88047364596294
330 1.6020599913279625 25.015154858124397
331 1.3010299956639813 26.442768047844584
333 1.3010299956639813 24.251638512278973
375 1.0 18.075636329874662
397 1.0 34.76173337398946
441 1.0 31.735712827979288
510 1.3010299956639813 21.594628676437562
515 1.0 23.20380250236597
560 1.9542425094393248 32.40746376373745
572 1.3010299956639813 29.842988809469816
573 1.4771212547196624 34.62164344212061
57 1.3010299956639813 16.169816605433944
581 1.0 25.541293855592556
583 1.3010299956639813 25.011711924712642
585 1.0 30.96669564390913
616 1.0 23.902881671535816
645 1.3010299956639813 16.169816605433944
930 1.0 22.37231226242215
