1.4559319556497243
107 1.0 21.261407681253527
108 1.0 13.12410324363886
193 1.0 19.923584188401467
1 1.0 24.099314783282633
210 2.0413926851582254 20.74943729156614
234 2.0413926851582254 20.74943729156614
389 1.0 17.411970458585486
400 1.0 19.159509087472838
410 2.0413926851582254 20.74943729156614
416 1.0 19.445006257673224
43 1.0 17.141090857518964
482 1.0 19.755861749534457
49 1.0 16.36609320638818
503 1.0 24.96783731854743
537 1.0 17.141090857518964
649 1.0 19.923584188401467
661 1.0 17.17957125410552
66 1.0 17.304976281070527
736 1.0 26.48297924216182
738 1.0 23.256531591422583
77 1.0 16.90578733542276
795 1.0 15.316040163704834
796 1.0 15.424216864581213
798 1.3010299956639813 16.44666201427546
800 1.3010299956639813 19.870179928383198
801 1.3010299956639813 21.773953133516383
802 1.3010299956639813 21.49817099427365
814 1.3010299956639813 21.49817099427365
816 1.3010299956639813 26.40168560543113
817 1.0 16.90578733542276
874 1.0 15.628378267266886
87 1.0 24.835731385689954
881 1.0 15.999505166650179
935 1.0 21.549494779071786
99 1.0 15.628378267266886
