1.00436480540245
110 1.0 16.382580531642766
111 1.0 16.152248564614663
112 1.0 16.283682408859754
114 1.0 16.193892293870782
127 1.4771212547196624 17.367910512582892
189 1.0 22.794574400913437
193 1.0 19.923584188401467
19 1.0 22.906892828979473
200 1.0 22.625506653399253
205 1.0 18.460464588544884
206 1.0 18.054340943557705
212 1.0 22.053003739358804
213 1.0 19.298818028563065
219 1.0 20.060459993820544
228 1.0 19.271408794907185
230 1.0 22.625506653399253
232 1.0 18.460464588544884
252 1.0 15.94853123487721
258 1.845098040014257 32.05900432440354
259 1.845098040014257 34.168322910342354
261 1.3010299956639813 40.472400145134394
278 1.0 24.438116936080927
279 1.0 17.734346218217127
280 1.4771212547196624 19.375567339230585
281 1.7781512503836436 20.385373369801357
282 1.6989700043360187 18.824144686242487
283 1.0 19.116081351354293
285 1.0 27.333530767834674
286 1.3010299956639813 30.579284727285547
290 1.0 19.344122607461724
308 1.6020599913279625 18.477335563541324
309 1.3010299956639813 17.72718103523344
310 1.0 16.384505338266393
317 1.0 16.431343755560334
326 1.0 26.265110333168654
335 1.4771212547196624 26.592389103304416
343 1.3010299956639813 22.828476621056783
345 1.3010299956639813 19.45537620834872
372 1.0 16.799196227548762
399 1.3010299956639813 31.06364857854412
414 1.3010299956639813 19.240697556286563
416 1.4771212547196624 19.445006257673224
478 1.0 16.265225052820202
479 1.0 16.116413501007873
480 1.0 16.113389796665334
491 1.3010299956639813 18.157117953750248
500 1.6020599913279625 27.79974623106974
505 1.4771212547196624 17.827254209129045
512 1.0 21.108817330045582
518 1.0 17.902990023252144
525 1.0 20.543320381954224
541 1.4771212547196624 18.888440514559967
543 1.0 18.30187230227827
549 1.0 19.672691459680365
557 1.0 32.03860327247943
558 1.0 29.49056558466878
563 1.0 23.476641362660768
567 1.0 23.07027838400899
578 1.0 16.152119214909096
582 1.0 26.849702075967517
59 1.0 17.054311793451188
600 1.0 18.60056357999351
611 1.0 16.956306990360925
612 1.0 16.40190763707712
617 1.0 16.314388963414707
618 1.0 16.289314548847216
619 1.0 16.011110159818838
620 1.0 16.033724637658167
622 1.0 16.21874466519853
625 1.0 16.28000849899647
647 1.4771212547196624 18.531080228224845
648 1.0 22.794574400913437
649 1.0 19.923584188401467
654 1.0 22.625506653399253
657 1.0 18.460464588544884
658 1.0 18.054340943557705
660 1.0 17.054311793451188
662 1.0 19.61461115210067
705 1.0 13.047685080108735
772 1.3010299956639813 31.06364857854412
774 1.6020599913279625 23.139038800697477
775 1.0 23.494249679152507
77 1.0 16.90578733542276
7 1.0 20.662205334068826
813 1.3010299956639813 16.555206772911212
816 1.0 26.40168560543113
817 1.0 16.90578733542276
821 1.0 19.344122607461724
831 1.6020599913279625 27.79974623106974
890 1.6020599913279625 18.477335563541324
891 1.3010299956639813 17.72718103523344
892 1.0 16.384505338266393
93 1.3010299956639813 19.110011561305157
947 1.0 19.409288369513817
977 1.6020599913279625 17.376734020918096
981 1.6989700043360187 19.04032511818754
986 1.0 21.11229795390388
995 1.0 16.320376040179806
996 1.0 15.94853123487721
