0.0008694587126288433
1000 1.3010299956639813 16.797636183579463
100 1.3010299956639813 15.756951807688566
101 1.3010299956639813 12.932211177895763
102 1.3010299956639813 13.08594994448978
103 1.3010299956639813 13.03590292228772
104 1.3010299956639813 13.08594994448978
105 1.3010299956639813 21.33892101876266
106 1.3010299956639813 13.009307666040192
107 1.3010299956639813 21.261407681253527
108 1.3010299956639813 13.12410324363886
109 1.3010299956639813 15.561030750337954
10 1.3010299956639813 12.918739447491847
110 1.3010299956639813 16.382580531642766
111 1.3010299956639813 16.152248564614663
112 1.3010299956639813 16.283682408859754
113 1.3010299956639813 16.11034052774081
114 1.3010299956639813 16.193892293870782
115 1.3010299956639813 16.237932532274638
116 1.3010299956639813 16.285640371001193
117 1.3010299956639813 21.166129822732998
118 1.3010299956639813 14.722236801759516
119 1.3010299956639813 14.585078329436863
11 1.3010299956639813 13.005267886217524
120 1.3010299956639813 22.67074148141845
121 1.3010299956639813 16.452082774442715
122 1.3010299956639813 25.99704858881334
123 1.3010299956639813 21.94118068747015
124 1.3010299956639813 13.484384865021621
125 1.3010299956639813 17.797417400691103
126 1.3010299956639813 19.10717613125738
127 1.3010299956639813 17.367910512582892
128 1.3010299956639813 18.640638875516817
129 1.3010299956639813 13.568425778303547
12 1.3010299956639813 13.118879320868288
130 1.3010299956639813 13.348149896235084
131 1.3010299956639813 12.932211177895763
132 1.3010299956639813 31.9240224086541
133 1.3010299956639813 31.18619433249154
134 1.3010299956639813 27.567002922119546
135 1.3010299956639813 29.53008637972915
136 1.3010299956639813 23.748484428238577
137 1.3010299956639813 22.922196064917607
138 1.3010299956639813 22.291356872514033
139 1.3010299956639813 17.437449700363672
13 1.3010299956639813 14.914686603234317
140 1.3010299956639813 21.068838098294076
141 1.3010299956639813 22.083311659467373
142 1.3010299956639813 19.04038571666816
143 1.3010299956639813 21.629493927449314
144 1.3010299956639813 19.628955678670632
145 1.3010299956639813 13.597726219616904
146 1.3010299956639813 38.443348131520054
147 1.3010299956639813 38.27432982034523
148 1.3010299956639813 39.73153365749456
149 1.3010299956639813 36.714155384577936
14 1.7781512503836436 14.523826702761134
150 1.3010299956639813 30.64451579794581
151 1.3010299956639813 28.69713041845068
152 1.3010299956639813 26.43569384136088
153 1.3010299956639813 27.124579821694358
154 1.3010299956639813 38.92312411360697
155 1.3010299956639813 39.65608647202028
156 1.3010299956639813 32.80078913912944
157 1.3010299956639813 27.318575173705053
158 1.3010299956639813 40.36801588254125
159 1.3010299956639813 34.663276209978875
15 1.7781512503836436 14.523826702761134
160 1.3010299956639813 33.51414632402991
161 1.3010299956639813 40.68786868352573
162 1.3010299956639813 29.200185832126223
163 1.3010299956639813 27.444701699266258
164 1.3010299956639813 29.060873897358988
165 1.3010299956639813 12.869632630690237
166 1.3010299956639813 12.876697218233856
167 1.3010299956639813 12.90842531252077
168 1.3010299956639813 12.90842531252077
169 1.3010299956639813 12.915468681006955
16 1.3010299956639813 8.172443325071848
170 1.3010299956639813 16.92269399053892
171 1.3010299956639813 17.299828196424077
172 1.3010299956639813 13.820669166643537
173 1.3010299956639813 18.85938858887468
174 1.4771212547196624 25.443847031718235
175 1.3010299956639813 18.88811507135678
176 1.3010299956639813 22.379256958057034
177 1.3010299956639813 12.815696857748005
178 1.3010299956639813 12.854652307615794
179 1.3010299956639813 12.854652307615794
17 1.6020599913279625 12.94702868843822
180 1.3010299956639813 12.854652307615794
181 1.3010299956639813 12.854652307615794
182 1.3010299956639813 13.400748018246638
183 1.3010299956639813 13.37355243095153
184 1.3010299956639813 13.724353290586581
185 1.3010299956639813 24.640160608655044
186 1.3010299956639813 17.074068216246978
187 1.3010299956639813 25.365184410989947
188 1.3010299956639813 18.394820991631416
189 1.3010299956639813 22.794574400913437
18 1.7781512503836436 14.30779009010065
190 1.3010299956639813 20.72132492096882
191 1.3010299956639813 30.983771998615772
192 1.3010299956639813 16.982274168574502
193 1.3010299956639813 19.923584188401467
194 1.3010299956639813 17.77518118243523
195 1.3010299956639813 16.82457919792204
196 1.3010299956639813 16.82457919792204
197 1.3010299956639813 21.73615837537494
198 1.4771212547196624 18.00016847208931
199 1.3010299956639813 19.95515608969582
19 1.3010299956639813 22.906892828979473
1 1.3010299956639813 24.099314783282633
200 1.3010299956639813 22.625506653399253
201 1.3010299956639813 16.675223517292782
202 1.3010299956639813 16.202778266288398
203 1.3010299956639813 18.47845587465186
204 1.3010299956639813 17.837739327910686
205 1.3010299956639813 18.460464588544884
206 1.3010299956639813 18.054340943557705
207 1.3010299956639813 18.798742484766407
208 1.3010299956639813 18.083445948480012
209 1.3010299956639813 19.7404272810474
20 1.3010299956639813 13.783747276774033
210 1.3010299956639813 20.74943729156614
211 1.3010299956639813 19.87652496554322
212 1.3010299956639813 22.053003739358804
213 1.3010299956639813 19.298818028563065
214 1.3010299956639813 18.044528672125754
215 1.3010299956639813 18.71227143762001
216 1.3010299956639813 16.421261094972383
217 1.3010299956639813 16.75160018454076
218 1.3010299956639813 15.989944117470667
219 1.3010299956639813 20.060459993820544
21 1.3010299956639813 18.049400889846094
220 1.3010299956639813 15.886881268828224
221 1.3010299956639813 14.929399151330296
222 1.3010299956639813 13.919448289084329
223 1.3010299956639813 19.5018082949504
224 1.3010299956639813 18.47845587465186
225 1.3010299956639813 18.083445948480012
226 1.3010299956639813 16.343763522087997
227 1.3010299956639813 16.92409468367376
228 1.3010299956639813 19.271408794907185
229 1.3010299956639813 19.919432784468437
22 1.3010299956639813 20.042266187907835
230 1.3010299956639813 22.625506653399253
231 1.3010299956639813 19.843697587754125
232 1.3010299956639813 18.460464588544884
233 1.3010299956639813 18.798742484766407
234 1.3010299956639813 20.74943729156614
235 1.3010299956639813 18.131311524289607
236 1.3010299956639813 23.511023087218234
237 1.3010299956639813 18.99543449459334
238 1.3010299956639813 17.79360469731602
239 1.3010299956639813 16.864483145006986
23 1.3010299956639813 18.927700473196293
240 1.3010299956639813 15.060097196541419
241 1.3010299956639813 13.06988573628357
242 1.3010299956639813 20.34767568477578
243 1.3010299956639813 17.509187404878464
244 1.3010299956639813 25.829961126625353
245 1.3010299956639813 16.518884647461846
246 1.3010299956639813 15.611383332448497
247 1.3010299956639813 17.92587263398071
248 1.3010299956639813 16.370386131129504
249 1.3010299956639813 22.75668213035031
24 1.3010299956639813 22.714650363605696
250 1.3010299956639813 21.593723016307443
251 1.3010299956639813 16.101277881366933
252 1.3010299956639813 15.94853123487721
253 1.3010299956639813 16.431910230774704
254 1.3010299956639813 16.42690925065229
255 1.3010299956639813 16.359891446453577
256 1.3010299956639813 16.797636183579463
257 1.3010299956639813 14.685155707227832
258 1.4771212547196624 32.05900432440354
259 1.3010299956639813 34.168322910342354
25 1.3010299956639813 18.174910176754217
260 1.3010299956639813 27.085761995614487
261 1.3010299956639813 40.472400145134394
262 1.3010299956639813 13.389446630726244
263 1.3010299956639813 21.157562303591927
264 1.3010299956639813 18.98771976077981
265 1.3010299956639813 16.744108528521995
266 1.3010299956639813 24.006561347142163
267 1.3010299956639813 20.272569941821523
268 1.3010299956639813 24.276039699169623
269 1.3010299956639813 28.06641091839446
26 1.3010299956639813 18.64575497280853
270 1.3010299956639813 26.10422328297102
271 1.3010299956639813 27.296216475399984
272 1.3010299956639813 14.291721385647843
273 1.3010299956639813 15.490090513554941
274 1.3010299956639813 16.400153272087692
275 1.3010299956639813 17.353484581504098
276 1.3010299956639813 20.303531424387252
277 1.3010299956639813 13.112389751655092
278 1.3010299956639813 24.438116936080927
279 1.3010299956639813 17.734346218217127
27 1.3010299956639813 16.156094595531805
280 1.3010299956639813 19.375567339230585
281 1.3010299956639813 20.385373369801357
282 1.3010299956639813 18.824144686242487
283 1.3010299956639813 19.116081351354293
284 1.3010299956639813 16.021430614511992
285 1.3010299956639813 27.333530767834674
286 1.3010299956639813 30.579284727285547
287 1.3010299956639813 14.141077426099002
288 1.3010299956639813 16.518884647461846
289 1.3010299956639813 19.41814822026422
28 1.3010299956639813 13.960944211158973
290 1.3010299956639813 19.344122607461724
291 1.3010299956639813 17.88610079038451
292 1.3010299956639813 16.614286248179223
293 1.3010299956639813 13.055135198850829
294 1.3010299956639813 13.009307666040192
295 1.3010299956639813 18.766205879960378
296 1.3010299956639813 21.560794875219035
297 1.3010299956639813 18.44466466993366
298 1.3010299956639813 13.03590292228772
299 1.3010299956639813 13.03590292228772
29 1.3010299956639813 14.025015129906466
2 1.4771212547196624 25.673207973589584
300 1.3010299956639813 12.815696857748005
301 1.3010299956639813 12.84269305867385
302 1.3010299956639813 15.880314132670478
303 1.3010299956639813 14.601394337485191
304 1.3010299956639813 16.616668083737665
305 1.3010299956639813 17.98399116678101
306 1.3010299956639813 18.739668070348888
307 1.3010299956639813 16.630431048976302
308 1.3010299956639813 18.477335563541324
309 1.3010299956639813 17.72718103523344
30 1.3010299956639813 13.64543814345686
310 1.3010299956639813 16.384505338266393
311 1.3010299956639813 18.601480963958362
312 1.3010299956639813 16.364677803659443
313 1.3010299956639813 16.271444758929782
314 1.3010299956639813 16.718741339460014
315 1.3010299956639813 16.06942654142066
316 1.3010299956639813 16.866249934906318
317 1.3010299956639813 16.431343755560334
318 1.3010299956639813 15.856318953483731
319 1.3010299956639813 15.794383648680418
31 1.3010299956639813 15.977249114874716
320 1.3010299956639813 14.004614743358394
321 1.3010299956639813 14.004614743358394
322 1.3010299956639813 19.415200818214007
323 1.3010299956639813 19.99450022605915
324 1.3010299956639813 14.075838664530483
325 1.3010299956639813 15.755311297820837
326 1.3010299956639813 26.265110333168654
327 1.3010299956639813 21.408537178610665
328 1.3010299956639813 32.88047364596294
329 1.3010299956639813 24.220820861806594
32 1.3010299956639813 13.470797021026364
330 1.3010299956639813 25.015154858124397
331 1.3010299956639813 26.442768047844584
332 1.3010299956639813 26.156648054217282
333 1.3010299956639813 24.251638512278973
334 1.3010299956639813 14.366023473538
335 1.3010299956639813 26.592389103304416
336 1.3010299956639813 27.213017312486674
337 1.3010299956639813 17.509187404878464
338 1.3010299956639813 25.829961126625353
339 1.3010299956639813 21.777753188456284
33 1.3010299956639813 13.470797021026364
340 1.3010299956639813 17.837739327910686
341 1.3010299956639813 20.951702374187988
342 1.3010299956639813 19.41814822026422
343 1.3010299956639813 22.828476621056783
344 1.3010299956639813 20.86119657744264
345 1.3010299956639813 19.45537620834872
346 1.3010299956639813 17.379200642449316
347 1.3010299956639813 14.556617982255124
348 1.3010299956639813 18.44095543145629
349 1.3010299956639813 16.95637498328479
34 1.3010299956639813 13.653339430783065
350 1.3010299956639813 18.249780831901347
351 1.3010299956639813 19.334505504177955
352 1.3010299956639813 22.315951883102834
353 1.3010299956639813 25.406505472371265
354 1.3010299956639813 20.162522130165478
355 1.3010299956639813 20.7163402836389
356 1.3010299956639813 19.686795467789832
357 1.3010299956639813 16.36239469864959
358 1.3010299956639813 15.03049511803453
359 1.3010299956639813 13.553227307353156
35 1.3010299956639813 14.052201094474524
360 1.3010299956639813 13.596759086117835
361 1.3010299956639813 13.596759086117833
362 1.3010299956639813 13.983516145523103
363 1.3010299956639813 13.282942259163587
364 1.3010299956639813 13.009307666040192
365 1.3010299956639813 13.016779750010134
366 1.3010299956639813 13.245246508097683
367 1.3010299956639813 12.951597430844446
368 1.3010299956639813 13.055135198850829
369 1.3010299956639813 13.150466341514642
36 1.3010299956639813 14.052201094474524
370 1.3010299956639813 13.15738014197561
371 1.3010299956639813 13.055135198850829
372 1.3010299956639813 16.799196227548762
373 1.3010299956639813 15.930282308948243
374 1.3010299956639813 15.477325925939487
375 1.3010299956639813 18.075636329874662
376 1.3010299956639813 15.261482973215074
377 1.3010299956639813 12.997490719339234
378 1.3010299956639813 13.047685080108735
379 1.3010299956639813 24.673753214847594
37 1.3010299956639813 12.996424889414197
380 1.3010299956639813 15.615254870204684
381 1.3010299956639813 17.128445544541883
382 1.3010299956639813 13.947325129469858
383 1.3010299956639813 23.402720804995248
384 1.3010299956639813 13.169531315133195
385 1.3010299956639813 18.664082738893658
386 1.3010299956639813 13.016779750010134
387 1.3010299956639813 21.87923801272718
388 1.3010299956639813 12.97081670326476
389 1.3010299956639813 17.411970458585486
38 1.3010299956639813 15.275369084039284
390 1.6989700043360187 23.009670542854348
391 1.3010299956639813 15.480475837789893
392 1.3010299956639813 14.967448726783925
393 1.3010299956639813 14.318131975422032
394 1.3010299956639813 15.748925436938276
395 1.3010299956639813 13.531011945826444
396 1.3010299956639813 14.792239883501855
397 1.3010299956639813 34.76173337398946
398 1.3010299956639813 15.625142616904517
399 1.3010299956639813 31.06364857854412
39 1.3010299956639813 14.091144547588417
3 1.4771212547196624 25.673207973589584
400 1.3010299956639813 19.159509087472838
401 1.3010299956639813 14.1192438041068
402 1.3010299956639813 24.177242781351655
403 1.3010299956639813 16.399120626275778
404 1.3010299956639813 13.537910047380134
405 1.3010299956639813 14.765194378080146
406 1.3010299956639813 17.13803809591465
407 1.3010299956639813 16.206807375934993
408 1.3010299956639813 14.776028853964045
409 1.3010299956639813 18.798742484766407
40 1.3010299956639813 13.974390039448755
410 1.3010299956639813 20.74943729156614
411 1.3010299956639813 18.356977856408704
412 1.4771212547196624 21.758302257583633
413 1.3010299956639813 19.441687508621293
414 1.4771212547196624 19.240697556286563
415 1.3010299956639813 16.854896388101817
416 1.3010299956639813 19.445006257673224
417 1.3010299956639813 18.642503692692046
418 1.3010299956639813 15.939621763732179
419 1.3010299956639813 17.11396415772215
41 1.3010299956639813 20.898009485572526
420 1.3010299956639813 16.4406842597468
421 1.3010299956639813 22.714705200606023
422 1.3010299956639813 19.196609027115258
423 1.3010299956639813 15.351295233681704
424 1.3010299956639813 12.982931737396546
425 1.3010299956639813 12.982931737396546
426 1.3010299956639813 12.982931737396546
427 1.3010299956639813 13.010706132631503
428 1.3010299956639813 12.932211177895763
429 1.3010299956639813 12.997490719339234
42 1.3010299956639813 17.36771058332882
430 1.3010299956639813 12.947101762515304
431 1.3010299956639813 21.076784861203542
432 1.4771212547196624 20.140245569349506
433 1.4771212547196624 24.68064648083747
434 1.3010299956639813 26.054272842923844
435 1.4771212547196624 24.468548355039516
436 1.3010299956639813 18.15542263413017
437 1.3010299956639813 16.518134272484215
438 1.3010299956639813 16.53113721916283
439 1.3010299956639813 16.150783000266802
43 1.3010299956639813 17.141090857518964
440 1.3010299956639813 16.088747357134647
441 1.3010299956639813 31.735712827979288
442 1.3010299956639813 13.255394418793399
443 1.3010299956639813 13.077186323829823
444 1.6989700043360187 29.526890635247195
445 1.3010299956639813 16.923811634708713
446 1.3010299956639813 21.762871720842014
447 1.3010299956639813 17.43776619662874
448 1.3010299956639813 18.647997157938995
449 1.3010299956639813 16.13298238638009
44 1.3010299956639813 15.731627971229939
450 1.3010299956639813 16.00461083590737
451 1.3010299956639813 15.797072840726699
452 1.3010299956639813 15.65046621316542
453 1.3010299956639813 19.168795308535405
454 1.3010299956639813 16.518884647461846
455 1.3010299956639813 15.077540523688015
456 1.3010299956639813 14.185030139327283
457 1.3010299956639813 18.43689483349195
458 1.3010299956639813 17.695365074715316
459 1.3010299956639813 24.541701226408268
45 1.3010299956639813 13.98764616202497
460 1.3010299956639813 16.24091782837226
461 1.3010299956639813 14.461504091988365
462 1.3010299956639813 18.968023960874753
463 1.3010299956639813 19.97957794896172
464 1.3010299956639813 19.349743761872208
465 1.3010299956639813 17.094626488510812
466 1.3010299956639813 18.25298125844072
467 1.3010299956639813 22.399954739575612
468 1.3010299956639813 16.172637573889855
469 1.3010299956639813 13.756353540188055
46 1.3010299956639813 13.122789209278526
470 1.3010299956639813 13.047685080108735
471 1.3010299956639813 24.01537280312254
472 1.3010299956639813 26.198430887398857
473 1.3010299956639813 20.456210819322695
474 1.3010299956639813 13.112389751655092
475 1.3010299956639813 12.97081670326476
476 1.3010299956639813 15.745555167328087
477 1.3010299956639813 14.222320993086985
478 1.3010299956639813 16.265225052820202
479 1.3010299956639813 16.116413501007873
47 1.3010299956639813 19.549619832587243
480 1.3010299956639813 16.113389796665334
481 1.3010299956639813 15.708611586019918
482 1.3010299956639813 19.755861749534457
483 1.3010299956639813 14.843383405093189
484 1.3010299956639813 16.33121855046969
485 1.3010299956639813 14.548650732915977
486 1.3010299956639813 18.698257556219072
487 1.3010299956639813 19.112909051912595
488 1.3010299956639813 18.91692636651541
489 1.3010299956639813 18.813161782127867
48 1.3010299956639813 14.721765395784356
490 1.3010299956639813 13.960944211158973
491 1.3010299956639813 18.157117953750248
492 1.3010299956639813 12.989661046433016
493 1.3010299956639813 15.275369084039284
494 1.3010299956639813 22.47464478924292
495 1.3010299956639813 16.86418674665899
496 1.3010299956639813 17.074026788002808
497 1.3010299956639813 21.557388215952543
498 1.3010299956639813 22.596184090364247
499 1.3010299956639813 19.843697587754125
49 1.3010299956639813 16.36609320638818
4 1.3010299956639813 14.41280745587774
500 1.3010299956639813 27.79974623106974
501 1.3010299956639813 24.640160608655044
502 1.3010299956639813 18.60296721930803
503 1.3010299956639813 24.96783731854743
504 1.3010299956639813 18.391649858504977
505 1.3010299956639813 17.827254209129045
506 1.3010299956639813 20.117459620901656
507 1.3010299956639813 13.209920904369145
508 1.3010299956639813 17.36771058332882
509 1.3010299956639813 16.17664537722168
50 1.3010299956639813 14.485665386192277
510 1.3010299956639813 21.594628676437562
511 1.3010299956639813 18.55968024231519
512 1.3010299956639813 21.108817330045582
513 1.3010299956639813 17.51618482981768
514 1.3010299956639813 19.011194543423425
515 1.3010299956639813 23.20380250236597
516 1.3010299956639813 20.36682894213624
517 1.3010299956639813 16.626536411088022
518 1.3010299956639813 17.902990023252144
519 1.3010299956639813 20.706175002637085
51 1.3010299956639813 16.49843751688567
520 1.3010299956639813 25.214633181541256
521 1.3010299956639813 15.124311784902089
522 1.3010299956639813 16.167444031550037
523 1.3010299956639813 19.697674446970826
524 1.3010299956639813 18.188013959901607
525 1.3010299956639813 20.543320381954224
526 1.3010299956639813 17.752415668623385
527 1.3010299956639813 20.61363026869414
528 1.3010299956639813 21.12339116570097
529 1.3010299956639813 16.631082353314728
52 1.3010299956639813 13.026658191294908
530 1.3010299956639813 17.01946628290197
531 1.3010299956639813 20.572525808084006
532 1.3010299956639813 19.229822454648716
533 1.3010299956639813 15.866054590928105
534 1.3010299956639813 19.72223251625476
535 1.3010299956639813 18.139512907437105
536 1.3010299956639813 17.80770137278335
537 1.3010299956639813 17.141090857518964
538 1.3010299956639813 16.052093028525185
539 1.3010299956639813 20.581818087864594
53 1.3010299956639813 15.516879946428599
540 1.3010299956639813 23.36967033208018
541 1.3010299956639813 18.888440514559967
542 1.3010299956639813 19.728868427436186
543 1.3010299956639813 18.30187230227827
544 1.3010299956639813 21.7329857487666
545 1.3010299956639813 16.369127366332837
546 1.3010299956639813 23.31908484052949
547 1.3010299956639813 20.421608203426736
548 1.3010299956639813 19.056516086799924
549 1.3010299956639813 19.672691459680365
54 1.3010299956639813 16.35174061696333
550 1.3010299956639813 22.418090015600434
551 1.3010299956639813 15.64922422599311
552 1.3010299956639813 21.18617303846442
553 1.3010299956639813 20.46546645488232
554 1.3010299956639813 17.95037467412827
555 1.3010299956639813 22.42238581080986
556 1.3010299956639813 21.34923713779162
557 1.3010299956639813 32.03860327247943
558 1.3010299956639813 29.49056558466878
559 1.3010299956639813 21.174473649853873
55 1.3010299956639813 16.140070803745896
560 1.3010299956639813 32.40746376373745
561 1.3010299956639813 26.19567707123272
562 1.3010299956639813 20.63816033660684
563 1.3010299956639813 23.476641362660768
564 1.3010299956639813 15.731627971229939
565 1.3010299956639813 25.067378635529828
566 1.3010299956639813 24.435514902659826
567 1.3010299956639813 23.07027838400899
568 1.3010299956639813 16.29063286533528
569 1.3010299956639813 21.220451953962858
56 1.3010299956639813 16.039861561383614
570 1.3010299956639813 35.00523577088447
571 1.3010299956639813 19.508904785615407
572 1.3010299956639813 29.842988809469816
573 1.3010299956639813 34.62164344212061
574 1.3010299956639813 16.969820351885488
575 1.3010299956639813 16.63120895803179
576 1.3010299956639813 16.389629448511823
577 1.3010299956639813 21.541085769479377
578 1.3010299956639813 16.152119214909096
579 1.3010299956639813 17.22512975082521
57 1.3010299956639813 16.169816605433944
580 1.3010299956639813 16.49843751688567
581 1.3010299956639813 25.541293855592556
582 1.3010299956639813 26.849702075967517
583 1.3010299956639813 25.011711924712642
584 1.3010299956639813 23.292766275876946
585 1.3010299956639813 30.96669564390913
586 1.3010299956639813 15.516879946428599
587 1.3010299956639813 13.081637287048258
588 1.3010299956639813 13.23364024408595
589 1.3010299956639813 16.35174061696333
58 1.3010299956639813 13.026658191294908
590 1.3010299956639813 12.893977968770121
591 1.3010299956639813 12.854652307615794
592 1.3010299956639813 15.957605833185818
593 1.3010299956639813 18.09585950831236
594 1.3010299956639813 21.479558238529965
595 1.3010299956639813 13.047685080108735
596 1.3010299956639813 12.84269305867385
597 1.3010299956639813 19.996338987916545
598 1.3010299956639813 19.920097781606806
599 1.3010299956639813 12.932211177895763
59 1.3010299956639813 17.054311793451188
5 1.3010299956639813 18.48385548625501
600 1.3010299956639813 18.60056357999351
601 1.3010299956639813 13.112389751655092
602 1.3010299956639813 12.815696857748005
603 1.3010299956639813 12.84269305867385
604 1.3010299956639813 16.140070803745896
605 1.3010299956639813 16.87814769144019
606 1.3010299956639813 18.53110082385229
607 1.3010299956639813 13.61792327873141
608 1.3010299956639813 15.484181606986061
609 1.3010299956639813 13.38381777866283
60 1.3010299956639813 20.310156825129837
610 1.3010299956639813 13.243797047954057
611 1.3010299956639813 16.956306990360925
612 1.3010299956639813 16.40190763707712
613 1.3010299956639813 22.32306959448592
614 1.3010299956639813 16.27710509361273
615 1.3010299956639813 17.287230481631443
616 1.3010299956639813 23.902881671535816
617 1.3010299956639813 16.314388963414707
618 1.3010299956639813 16.289314548847216
619 1.3010299956639813 16.011110159818838
61 1.3010299956639813 18.47845587465186
620 1.3010299956639813 16.033724637658167
621 1.3010299956639813 15.932112845694121
622 1.3010299956639813 16.21874466519853
623 1.3010299956639813 16.32959493311789
624 1.3010299956639813 16.49972484873875
625 1.3010299956639813 16.28000849899647
626 1.3010299956639813 16.039861561383614
627 1.3010299956639813 15.516211807091997
628 1.3010299956639813 15.593254352876475
629 1.3010299956639813 17.460816329506702
62 1.3010299956639813 20.34767568477578
630 1.3010299956639813 15.480740248068322
631 1.3010299956639813 16.9948601162417
632 1.3010299956639813 19.9752240481514
633 1.3010299956639813 22.269887599954423
634 1.3010299956639813 20.53889892996114
635 1.3010299956639813 21.5228993608598
636 1.3010299956639813 18.05674668124595
637 1.3010299956639813 16.02625467467848
638 1.3010299956639813 15.377715785664936
639 1.3010299956639813 18.00030745664779
63 1.3010299956639813 17.37188739596265
640 1.3010299956639813 16.590546453751475
641 1.3010299956639813 14.171141946750199
642 1.3010299956639813 13.861069010357436
643 1.3010299956639813 19.64025085319644
644 1.3010299956639813 19.655188678913582
645 1.3010299956639813 16.169816605433944
646 1.3010299956639813 21.019109611528222
647 1.3010299956639813 18.531080228224845
648 1.3010299956639813 22.794574400913437
649 1.3010299956639813 19.923584188401467
64 1.3010299956639813 16.737458178003557
650 1.3010299956639813 17.77518118243523
651 1.3010299956639813 21.73615837537494
652 1.4771212547196624 18.00016847208931
653 1.3010299956639813 19.95515608969582
654 1.3010299956639813 22.625506653399253
655 1.3010299956639813 22.47464478924292
656 1.3010299956639813 19.843697587754125
657 1.3010299956639813 18.460464588544884
658 1.3010299956639813 18.054340943557705
659 1.3010299956639813 18.798742484766407
65 1.3010299956639813 18.842982330593173
660 1.3010299956639813 17.054311793451188
661 1.3010299956639813 17.17957125410552
662 1.3010299956639813 19.61461115210067
663 1.3010299956639813 19.44490454387257
664 1.3010299956639813 17.88199680559741
665 1.3010299956639813 20.62218664974217
666 1.3010299956639813 21.979048869070308
667 1.3010299956639813 20.441369254248713
668 1.3010299956639813 16.496123636808157
669 1.3010299956639813 17.756055320837486
66 1.3010299956639813 17.304976281070527
670 1.3010299956639813 16.652523466110832
671 1.3010299956639813 20.661290750656658
672 1.3010299956639813 19.607432276969973
673 1.3010299956639813 17.464006401007527
674 1.3010299956639813 19.06561234581387
675 1.3010299956639813 18.16831043775807
676 1.3010299956639813 19.150858948951786
677 1.3010299956639813 20.260093000467393
678 1.3010299956639813 19.909993307821388
679 1.3010299956639813 17.421072102946884
67 1.3010299956639813 17.777478226009574
680 1.3010299956639813 15.775358504069235
681 1.3010299956639813 17.041421373778608
682 1.3010299956639813 18.092716090093774
683 1.3010299956639813 17.37188739596265
684 1.3010299956639813 16.936770172063596
685 1.3010299956639813 17.991995194459328
686 1.3010299956639813 17.204501418003492
687 1.3010299956639813 17.191449064838324
688 1.3010299956639813 19.47837054680664
689 1.3010299956639813 16.394314216462067
68 1.3010299956639813 17.582897293622267
690 1.3010299956639813 16.958302953633954
691 1.3010299956639813 20.252883122476465
692 1.3010299956639813 17.94337135852708
693 1.3010299956639813 16.43520777799439
694 1.3010299956639813 18.13228138623654
695 1.3010299956639813 13.748192686610185
696 1.3010299956639813 19.78611774450118
697 1.3010299956639813 13.524668180762957
698 1.3010299956639813 13.240850542867113
699 1.3010299956639813 13.271368961410548
69 1.3010299956639813 26.43449543906486
6 1.3010299956639813 12.989698555324457
700 1.3010299956639813 13.016779750010134
701 1.3010299956639813 12.96646575246668
702 1.3010299956639813 13.004969592809179
703 1.3010299956639813 12.989661046433016
704 1.3010299956639813 13.009307666040192
705 1.3010299956639813 13.047685080108735
706 1.3010299956639813 13.12410324363886
707 1.3010299956639813 12.98614746406201
708 1.3010299956639813 13.138776352801159
709 1.3010299956639813 13.047685080108735
70 1.3010299956639813 13.219072433822898
710 1.3010299956639813 12.854652307615794
711 1.3010299956639813 12.893490060867618
712 1.3010299956639813 16.737458178003557
713 1.3010299956639813 16.184280047905055
714 1.3010299956639813 12.854652307615794
715 1.3010299956639813 13.112389751655092
716 1.3010299956639813 12.854652307615794
717 1.3010299956639813 13.112389751655092
718 1.3010299956639813 13.362576987677022
719 1.3010299956639813 13.140103264582354
71 1.3010299956639813 13.115365116845272
720 1.3010299956639813 13.362576987677022
721 1.3010299956639813 13.140103264582354
722 1.3010299956639813 12.893490060867618
723 1.3010299956639813 12.893490060867618
724 1.3010299956639813 13.095877607082656
725 1.3010299956639813 13.095877607082656
726 1.3010299956639813 15.370445248663776
727 1.3010299956639813 15.480475837789893
728 1.3010299956639813 14.967448726783925
729 1.3010299956639813 15.185308978301347
72 1.3010299956639813 13.395393053593981
730 1.3010299956639813 15.234951641878837
731 1.3010299956639813 13.53955424221902
732 1.3010299956639813 28.96885361670166
733 1.3010299956639813 24.09659662047416
734 1.3010299956639813 16.710350266628105
735 1.3010299956639813 14.99808583605626
736 1.3010299956639813 26.48297924216182
737 1.3010299956639813 14.898514552522053
738 1.3010299956639813 23.256531591422583
739 1.3010299956639813 13.587768177626778
73 1.3010299956639813 13.03590292228772
740 1.3010299956639813 14.870504244951293
741 1.3010299956639813 16.52566545054529
742 1.7781512503836436 21.68833801617828
743 1.3010299956639813 13.520700102068366
744 1.3010299956639813 15.477325925939487
745 1.3010299956639813 15.833985711967152
746 1.3010299956639813 19.14200258825803
747 1.3010299956639813 22.34898733858306
748 1.3010299956639813 14.04369359882837
749 1.3010299956639813 22.58723493033533
74 1.3010299956639813 13.320531335508875
750 1.3010299956639813 20.234721635985533
751 1.3010299956639813 24.759982935078224
752 1.3010299956639813 15.72129036276342
753 1.3010299956639813 13.792127777233018
754 1.3010299956639813 21.72844942797455
755 1.3010299956639813 14.781725528038374
756 1.3010299956639813 12.997490719339233
758 1.3010299956639813 12.944573720656539
759 1.3010299956639813 12.830722662770283
75 1.3010299956639813 15.477325925939487
760 1.3010299956639813 12.861725123436463
761 1.3010299956639813 12.815696857748005
762 1.3010299956639813 12.803701222666417
763 1.3010299956639813 12.854652307615794
764 1.3010299956639813 12.854652307615794
765 1.3010299956639813 12.795752971248673
766 1.3010299956639813 12.920323718828003
767 1.3010299956639813 12.84269305867385
768 1.3010299956639813 12.791694338473185
769 1.3010299956639813 12.90842531252077
76 1.3010299956639813 13.496408423001172
770 1.3010299956639813 15.625142616904517
771 1.3010299956639813 19.405549325281637
772 1.3010299956639813 31.06364857854412
773 1.3010299956639813 25.098242467704086
774 1.3010299956639813 23.139038800697477
775 1.3010299956639813 23.494249679152507
776 1.3010299956639813 20.10376748540877
777 1.3010299956639813 24.177242781351655
778 1.3010299956639813 25.828938051552868
779 1.3010299956639813 28.58117033955364
77 1.3010299956639813 16.90578733542276
780 1.3010299956639813 29.39263705080337
781 1.3010299956639813 26.78123592188267
782 1.3010299956639813 28.670617617530514
783 1.3010299956639813 24.23640676791617
784 1.3010299956639813 28.829559825624525
785 1.3010299956639813 15.098695198629603
786 1.3010299956639813 16.457876252502427
787 1.3010299956639813 16.369818376127807
788 1.3010299956639813 16.704463784263226
789 1.3010299956639813 16.883045284589098
78 1.3010299956639813 15.342485760021395
790 1.3010299956639813 16.472332298017896
791 1.3010299956639813 16.278477087768408
792 1.3010299956639813 16.385978603831017
793 1.3010299956639813 15.060853163657614
794 1.3010299956639813 15.329372186555613
795 1.3010299956639813 15.316040163704834
796 1.3010299956639813 15.424216864581213
797 1.3010299956639813 13.507993834748705
798 1.3010299956639813 16.44666201427546
799 1.3010299956639813 17.71515186844221
79 1.3010299956639813 14.2120124870126
7 1.3010299956639813 20.662205334068826
800 1.3010299956639813 19.870179928383198
801 1.3010299956639813 21.773953133516383
802 1.3010299956639813 21.49817099427365
803 1.3010299956639813 16.74751991200512
804 1.3010299956639813 13.760604327556049
805 1.3010299956639813 13.733056351540943
806 1.3010299956639813 13.733056351540943
807 1.3010299956639813 24.483238969908477
808 1.3010299956639813 27.292695599132404
809 1.3010299956639813 23.93775068948324
80 1.3010299956639813 15.71248572680523
810 1.3010299956639813 15.100671070076253
811 1.3010299956639813 19.284259305458484
812 1.3010299956639813 18.445184780380607
813 1.3010299956639813 16.555206772911212
814 1.3010299956639813 21.49817099427365
815 1.3010299956639813 20.604951603302737
816 1.3010299956639813 26.40168560543113
817 1.3010299956639813 16.90578733542276
818 1.3010299956639813 15.490090513554941
819 1.3010299956639813 14.38700094710823
81 1.3010299956639813 15.777603950735331
820 1.3010299956639813 18.394820991631416
821 1.3010299956639813 19.344122607461724
822 1.3010299956639813 20.72132492096882
823 1.3010299956639813 30.983771998615772
824 1.3010299956639813 16.982274168574502
825 1.3010299956639813 16.614286248179223
826 1.3010299956639813 16.82457919792204
827 1.3010299956639813 14.220677268086096
828 1.3010299956639813 17.074026788002808
829 1.3010299956639813 21.557388215952543
82 1.3010299956639813 16.571218594456724
830 1.3010299956639813 22.596184090364247
831 1.3010299956639813 27.79974623106974
832 1.3010299956639813 15.777603950735331
833 1.3010299956639813 15.885438230900338
834 1.3010299956639813 14.327351526296884
835 1.3010299956639813 13.15470918469851
836 1.3010299956639813 19.384867469169826
837 1.3010299956639813 12.854652307615794
838 1.3010299956639813 13.045868669786094
839 1.3010299956639813 12.854652307615794
83 1.3010299956639813 16.202098073055122
840 1.3010299956639813 14.949174756130038
841 1.3010299956639813 18.381394375524813
842 1.3010299956639813 22.68742628788902
843 1.3010299956639813 17.02653759225486
844 1.3010299956639813 18.870200827721305
845 1.3010299956639813 22.377875684547387
846 1.3010299956639813 15.59449419482713
847 1.3010299956639813 20.90895523367315
848 1.3010299956639813 20.120474325903416
849 1.3010299956639813 20.562996665456474
84 1.3010299956639813 25.365184410989947
850 1.3010299956639813 22.589913174303756
851 1.3010299956639813 18.065550609838173
852 1.3010299956639813 21.864410189197464
853 1.3010299956639813 20.63266783135031
854 1.3010299956639813 20.336569559735775
855 1.3010299956639813 16.571218594456724
856 1.3010299956639813 17.292029554288533
857 1.3010299956639813 13.402048992728766
858 1.3010299956639813 13.737800952945475
859 1.3010299956639813 17.03148242460064
85 1.3010299956639813 20.97110134921298
860 1.3010299956639813 13.074202270093174
861 1.3010299956639813 12.989661046433016
862 1.3010299956639813 13.08594994448978
863 1.3010299956639813 13.12410324363886
864 1.3010299956639813 22.523102482333243
865 1.3010299956639813 13.12410324363886
866 1.3010299956639813 13.047685080108735
867 1.3010299956639813 36.43404557128479
868 1.3010299956639813 13.112389751655092
869 1.3010299956639813 20.353723559156737
86 1.3010299956639813 12.997490719339233
870 1.3010299956639813 13.12410324363886
871 1.3010299956639813 13.074202270093174
872 1.3010299956639813 13.138776352801159
873 1.3010299956639813 25.188400405739408
874 1.3010299956639813 15.628378267266886
875 1.3010299956639813 15.780042124305094
876 1.3010299956639813 13.009307666040192
877 1.3010299956639813 22.452284526648562
878 1.3010299956639813 27.134111744574057
879 1.3010299956639813 22.452284526648562
87 1.3010299956639813 24.835731385689954
880 1.3010299956639813 33.12096543823041
881 1.3010299956639813 15.999505166650179
882 1.3010299956639813 18.91930081490118
883 1.3010299956639813 16.982274168574502
884 1.3010299956639813 16.86418674665899
885 1.3010299956639813 16.616668083737665
886 1.3010299956639813 17.98399116678101
887 1.3010299956639813 18.739668070348888
888 1.3010299956639813 16.630431048976302
889 1.3010299956639813 17.074068216246978
88 1.3010299956639813 14.220677268086096
890 1.3010299956639813 18.477335563541324
891 1.3010299956639813 17.72718103523344
892 1.3010299956639813 16.384505338266393
893 1.3010299956639813 15.109347256076695
894 1.3010299956639813 16.898218574553624
895 1.3010299956639813 15.682046710929198
896 1.3010299956639813 15.756951807688566
897 1.3010299956639813 15.971940710676494
898 1.3010299956639813 14.029360356309446
899 1.3010299956639813 14.135030468925212
8 1.3010299956639813 14.42363540819959
900 1.3010299956639813 13.961964508318792
901 1.3010299956639813 13.303804660743335
902 1.3010299956639813 16.786437281709325
903 1.3010299956639813 13.386337821254202
904 1.3010299956639813 12.978310947895874
905 1.3010299956639813 12.920323718828005
906 1.3010299956639813 12.854652307615794
907 1.3010299956639813 16.02381405871867
908 1.3010299956639813 18.24824091238585
909 1.3010299956639813 17.04982557935131
90 1.3010299956639813 17.747677710827986
910 1.3010299956639813 13.172016182031092
911 1.3010299956639813 21.53343177229172
912 1.3010299956639813 13.3554081060212
913 1.3010299956639813 18.473312192215285
914 1.3010299956639813 15.862380670664196
915 1.3010299956639813 13.215987053712176
916 1.3010299956639813 20.322029692038072
917 1.3010299956639813 21.083151146519995
918 1.3010299956639813 24.222096258795588
919 1.3010299956639813 17.121724244752095
91 1.3010299956639813 21.73615837537494
920 1.3010299956639813 13.04333488895097
921 1.3010299956639813 16.37330158288374
922 1.3010299956639813 21.35873785771627
923 1.3010299956639813 13.303804660743335
924 1.3010299956639813 13.205624156976544
925 1.3010299956639813 17.14677502578712
926 1.3010299956639813 15.604094532541186
927 1.3010299956639813 18.7642269613462
928 1.3010299956639813 13.530775756530662
929 1.3010299956639813 15.284913596427298
92 1.3010299956639813 21.402892320890444
930 1.3010299956639813 22.37231226242215
931 1.3010299956639813 19.569247311356932
932 1.3010299956639813 22.35128407421646
933 1.3010299956639813 19.069899742909588
934 1.3010299956639813 16.479445906159526
935 1.3010299956639813 21.549494779071786
936 1.3010299956639813 20.64389709578883
937 1.3010299956639813 17.488110770017975
938 1.3010299956639813 17.906540871879564
939 1.3010299956639813 19.57746517154891
93 1.3010299956639813 19.110011561305157
940 1.3010299956639813 16.052956231011144
941 1.3010299956639813 18.01860444167257
942 1.3010299956639813 19.45006435459591
943 1.3010299956639813 19.402058534341666
944 1.3010299956639813 19.917140587765708
945 1.3010299956639813 16.481630601170867
946 1.3010299956639813 19.482666389137716
947 1.3010299956639813 19.409288369513817
948 1.3010299956639813 14.526214577737626
949 1.3010299956639813 16.36144171601765
94 1.3010299956639813 40.42228834338309
950 1.3010299956639813 16.21290906039629
951 1.3010299956639813 25.40756427571084
952 1.3010299956639813 19.20083241364576
953 1.3010299956639813 19.129941566095997
954 1.3010299956639813 20.62218664974217
955 1.3010299956639813 19.358190264880896
956 1.3010299956639813 20.484965365855015
957 1.3010299956639813 18.152757365381166
958 1.3010299956639813 21.012855683925522
959 1.3010299956639813 19.190356568188804
95 1.3010299956639813 23.43275716647166
960 1.3010299956639813 20.844073091142132
961 1.3010299956639813 18.914849636919964
962 1.3010299956639813 17.046701400697756
963 1.3010299956639813 18.42775682251999
964 1.3010299956639813 15.603652384930466
965 1.3010299956639813 13.009307666040192
966 1.3010299956639813 20.37474443529265
967 1.3010299956639813 12.932211177895763
968 1.3010299956639813 20.745195199857015
969 1.3010299956639813 20.598971129752556
96 1.3010299956639813 18.614830748754674
970 1.3010299956639813 18.816376936112132
971 1.3010299956639813 19.694865931417798
972 1.3010299956639813 19.608298803683244
973 1.3010299956639813 18.869638675773842
974 1.3010299956639813 17.88251712427213
975 1.3010299956639813 19.03717677110868
976 1.3010299956639813 19.12532909112134
977 1.3010299956639813 17.376734020918096
978 1.3010299956639813 19.932540595234652
979 1.3010299956639813 17.6480879383687
97 1.3010299956639813 20.306513166205562
980 1.3010299956639813 18.174623439227215
981 1.3010299956639813 19.04032511818754
982 1.3010299956639813 19.85729433713603
983 1.3010299956639813 15.99285048892566
984 1.3010299956639813 17.695911660502205
985 1.3010299956639813 20.023207099137547
986 1.3010299956639813 21.11229795390388
987 1.3010299956639813 15.618327832578043
988 1.3010299956639813 18.29479303891827
989 1.3010299956639813 17.072459926998317
98 1.3010299956639813 20.286726208570236
990 1.3010299956639813 19.267169356987246
991 1.3010299956639813 20.996461847748183
992 1.3010299956639813 33.556122085405605
993 1.3010299956639813 16.101277881366933
994 1.3010299956639813 16.371703937607325
995 1.3010299956639813 16.320376040179806
996 1.3010299956639813 15.94853123487721
997 1.3010299956639813 16.431910230774704
998 1.3010299956639813 16.42690925065229
999 1.3010299956639813 16.359891446453577
99 1.3010299956639813 15.628378267266886
9 1.3010299956639813 13.005267886217524
