1.4436974992327127
192 1.0 19.898472476859148
193 1.3010299956639813 17.74702978158316
19 1.0 22.88505492845388
207 1.0 18.0557751805786
214 1.0 18.685531899177228
224 1.0 18.0557751805786
243 1.3010299956639813 25.8105965022697
249 1.0 21.570555711548227
277 1.0 24.417648522770687
290 1.0 17.858124243150325
337 1.3010299956639813 25.8105965022697
338 1.0 21.754781863703386
342 1.0 22.806563635018236
348 1.0 16.926861864319864
411 1.0 21.73531037580023
414 1.0 16.825205266315407
443 1.3010299956639813 29.509952060039822
517 1.0 17.875039909680364
529 1.3010299956639813 16.990062759002303
542 1.3010299956639813 18.27453227223341
548 1.0 19.647259077738575
564 1.0 25.047424451568215
645 1.0 20.99530825830948
648 1.0 19.898472476859148
649 1.3010299956639813 17.74702978158316
665 1.0 21.956288146883587
937 1.0 20.6196626379172
93 1.3010299956639813 40.4099170367325
944 1.4771212547196624 19.37627093560627
952 1.4771212547196624 25.38787746985513
956 1.3010299956639813 19.332344149929916
961 1.0 20.820071638418433
967 1.0 20.350189453749287
973 1.0 19.582782794447926
977 1.0 19.099167857362065
993 1.4771212547196624 33.541218365030296
