1.4814860601221125
118 1.0 14.550756333462834
186 1.0 25.345464687070297
198 1.0 19.930084158480717
225 1.0 16.31314212731362
228 1.0 19.894315832793946
234 1.0 18.103713917062354
243 1.3010299956639813 25.8105965022697
249 1.0 21.570555711548227
260 1.0 40.46004416097286
277 1.0 24.417648522770687
282 1.3010299956639813 19.08990744429096
294 1.0 18.739543300973466
296 1.0 18.417536610152265
335 1.0 27.194637545841633
337 1.3010299956639813 25.8105965022697
338 1.0 21.754781863703386
413 1.0 19.214693399908615
528 1.0 16.600990941589497
539 1.0 23.34826527667759
543 1.0 21.709967055619686
547 1.0 19.03026025482742
571 1.0 29.826229749704215
578 1.0 17.196077893890912
645 1.0 20.99530825830948
652 1.0 19.930084158480717
663 1.4771212547196624 17.854013827579386
810 1.3010299956639813 18.41805748667281
83 1.0 25.345464687070297
876 1.0 27.115678493576954
948 1.0 19.383510389270164
972 1.0 19.669462220826514
982 1.3010299956639813 19.01404692868626
987 1.0 21.088601776656837
