1.3872161432802645
132 1.0 31.9240224086541
134 1.0 27.567002922119546
138 1.0 22.291356872514033
143 1.0 21.629493927449314
146 2.079181246047625 38.443348131520054
147 2.113943352306837 38.27432982034523
148 2.079181246047625 39.73153365749456
149 2.0 36.714155384577936
150 1.7781512503836436 30.64451579794581
151 1.4771212547196624 28.69713041845068
152 1.3010299956639813 26.43569384136088
153 1.4771212547196624 27.124579821694358
154 1.9030899869919435 38.92312411360697
155 1.9030899869919435 39.65608647202028
156 1.6989700043360187 32.80078913912944
157 1.4771212547196624 27.318575173705053
163 1.0 27.444701699266258
164 1.0 29.060873897358988
175 1.0 18.88811507135678
197 1.6989700043360187 21.73615837537494
1 1.0 24.099314783282633
24 1.0 22.714650363605696
270 1.0 26.10422328297102
346 1.0 17.379200642449316
383 1.0 23.402720804995248
390 1.0 23.009670542854348
399 1.0 31.06364857854412
42 1.0 17.36771058332882
508 1.0 17.36771058332882
636 1.0 18.05674668124595
651 1.6989700043360187 21.73615837537494
732 1.0 28.96885361670166
742 1.0 21.68833801617828
749 1.0 22.58723493033533
750 1.0 20.234721635985533
772 1.0 31.06364857854412
82 1.0 16.571218594456724
855 1.0 16.571218594456724
902 1.0 16.786437281709325
91 1.6989700043360187 21.73615837537494
947 1.3010299956639813 19.409288369513817
