1.6777807052660807
154 1.0 38.92312411360697
155 1.0 39.65608647202028
156 1.0 32.80078913912944
158 1.0 40.36801588254125
164 1.0 29.060873897358988
187 1.3010299956639813 25.365184410989947
203 1.0 18.47845587465186
224 1.0 18.47845587465186
228 1.0 19.271408794907185
339 1.0 21.777753188456284
379 1.0 24.673753214847594
61 1.0 18.47845587465186
647 1.0 18.531080228224845
666 1.0 21.979048869070308
736 1.3010299956639813 26.48297924216182
738 1.3010299956639813 23.256531591422583
836 1.0 19.384867469169826
84 1.3010299956639813 25.365184410989947
938 1.0 17.906540871879564
973 1.3010299956639813 18.869638675773842
984 1.0 17.695911660502205
