1.4436974992327127
188 1.4771212547196624 22.772628792451215
1 1.3010299956639813 24.469666509833758
347 1.0 18.41382190706093
348 1.0 16.926861864319864
349 1.0 18.22236264627707
350 1.0 19.30862768534024
351 1.0 22.293535126779712
353 1.0 20.13770837631265
354 1.0 20.692190670577144
355 1.0 19.66138132966731
356 2.0413926851582254 16.341214190652384
431 1.0 20.115404335824383
440 1.0 31.719953794102054
443 1.0 29.509952060039822
63 2.0 17.343081378405795
647 1.4771212547196624 22.772628792451215
668 1.0 17.727873548642012
669 1.0 16.622470868958438
670 1.0 20.6370767184495
671 1.0 19.58191513861614
672 1.0 17.43535257958473
673 1.0 19.039369057845647
674 1.0 18.14076911717772
675 1.0 19.124732638200378
676 1.0 20.23539889371069
677 1.0 19.89770402247368
678 1.0 17.392347547587537
67 1.0 17.749330468393577
683 1.6020599913279625 16.907222831124663
68 1.0 17.554437536932625
731 1.0 28.951588555136127
746 1.0 22.32660375113389
806 1.0 27.27436952647854
813 1.0 20.580671285807178
8 1.0 14.388928326622139
91 1.3010299956639813 21.379518228894476
