1.721246399047171
153 1.0 38.91027615891787
154 1.0 39.64347606197456
157 1.9030899869919435 40.355627938282694
158 1.7781512503836436 34.64884871982456
159 1.4771212547196624 33.49922392874927
24 1.0 22.69262746225858
324 1.0 15.723543941848508
335 1.3010299956639813 27.194637545841633
386 1.0 21.856373350068075
490 1.0 18.129559630239218
510 1.4771212547196624 18.532720542245944
546 1.3010299956639813 20.3971096387274
665 1.4771212547196624 21.956288146883587
735 1.0 26.464092456397857
737 1.3010299956639813 23.235022308206137
779 1.0 26.762559621671812
780 1.9030899869919435 28.653172853466874
807 1.0 23.916854058840084
814 1.0 26.382740623521833
