1.744727494896694
186 1.0 17.074068216246978
188 1.3010299956639813 18.394820991631416
239 1.3010299956639813 16.864483145006986
431 1.0 21.076784861203542
433 1.0 24.68064648083747
435 1.0 24.468548355039516
498 1.0 22.596184090364247
506 1.3010299956639813 20.117459620901656
514 1.0 19.011194543423425
571 1.4771212547196624 19.508904785615407
573 1.3010299956639813 34.62164344212061
732 1.0 28.96885361670166
820 1.3010299956639813 18.394820991631416
830 1.0 22.596184090364247
882 1.3010299956639813 18.91930081490118
889 1.0 17.074068216246978
94 1.4771212547196624 40.42228834338309
992 1.0 33.556122085405605
