0.2218487496163564
1000 2.1760912590556813 16.797636183579463
100 1.0 15.756951807688566
107 1.0 21.261407681253527
109 1.3010299956639813 15.561030750337954
110 1.4771212547196624 16.382580531642766
111 1.4771212547196624 16.152248564614663
112 1.4771212547196624 16.283682408859754
113 1.4771212547196624 16.11034052774081
114 1.4771212547196624 16.193892293870782
115 1.4771212547196624 16.237932532274638
116 1.6020599913279625 16.285640371001193
117 1.6020599913279625 21.166129822732998
118 1.0 14.722236801759516
120 1.0 22.67074148141845
125 1.0 17.797417400691103
132 1.0 31.9240224086541
133 1.0 31.18619433249154
134 1.0 27.567002922119546
135 1.0 29.53008637972915
136 1.0 23.748484428238577
137 1.0 22.922196064917607
138 1.0 22.291356872514033
139 1.3010299956639813 17.437449700363672
140 1.0 21.068838098294076
141 1.3010299956639813 22.083311659467373
142 1.3010299956639813 19.04038571666816
143 1.3010299956639813 21.629493927449314
144 1.4771212547196624 19.628955678670632
145 1.6020599913279625 13.597726219616904
146 1.0 38.443348131520054
147 1.0 38.27432982034523
148 1.3010299956639813 39.73153365749456
149 1.0 36.714155384577936
14 1.0 14.523826702761134
150 1.0 30.64451579794581
151 1.0 28.69713041845068
152 1.0 26.43569384136088
153 1.0 27.124579821694358
154 3.225309281725863 38.92312411360697
155 3.2695129442179165 39.65608647202028
156 2.4913616938342726 32.80078913912944
157 2.785329835010767 27.318575173705053
158 1.0 40.36801588254125
159 1.0 34.663276209978875
15 1.0 14.523826702761134
160 1.0 33.51414632402991
161 1.0 40.68786868352573
162 1.0 29.200185832126223
163 1.0 27.444701699266258
170 1.6020599913279625 16.92269399053892
171 1.0 17.299828196424077
173 1.0 18.85938858887468
174 1.0 25.443847031718235
176 1.0 22.379256958057034
182 1.0 13.400748018246638
183 1.3010299956639813 13.37355243095153
185 1.0 24.640160608655044
186 1.3010299956639813 17.074068216246978
187 1.0 25.365184410989947
188 1.3010299956639813 18.394820991631416
189 1.0 22.794574400913437
190 2.113943352306837 20.72132492096882
191 2.113943352306837 30.983771998615772
192 1.6989700043360187 16.982274168574502
195 1.3010299956639813 16.82457919792204
196 1.3010299956639813 16.82457919792204
197 1.845098040014257 21.73615837537494
199 1.3010299956639813 19.95515608969582
19 1.6020599913279625 22.906892828979473
1 1.6020599913279625 24.099314783282633
201 1.6020599913279625 16.675223517292782
202 1.3010299956639813 16.202778266288398
204 1.3010299956639813 17.837739327910686
205 1.3010299956639813 18.460464588544884
207 1.3010299956639813 18.798742484766407
209 1.0 19.7404272810474
211 1.3010299956639813 19.87652496554322
213 1.4771212547196624 19.298818028563065
214 1.0 18.044528672125754
216 1.4771212547196624 16.421261094972383
218 1.0 15.989944117470667
219 1.6020599913279625 20.060459993820544
21 1.0 18.049400889846094
220 1.0 15.886881268828224
223 1.6020599913279625 19.5018082949504
226 1.0 16.343763522087997
227 1.0 16.92409468367376
228 1.0 19.271408794907185
229 1.3010299956639813 19.919432784468437
232 1.3010299956639813 18.460464588544884
233 1.3010299956639813 18.798742484766407
236 1.0 23.511023087218234
237 1.0 18.99543449459334
238 1.0 17.79360469731602
245 1.6020599913279625 16.518884647461846
246 1.3010299956639813 15.611383332448497
247 1.0 17.92587263398071
249 1.6020599913279625 22.75668213035031
24 1.0 22.714650363605696
251 1.4771212547196624 16.101277881366933
252 1.4771212547196624 15.94853123487721
253 2.146128035678238 16.431910230774704
254 2.113943352306837 16.42690925065229
255 2.146128035678238 16.359891446453577
256 2.1760912590556813 16.797636183579463
258 1.6020599913279625 32.05900432440354
259 1.4771212547196624 34.168322910342354
25 1.0 18.174910176754217
268 1.0 24.276039699169623
269 1.3010299956639813 28.06641091839446
270 1.0 26.10422328297102
271 1.0 27.296216475399984
273 1.3010299956639813 15.490090513554941
274 1.0 16.400153272087692
275 1.0 17.353484581504098
276 1.0 20.303531424387252
278 1.3010299956639813 24.438116936080927
27 2.146128035678238 16.156094595531805
280 1.0 19.375567339230585
284 1.0 16.021430614511992
285 2.113943352306837 27.333530767834674
286 1.845098040014257 30.579284727285547
288 1.6020599913279625 16.518884647461846
289 1.4771212547196624 19.41814822026422
28 2.113943352306837 13.960944211158973
290 1.3010299956639813 19.344122607461724
291 1.0 17.88610079038451
292 1.0 16.614286248179223
295 1.0 18.766205879960378
296 1.0 21.560794875219035
297 1.0 18.44466466993366
29 2.079181246047625 14.025015129906466
2 1.845098040014257 25.673207973589584
304 2.230448921378274 16.616668083737665
305 2.462397997898956 17.98399116678101
306 2.4771212547196626 18.739668070348888
307 2.204119982655925 16.630431048976302
308 1.9542425094393248 18.477335563541324
309 1.6989700043360187 17.72718103523344
30 1.7781512503836436 13.64543814345686
310 1.6020599913279625 16.384505338266393
311 2.4913616938342726 18.601480963958362
312 2.146128035678238 16.364677803659443
313 2.1760912590556813 16.271444758929782
314 2.146128035678238 16.718741339460014
315 2.113943352306837 16.06942654142066
316 2.230448921378274 16.866249934906318
317 1.4771212547196624 16.431343755560334
320 1.0 14.004614743358394
321 1.0 14.004614743358394
324 1.0 14.075838664530483
328 1.7781512503836436 32.88047364596294
329 1.0 24.220820861806594
330 1.0 25.015154858124397
331 1.0 26.442768047844584
332 1.0 26.156648054217282
334 1.3010299956639813 14.366023473538
335 1.7781512503836436 26.592389103304416
336 1.0 27.213017312486674
339 1.3010299956639813 21.777753188456284
340 1.3010299956639813 17.837739327910686
341 1.3010299956639813 20.951702374187988
342 1.4771212547196624 19.41814822026422
345 1.6020599913279625 19.45537620834872
346 1.0 17.379200642449316
348 2.0 18.44095543145629
349 1.3010299956639813 16.95637498328479
350 1.4771212547196624 18.249780831901347
351 1.7781512503836436 19.334505504177955
352 1.6020599913279625 22.315951883102834
353 1.845098040014257 25.406505472371265
354 1.0 20.162522130165478
355 1.0 20.7163402836389
356 1.0 19.686795467789832
358 1.0 15.03049511803453
372 1.0 16.799196227548762
374 2.113943352306837 15.477325925939487
377 1.0 12.997490719339234
378 1.0 13.047685080108735
379 1.0 24.673753214847594
380 1.4771212547196624 15.615254870204684
381 1.3010299956639813 17.128445544541883
382 1.0 13.947325129469858
383 1.0 23.402720804995248
384 1.0 13.169531315133195
385 1.6989700043360187 18.664082738893658
386 1.0 13.016779750010134
388 1.0 12.97081670326476
389 1.3010299956639813 17.411970458585486
38 1.3010299956639813 15.275369084039284
390 1.0 23.009670542854348
391 2.079181246047625 15.480475837789893
392 1.9030899869919435 14.967448726783925
393 1.0 14.318131975422032
394 1.0 15.748925436938276
397 1.6989700043360187 34.76173337398946
399 1.7781512503836436 31.06364857854412
3 1.845098040014257 25.673207973589584
400 1.7781512503836436 19.159509087472838
401 1.0 14.1192438041068
402 2.255272505103306 24.177242781351655
403 1.9030899869919435 16.399120626275778
407 2.0 16.206807375934993
409 1.3010299956639813 18.798742484766407
411 1.4771212547196624 18.356977856408704
412 1.6989700043360187 21.758302257583633
413 1.3010299956639813 19.441687508621293
414 1.0 19.240697556286563
415 1.0 16.854896388101817
417 1.4771212547196624 18.642503692692046
418 1.0 15.939621763732179
419 1.0 17.11396415772215
420 1.3010299956639813 16.4406842597468
421 1.4771212547196624 22.714705200606023
422 1.6989700043360187 19.196609027115258
423 1.0 15.351295233681704
42 1.4771212547196624 17.36771058332882
431 1.3010299956639813 21.076784861203542
432 1.4771212547196624 20.140245569349506
433 1.3010299956639813 24.68064648083747
434 1.845098040014257 26.054272842923844
435 1.3010299956639813 24.468548355039516
436 1.0 18.15542263413017
43 1.4771212547196624 17.141090857518964
441 2.255272505103306 31.735712827979288
442 1.0 13.255394418793399
443 1.0 13.077186323829823
444 1.9030899869919435 29.526890635247195
445 1.3010299956639813 16.923811634708713
447 1.0 17.43776619662874
448 1.0 18.647997157938995
449 1.0 16.13298238638009
44 1.6020599913279625 15.731627971229939
450 1.0 16.00461083590737
451 1.0 15.797072840726699
452 1.0 15.65046621316542
453 1.6020599913279625 19.168795308535405
454 1.6020599913279625 16.518884647461846
455 1.4771212547196624 15.077540523688015
456 1.0 14.185030139327283
457 1.4771212547196624 18.43689483349195
458 1.4771212547196624 17.695365074715316
459 1.3010299956639813 24.541701226408268
460 1.6989700043360187 16.24091782837226
469 1.3010299956639813 13.756353540188055
471 1.6020599913279625 24.01537280312254
472 1.0 26.198430887398857
473 1.0 20.456210819322695
476 1.4771212547196624 15.745555167328087
478 1.4771212547196624 16.265225052820202
479 1.4771212547196624 16.116413501007873
47 1.0 19.549619832587243
480 1.4771212547196624 16.113389796665334
481 1.6020599913279625 15.708611586019918
482 1.3010299956639813 19.755861749534457
483 1.3010299956639813 14.843383405093189
484 1.0 16.33121855046969
485 1.0 14.548650732915977
486 1.0 18.698257556219072
487 1.0 19.112909051912595
488 1.3010299956639813 18.91692636651541
489 1.0 18.813161782127867
490 2.113943352306837 13.960944211158973
491 1.0 18.157117953750248
493 1.3010299956639813 15.275369084039284
494 1.845098040014257 22.47464478924292
495 1.0 16.86418674665899
496 1.4771212547196624 17.074026788002808
497 1.7781512503836436 21.557388215952543
498 1.6020599913279625 22.596184090364247
49 1.0 16.36609320638818
4 1.7781512503836436 14.41280745587774
500 2.0 27.79974623106974
501 1.0 24.640160608655044
502 1.4771212547196624 18.60296721930803
503 1.6020599913279625 24.96783731854743
504 1.0 18.391649858504977
505 1.6020599913279625 17.827254209129045
506 1.4771212547196624 20.117459620901656
508 1.4771212547196624 17.36771058332882
509 1.6989700043360187 16.17664537722168
510 1.3010299956639813 21.594628676437562
512 1.4771212547196624 21.108817330045582
513 1.7781512503836436 17.51618482981768
514 1.3010299956639813 19.011194543423425
515 2.255272505103306 23.20380250236597
516 1.3010299956639813 20.36682894213624
517 1.0 16.626536411088022
519 2.591064607026499 20.706175002637085
51 1.0 16.49843751688567
520 2.1760912590556813 25.214633181541256
521 1.4771212547196624 15.124311784902089
522 1.4771212547196624 16.167444031550037
523 1.0 19.697674446970826
524 1.0 18.188013959901607
525 1.4771212547196624 20.543320381954224
526 1.3010299956639813 17.752415668623385
527 1.845098040014257 20.61363026869414
528 1.6020599913279625 21.12339116570097
529 1.3010299956639813 16.631082353314728
530 1.0 17.01946628290197
531 1.0 20.572525808084006
537 1.4771212547196624 17.141090857518964
538 1.3010299956639813 16.052093028525185
539 1.0 20.581818087864594
53 1.0 15.516879946428599
540 1.0 23.36967033208018
541 1.0 18.888440514559967
542 1.0 19.728868427436186
543 1.0 18.30187230227827
544 1.3010299956639813 21.7329857487666
546 1.3010299956639813 23.31908484052949
548 1.0 19.056516086799924
549 1.0 19.672691459680365
550 1.3010299956639813 22.418090015600434
551 1.0 15.64922422599311
552 1.3010299956639813 21.18617303846442
553 1.0 20.46546645488232
555 1.0 22.42238581080986
55 1.0 16.140070803745896
561 1.0 26.19567707123272
562 1.0 20.63816033660684
563 1.3010299956639813 23.476641362660768
564 1.6020599913279625 15.731627971229939
565 1.3010299956639813 25.067378635529828
566 1.0 24.435514902659826
567 1.0 23.07027838400899
573 1.6989700043360187 34.62164344212061
574 2.204119982655925 16.969820351885488
575 2.278753600952829 16.63120895803179
576 2.255272505103306 16.389629448511823
578 1.4771212547196624 16.152119214909096
579 1.3010299956639813 17.22512975082521
57 1.4771212547196624 16.169816605433944
580 1.0 16.49843751688567
586 1.0 15.516879946428599
592 1.0 15.957605833185818
593 1.4771212547196624 18.09585950831236
59 1.0 17.054311793451188
604 1.0 16.140070803745896
608 1.0 15.484181606986061
612 1.4771212547196624 16.40190763707712
613 2.9444826721501687 22.32306959448592
614 2.230448921378274 16.27710509361273
615 1.845098040014257 17.287230481631443
616 3.0293837776852097 23.902881671535816
617 1.4771212547196624 16.314388963414707
618 1.4771212547196624 16.289314548847216
619 1.4771212547196624 16.011110159818838
620 1.4771212547196624 16.033724637658167
621 1.4771212547196624 15.932112845694121
622 1.4771212547196624 16.21874466519853
623 2.1760912590556813 16.32959493311789
624 2.204119982655925 16.49972484873875
625 1.4771212547196624 16.28000849899647
628 1.6020599913279625 15.593254352876475
629 1.6020599913279625 17.460816329506702
630 1.4771212547196624 15.480740248068322
631 1.4771212547196624 16.9948601162417
632 1.6020599913279625 19.9752240481514
633 1.6989700043360187 22.269887599954423
634 1.6989700043360187 20.53889892996114
635 1.4771212547196624 21.5228993608598
636 1.6020599913279625 18.05674668124595
637 1.7781512503836436 16.02625467467848
638 1.7781512503836436 15.377715785664936
639 1.7781512503836436 18.00030745664779
641 1.0 14.171141946750199
642 1.0 13.861069010357436
643 1.3010299956639813 19.64025085319644
645 1.4771212547196624 16.169816605433944
648 1.0 22.794574400913437
651 1.845098040014257 21.73615837537494
653 1.3010299956639813 19.95515608969582
655 1.845098040014257 22.47464478924292
657 1.3010299956639813 18.460464588544884
659 1.3010299956639813 18.798742484766407
65 1.0 18.842982330593173
660 1.0 17.054311793451188
661 1.3010299956639813 17.17957125410552
662 1.0 19.61461115210067
663 1.0 19.44490454387257
665 1.0 20.62218664974217
666 1.0 21.979048869070308
669 1.6020599913279625 17.756055320837486
66 1.6020599913279625 17.304976281070527
670 1.0 16.652523466110832
671 1.0 20.661290750656658
672 1.0 19.607432276969973
673 1.0 17.464006401007527
674 1.0 19.06561234581387
675 1.0 18.16831043775807
676 1.0 19.150858948951786
677 1.0 20.260093000467393
678 1.4771212547196624 19.909993307821388
679 1.0 17.421072102946884
67 1.0 17.777478226009574
684 1.0 16.936770172063596
685 1.6020599913279625 17.991995194459328
686 1.0 17.204501418003492
687 1.845098040014257 17.191449064838324
688 1.3010299956639813 19.47837054680664
689 1.7781512503836436 16.394314216462067
68 1.0 17.582897293622267
690 1.9542425094393248 16.958302953633954
691 1.9542425094393248 20.252883122476465
692 1.4771212547196624 17.94337135852708
693 1.4771212547196624 16.43520777799439
694 1.6989700043360187 18.13228138623654
695 1.0 13.748192686610185
696 1.0 19.78611774450118
698 1.0 13.240850542867113
69 1.845098040014257 26.43449543906486
727 2.079181246047625 15.480475837789893
728 1.9030899869919435 14.967448726783925
72 1.0 13.395393053593981
731 1.3010299956639813 13.53955424221902
732 1.845098040014257 28.96885361670166
733 1.4771212547196624 24.09659662047416
734 1.0 16.710350266628105
735 1.3010299956639813 14.99808583605626
736 1.3010299956639813 26.48297924216182
737 1.0 14.898514552522053
738 1.0 23.256531591422583
740 1.3010299956639813 14.870504244951293
742 1.0 21.68833801617828
743 1.0 13.520700102068366
744 2.113943352306837 15.477325925939487
745 2.113943352306837 15.833985711967152
746 1.4771212547196624 19.14200258825803
747 1.4771212547196624 22.34898733858306
748 1.0 14.04369359882837
749 1.0 22.58723493033533
751 1.3010299956639813 24.759982935078224
752 1.0 15.72129036276342
753 1.3010299956639813 13.792127777233018
754 1.0 21.72844942797455
75 2.113943352306837 15.477325925939487
771 1.0 19.405549325281637
772 1.7781512503836436 31.06364857854412
773 1.4771212547196624 25.098242467704086
774 1.845098040014257 23.139038800697477
775 2.591064607026499 23.494249679152507
776 1.3010299956639813 20.10376748540877
777 2.255272505103306 24.177242781351655
778 2.9822712330395684 25.828938051552868
779 2.954242509439325 28.58117033955364
77 1.6020599913279625 16.90578733542276
780 3.113943352306837 29.39263705080337
781 2.9822712330395684 26.78123592188267
782 2.792391689498254 28.670617617530514
783 2.8573324964312685 24.23640676791617
784 2.113943352306837 28.829559825624525
785 2.0413926851582254 15.098695198629603
786 2.0413926851582254 16.457876252502427
787 2.0413926851582254 16.369818376127807
788 2.0 16.704463784263226
789 2.0 16.883045284589098
78 1.3010299956639813 15.342485760021395
790 2.0 16.472332298017896
791 2.0 16.278477087768408
792 2.0 16.385978603831017
79 1.6020599913279625 14.2120124870126
7 1.3010299956639813 20.662205334068826
802 1.845098040014257 21.49817099427365
803 1.0 16.74751991200512
808 1.3010299956639813 27.292695599132404
809 1.7781512503836436 23.93775068948324
80 1.0 15.71248572680523
810 1.0 15.100671070076253
811 1.0 19.284259305458484
812 1.3010299956639813 18.445184780380607
814 1.845098040014257 21.49817099427365
815 1.6989700043360187 20.604951603302737
816 1.0 26.40168560543113
817 1.6020599913279625 16.90578733542276
818 1.3010299956639813 15.490090513554941
819 1.0 14.38700094710823
81 1.3010299956639813 15.777603950735331
820 1.3010299956639813 18.394820991631416
821 1.3010299956639813 19.344122607461724
822 2.113943352306837 20.72132492096882
823 2.113943352306837 30.983771998615772
824 1.6989700043360187 16.982274168574502
825 1.0 16.614286248179223
826 1.3010299956639813 16.82457919792204
827 1.0 14.220677268086096
828 1.4771212547196624 17.074026788002808
829 1.7781512503836436 21.557388215952543
830 1.6020599913279625 22.596184090364247
831 2.0 27.79974623106974
832 1.3010299956639813 15.777603950735331
833 1.7781512503836436 15.885438230900338
846 1.0 15.59449419482713
84 1.0 25.365184410989947
852 1.7781512503836436 21.864410189197464
854 1.9030899869919435 20.336569559735775
856 1.0 17.292029554288533
857 1.3010299956639813 13.402048992728766
858 1.0 13.737800952945475
859 1.6020599913279625 17.03148242460064
85 1.0 20.97110134921298
864 2.079181246047625 22.523102482333243
866 1.0 13.047685080108735
867 2.1760912590556813 36.43404557128479
870 1.0 13.12410324363886
873 1.4771212547196624 25.188400405739408
875 1.0 15.780042124305094
877 1.4771212547196624 22.452284526648562
878 1.6989700043360187 27.134111744574057
879 1.4771212547196624 22.452284526648562
87 1.6020599913279625 24.835731385689954
880 2.0 33.12096543823041
882 1.3010299956639813 18.91930081490118
883 1.6989700043360187 16.982274168574502
884 1.0 16.86418674665899
885 2.230448921378274 16.616668083737665
886 2.462397997898956 17.98399116678101
887 2.4771212547196626 18.739668070348888
888 2.204119982655925 16.630431048976302
889 1.3010299956639813 17.074068216246978
88 1.0 14.220677268086096
890 1.9542425094393248 18.477335563541324
891 1.6989700043360187 17.72718103523344
892 1.6020599913279625 16.384505338266393
893 1.4771212547196624 15.109347256076695
894 2.230448921378274 16.898218574553624
895 1.3010299956639813 15.682046710929198
896 1.0 15.756951807688566
898 1.0 14.029360356309446
899 1.0 14.135030468925212
900 1.0 13.961964508318792
902 1.0 16.786437281709325
903 1.3010299956639813 13.386337821254202
908 1.3010299956639813 18.24824091238585
909 1.0 17.04982557935131
90 1.3010299956639813 17.747677710827986
911 1.4771212547196624 21.53343177229172
913 1.3010299956639813 18.473312192215285
914 1.3010299956639813 15.862380670664196
915 1.0 13.215987053712176
916 1.3010299956639813 20.322029692038072
917 1.3010299956639813 21.083151146519995
918 1.4771212547196624 24.222096258795588
91 1.845098040014257 21.73615837537494
921 1.4771212547196624 16.37330158288374
922 1.845098040014257 21.35873785771627
924 1.0 13.205624156976544
925 1.4771212547196624 17.14677502578712
926 1.4771212547196624 15.604094532541186
927 1.3010299956639813 18.7642269613462
928 1.4771212547196624 13.530775756530662
929 1.0 15.284913596427298
92 1.6989700043360187 21.402892320890444
930 1.6020599913279625 22.37231226242215
931 1.3010299956639813 19.569247311356932
932 1.4771212547196624 22.35128407421646
933 1.0 19.069899742909588
934 1.6020599913279625 16.479445906159526
935 1.3010299956639813 21.549494779071786
936 1.0 20.64389709578883
937 1.0 17.488110770017975
938 1.0 17.906540871879564
939 1.0 19.57746517154891
940 1.0 16.052956231011144
942 1.0 19.45006435459591
943 1.0 19.402058534341666
944 1.4771212547196624 19.917140587765708
945 1.0 16.481630601170867
946 1.0 19.482666389137716
947 1.0 19.409288369513817
949 1.0 16.36144171601765
94 1.3010299956639813 40.42228834338309
950 1.0 16.21290906039629
951 1.3010299956639813 25.40756427571084
952 1.0 19.20083241364576
953 1.3010299956639813 19.129941566095997
954 1.0 20.62218664974217
955 1.4771212547196624 19.358190264880896
956 1.3010299956639813 20.484965365855015
957 1.0 18.152757365381166
958 1.0 21.012855683925522
959 1.0 19.190356568188804
960 1.0 20.844073091142132
961 1.0 18.914849636919964
978 1.0 19.932540595234652
982 1.0 19.85729433713603
984 1.0 17.695911660502205
985 1.0 20.023207099137547
988 1.6989700043360187 18.29479303891827
989 1.0 17.072459926998317
990 1.0 19.267169356987246
992 2.3979400086720375 33.556122085405605
993 1.4771212547196624 16.101277881366933
994 2.1760912590556813 16.371703937607325
995 1.4771212547196624 16.320376040179806
996 1.4771212547196624 15.94853123487721
997 2.146128035678238 16.431910230774704
998 2.113943352306837 16.42690925065229
999 2.146128035678238 16.359891446453577
