1.1426675035687315
113 1.6020599913279625 16.83451201033724
119 1.0 22.648675884415564
140 1.0 22.06065850896495
184 1.3010299956639813 24.619860170608522
190 1.6989700043360187 30.967630313961816
1 1.3010299956639813 24.469666509833758
200 1.3010299956639813 16.645211904679204
211 1.0 22.03031942410671
218 1.0 20.03551983762025
242 1.3010299956639813 17.48060764330447
257 1.0 32.04340428656301
327 1.3010299956639813 32.86526353435894
328 1.0 24.20016866097684
336 1.3010299956639813 17.48060764330447
347 1.0 18.41382190706093
401 1.0 24.1565533242725
406 1.0 16.1759267221591
40 1.0 13.93856437997273
427 1.0 12.893490060867618
428 1.0 12.958964657691968
429 1.0 12.90842531252077
430 1.3010299956639813 21.053048712370824
431 1.0 20.115404335824383
432 1.4771212547196624 24.66037937080602
434 1.3010299956639813 24.448105419498397
459 1.0 16.318175390056652
460 1.0 14.356967600895358
471 1.0 26.179338818270686
483 1.3010299956639813 16.072305173973206
488 1.0 18.786565844786978
494 1.6020599913279625 16.83451201033724
497 1.0 22.57404561538827
500 1.3010299956639813 24.619860170608522
508 1.0 16.145707035010496
520 1.0 15.091216218944323
526 1.0 20.589360185649852
566 1.0 23.04859528725498
580 1.0 25.521710205582426
581 1.4771212547196624 26.831073433021917
584 1.0 30.950545053399313
670 1.845098040014257 20.6370767184495
672 1.3010299956639813 17.43535257958473
731 1.0 28.951588555136127
774 1.0 20.078881121899666
775 1.0 24.1565533242725
776 1.0 25.809572659595812
777 1.0 28.5636709471766
778 1.0 29.375621062375156
779 1.0 26.762559621671812
78 1.845098040014257 15.30986183139676
806 1.4771212547196624 27.27436952647854
807 1.4771212547196624 23.916854058840084
809 1.0 19.258313969819948
813 1.0 20.580671285807178
820 1.6989700043360187 30.967630313961816
827 1.0 22.57404561538827
829 1.3010299956639813 24.619860170608522
82 1.0 16.54101827897147
832 1.0 14.292410634951741
853 1.0 16.54101827897147
854 1.0 17.26309028263445
882 1.0 15.650130639830621
890 1.0 15.846061238571657
894 1.0 16.508326051842978
908 1.0 15.998023604552252
914 1.0 18.44622626314255
915 1.3010299956639813 15.830828169778773
91 1.0 21.379518228894476
922 1.0 16.34273553368784
927 1.0 15.57201869317147
935 1.3010299956639813 16.449077097941938
99 1.0 16.508326051842978
