1.6989700043360187
142 1.0 21.606364977884798
147 1.0 39.718947201261805
150 1.3010299956639813 28.679701781112843
151 1.6020599913279625 26.41677324871767
152 1.7781512503836436 27.106140088612186
153 1.6020599913279625 38.91027615891787
154 1.6020599913279625 39.64347606197456
155 2.0 32.78554205971943
156 1.4771212547196624 27.300266473449927
157 1.0 40.355627938282694
158 1.0 34.64884871982456
160 1.4771212547196624 40.68185651929256
161 1.4771212547196624 29.183057629910973
162 1.0 27.42647719561716
185 1.0 17.044758885154558
24 1.0 22.69262746225858
479 1.0 17.044758885154558
748 1.0 22.56508767539272
749 1.0 20.209996528594978
771 1.3010299956639813 25.078312841330952
