1.6777807052660807
227 1.0 19.245446135136124
234 1.0 18.103713917062354
246 1.0 17.897958254775837
247 1.0 16.339814628149156
310 1.0 18.574581934797493
315 1.0 16.836578834986856
419 1.3010299956639813 16.410243719356703
431 1.0 20.115404335824383
440 1.0 31.719953794102054
576 1.0 21.517861792661158
612 1.3010299956639813 22.300659992929845
731 1.0 28.951588555136127
735 1.0 26.464092456397857
737 1.0 23.235022308206137
746 1.0 22.32660375113389
773 1.0 23.472958228275314
807 1.0 23.916854058840084
809 1.0 19.258313969819948
834 1.0 19.359056970763802
883 1.0 18.574581934797493
888 1.0 16.836578834986856
