1.6989700043360187
1 1.3010299956639813 24.469666509833758
243 1.6020599913279625 25.8105965022697
258 1.0 34.15368633845293
294 1.0 18.739543300973466
327 1.3010299956639813 32.86526353435894
335 1.7781512503836436 27.194637545841633
337 1.6020599913279625 25.8105965022697
344 1.3010299956639813 19.429659374481616
576 1.0 21.517861792661158
59 1.3010299956639813 17.024968450726956
610 1.0 16.926793752845303
64 1.3010299956639813 16.707558357235154
659 1.3010299956639813 17.024968450726956
711 1.3010299956639813 16.707558357235154
72 1.0 13.358014637672541
74 1.0 13.282942259163587
780 1.3010299956639813 28.653172853466874
782 1.0 28.8122112955473
86 1.0 24.815590935179138
988 1.3010299956639813 15.586281284702965
