1.1804560644581314
112 1.0 16.952806137528757
131 1.4771212547196624 31.908356378043813
132 1.4771212547196624 31.170157473839097
133 1.3010299956639813 27.54885932499107
134 1.3010299956639813 29.51314963866556
135 1.3010299956639813 23.727421112255122
136 1.3010299956639813 22.900372757632663
137 1.3010299956639813 22.26891535791042
138 1.0 17.408752168168547
139 1.3010299956639813 21.045092986540304
140 1.0 22.06065850896495
141 1.0 19.014107610916184
142 1.0 21.606364977884798
143 1.0 19.603466556586774
145 1.4771212547196624 38.43033977941447
146 1.4771212547196624 38.26126400416704
147 1.4771212547196624 39.718947201261805
148 1.4771212547196624 36.70053413239285
149 1.0 30.628195318865107
150 1.0 28.679701781112843
151 1.0 26.41677324871767
152 1.7781512503836436 27.106140088612186
153 1.0 38.91027615891787
154 1.0 39.64347606197456
155 1.0 32.78554205971943
156 1.0 27.300266473449927
157 1.0 40.355627938282694
158 1.0 34.64884871982456
159 1.0 33.49922392874927
160 1.3010299956639813 40.68185651929256
161 1.0 29.183057629910973
163 1.0 29.043663537477517
188 1.0 22.772628792451215
189 1.0 20.697181124016947
191 1.0 16.952806137528757
238 1.3010299956639813 16.834808931146938
239 1.0 15.026860203291795
378 1.0 24.653480438007165
380 1.0 17.099229420425257
382 1.0 23.381346006518903
386 1.0 21.856373350068075
388 1.0 17.383230863411256
389 1.0 22.987930278533103
396 1.3010299956639813 34.747346764383785
404 1.0 14.731292035069075
405 1.0 17.108838352647496
430 1.0 21.053048712370824
432 1.0 24.66037937080602
434 1.0 24.448105419498397
438 1.0 16.11979502108222
439 1.0 16.057639662220197
485 1.0 18.6714979484428
486 1.0 19.08673079463014
487 1.0 18.890476520092495
488 1.0 18.786565844786978
505 1.0 20.09259021626153
526 1.0 20.589360185649852
647 1.0 22.772628792451215
735 1.0 26.464092456397857
737 1.0 23.235022308206137
741 1.0 21.665271886223913
748 1.0 22.56508767539272
819 1.0 20.697181124016947
821 1.0 16.952806137528757
834 1.4771212547196624 19.359056970763802
954 1.0 19.103786648783725
