1.744727494896694
146 1.0 38.26126400416704
147 1.0 39.718947201261805
153 1.3010299956639813 38.91027615891787
157 1.0 40.355627938282694
160 1.0 40.68185651929256
19 1.0 22.88505492845388
257 1.0 32.04340428656301
315 1.0 16.836578834986856
327 1.0 32.86526353435894
328 1.0 24.20016866097684
45 1.0 13.951854541745044
470 1.0 23.994543772969674
556 1.6020599913279625 32.02299329624464
557 1.7781512503836436 29.473606133346674
7 1.0 20.637992374919182
878 1.0 33.105865818015594
888 1.0 16.836578834986856
93 1.0 40.4099170367325
