1.0315170514460648
120 1.3010299956639813 22.67074148141845
122 1.7781512503836436 25.99704858881334
123 1.9030899869919435 21.94118068747015
126 1.0 19.10717613125738
128 1.0 18.640638875516817
134 1.0 27.567002922119546
143 1.0 21.629493927449314
146 1.3010299956639813 38.443348131520054
148 1.4771212547196624 39.73153365749456
149 1.0 36.714155384577936
154 1.0 38.92312411360697
155 1.7781512503836436 39.65608647202028
156 1.0 32.80078913912944
158 1.0 40.36801588254125
159 1.4771212547196624 34.663276209978875
160 1.3010299956639813 33.51414632402991
161 1.6989700043360187 40.68786868352573
162 1.0 29.200185832126223
164 1.0 29.060873897358988
185 1.0 24.640160608655044
191 1.4771212547196624 30.983771998615772
231 1.0 19.843697587754125
239 1.0 16.864483145006986
261 2.3979400086720375 40.472400145134394
267 1.3010299956639813 20.272569941821523
268 1.6020599913279625 24.276039699169623
269 2.1760912590556813 28.06641091839446
270 2.0 26.10422328297102
271 1.0 27.296216475399984
283 1.0 19.116081351354293
286 1.0 30.579284727285547
292 1.0 16.614286248179223
2 1.0 25.673207973589584
326 1.0 26.265110333168654
327 1.0 21.408537178610665
328 1.3010299956639813 32.88047364596294
330 1.0 25.015154858124397
333 1.0 24.251638512278973
335 1.0 26.592389103304416
397 1.0 34.76173337398946
399 2.0413926851582254 31.06364857854412
3 1.0 25.673207973589584
415 1.0 16.854896388101817
421 1.0 22.714705200606023
441 1.3010299956639813 31.735712827979288
444 1.0 29.526890635247195
459 1.3010299956639813 24.541701226408268
497 1.0 21.557388215952543
499 1.0 19.843697587754125
501 1.0 24.640160608655044
504 1.0 18.391649858504977
512 1.0 21.108817330045582
513 1.0 17.51618482981768
515 1.0 23.20380250236597
520 1.3010299956639813 25.214633181541256
552 1.0 21.18617303846442
556 1.3010299956639813 21.34923713779162
557 1.845098040014257 32.03860327247943
558 1.6020599913279625 29.49056558466878
559 1.3010299956639813 21.174473649853873
560 1.4771212547196624 32.40746376373745
561 1.0 26.19567707123272
567 1.7781512503836436 23.07027838400899
569 1.0 21.220451953962858
570 1.6020599913279625 35.00523577088447
572 2.113943352306837 29.842988809469816
573 1.9542425094393248 34.62164344212061
577 1.0 21.541085769479377
582 1.845098040014257 26.849702075967517
583 2.0 25.011711924712642
584 1.4771212547196624 23.292766275876946
585 2.0413926851582254 30.96669564390913
594 1.3010299956639813 21.479558238529965
60 1.0 20.310156825129837
656 1.0 19.843697587754125
664 1.0 17.88199680559741
684 1.0 16.936770172063596
751 1.0 24.759982935078224
772 2.0413926851582254 31.06364857854412
808 1.0 27.292695599132404
812 1.0 18.445184780380607
823 1.4771212547196624 30.983771998615772
825 1.0 16.614286248179223
829 1.0 21.557388215952543
918 1.0 24.222096258795588
927 1.0 18.7642269613462
92 1.3010299956639813 21.402892320890444
972 1.3010299956639813 19.608298803683244
976 1.0 19.12532909112134
978 1.4771212547196624 19.932540595234652
984 1.0 17.695911660502205
985 1.0 20.023207099137547
986 1.0 21.11229795390388
