1.537602002101044
244 1.0 25.829961126625353
260 1.0 27.085761995614487
261 2.0 40.472400145134394
263 1.0 21.157562303591927
267 1.0 20.272569941821523
280 1.0 19.375567339230585
281 1.0 20.385373369801357
303 1.0 14.601394337485191
323 1.0 19.99450022605915
328 1.3010299956639813 32.88047364596294
338 1.0 25.829961126625353
346 1.0 17.379200642449316
399 1.0 31.06364857854412
519 1.4771212547196624 20.706175002637085
563 1.0 23.476641362660768
581 1.0 25.541293855592556
585 1.4771212547196624 30.96669564390913
600 1.0 18.60056357999351
605 1.0 16.87814769144019
607 1.4771212547196624 13.61792327873141
611 1.0 16.956306990360925
646 1.6989700043360187 21.019109611528222
662 1.0 19.61461115210067
772 1.0 31.06364857854412
968 1.9030899869919435 20.745195199857015
985 1.0 20.023207099137547
986 1.3010299956639813 21.11229795390388
987 1.0 15.618327832578043
991 1.6020599913279625 20.996461847748183
