1.6020599913279623
100 1.0 15.756951807688566
133 1.3010299956639813 31.18619433249154
134 1.0 27.567002922119546
146 1.6020599913279625 38.443348131520054
147 1.4771212547196624 38.27432982034523
198 1.0 18.00016847208931
22 1.3010299956639813 20.042266187907835
330 1.0 25.015154858124397
379 1.0 24.673753214847594
383 1.0 23.402720804995248
387 1.0 21.87923801272718
390 1.0 23.009670542854348
397 1.0 34.76173337398946
479 1.3010299956639813 16.116413501007873
511 1.0 18.55968024231519
652 1.0 18.00016847208931
736 1.0 26.48297924216182
742 1.0 21.68833801617828
778 1.0 25.828938051552868
779 1.0 28.58117033955364
780 1.3010299956639813 29.39263705080337
784 1.0 28.829559825624525
896 1.0 15.756951807688566
985 1.0 20.023207099137547
988 1.0 18.29479303891827
