1.6575773191777938
136 1.0 22.900372757632663
137 1.0 22.26891535791042
156 1.0 27.300266473449927
161 1.4771212547196624 29.183057629910973
162 1.4771212547196624 27.42647719561716
319 1.0 13.968866600762256
320 1.0 13.968866600762256
323 1.0 14.040271867378184
386 1.0 21.856373350068075
399 1.3010299956639813 19.13339458833571
401 1.0 24.1565533242725
416 1.0 18.61566394013484
640 1.0 14.135814942016715
641 1.0 13.824949696468746
735 1.3010299956639813 26.464092456397857
737 1.3010299956639813 23.235022308206137
775 1.0 24.1565533242725
799 1.0 21.750977795505374
800 1.0 21.474900607430737
812 1.0 21.474900607430737
814 1.4771212547196624 26.382740623521833
834 1.0 19.359056970763802
