1.1870866433571445
133 1.0 27.54885932499107
136 1.4771212547196624 22.900372757632663
137 1.6989700043360187 22.26891535791042
138 1.0 17.408752168168547
139 1.0 21.045092986540304
141 1.3010299956639813 19.014107610916184
142 1.3010299956639813 21.606364977884798
143 1.7781512503836436 19.603466556586774
147 1.3010299956639813 39.718947201261805
148 1.0 36.70053413239285
149 1.0 30.628195318865107
150 1.3010299956639813 28.679701781112843
152 1.0 27.106140088612186
153 1.0 38.91027615891787
154 1.4771212547196624 39.64347606197456
155 1.845098040014257 32.78554205971943
159 1.3010299956639813 33.49922392874927
160 1.6020599913279625 40.68185651929256
161 1.9542425094393248 29.183057629910973
162 1.9542425094393248 27.42647719561716
163 2.146128035678238 29.043663537477517
187 1.0 18.36761931536485
190 1.0 30.967630313961816
246 1.0 17.897958254775837
277 1.0 24.417648522770687
280 1.3010299956639813 20.36083120666262
285 1.0 30.562929415100232
334 1.0 26.57358007912264
344 1.0 19.429659374481616
352 1.0 25.386817845441577
386 1.0 21.856373350068075
401 1.6020599913279625 24.1565533242725
42 1.0 17.338897626616056
432 1.0 24.66037937080602
434 1.0 24.448105419498397
444 1.4771212547196624 16.89424162983062
445 1.0 21.739884671677192
459 1.0 16.318175390056652
470 1.0 23.994543772969674
488 1.3010299956639813 18.786565844786978
507 1.0 17.338897626616056
527 1.0 21.0997074467684
54 1.0 16.32113418866619
556 1.0 32.02299329624464
588 1.0 16.32113418866619
605 1.3010299956639813 18.5040994848109
632 1.0 22.247424428787344
69 1.0 26.41557398804616
735 1.0 26.464092456397857
748 1.0 22.56508767539272
749 1.0 20.209996528594978
771 1.3010299956639813 25.078312841330952
775 1.6020599913279625 24.1565533242725
776 1.0 25.809572659595812
779 1.0 26.762559621671812
780 1.3010299956639813 28.653172853466874
80 1.0 15.680631610845849
817 1.0 18.36761931536485
820 1.0 30.967630313961816
844 1.0 15.562398568103088
86 1.0 24.815590935179138
909 1.0 18.220820409533506
926 1.0 17.117590186266202
93 1.0 40.4099170367325
983 1.4771212547196624 19.832098688531545
