1.6020599913279623
131 1.845098040014257 31.908356378043813
132 1.6020599913279625 31.170157473839097
133 1.3010299956639813 27.54885932499107
134 1.0 29.51314963866556
135 1.3010299956639813 23.727421112255122
136 1.0 22.900372757632663
137 1.0 22.26891535791042
138 1.3010299956639813 17.408752168168547
153 1.3010299956639813 38.91027615891787
154 1.0 39.64347606197456
155 1.3010299956639813 32.78554205971943
156 1.0 27.300266473449927
161 1.0 29.183057629910973
162 1.0 27.42647719561716
163 1.3010299956639813 29.043663537477517
401 1.4771212547196624 24.1565533242725
486 1.3010299956639813 19.08673079463014
488 1.3010299956639813 18.786565844786978
544 1.0 16.338553508044296
633 1.0 20.514540434900287
771 1.0 25.078312841330952
775 1.4771212547196624 24.1565533242725
778 1.3010299956639813 29.375621062375156
782 1.0 28.8122112955473
814 1.0 26.382740623521833
