1.2291479883578558
107 1.0 21.261407681253527
122 1.6020599913279625 25.99704858881334
123 1.6020599913279625 21.94118068747015
126 1.0 19.10717613125738
133 1.0 31.18619433249154
162 1.0 29.200185832126223
19 1.0 22.906892828979473
207 1.0 18.798742484766407
213 1.0 19.298818028563065
219 1.0 20.060459993820544
228 1.0 19.271408794907185
233 1.0 18.798742484766407
258 1.4771212547196624 32.05900432440354
260 1.0 27.085761995614487
261 1.6989700043360187 40.472400145134394
263 1.4771212547196624 21.157562303591927
264 1.3010299956639813 18.98771976077981
265 1.3010299956639813 16.744108528521995
266 1.0 24.006561347142163
267 1.0 20.272569941821523
268 1.0 24.276039699169623
269 1.0 28.06641091839446
271 1.4771212547196624 27.296216475399984
282 1.0 18.824144686242487
286 1.0 30.579284727285547
297 1.0 18.44466466993366
326 1.0 26.265110333168654
328 1.6989700043360187 32.88047364596294
329 1.0 24.220820861806594
330 1.3010299956639813 25.015154858124397
351 1.0 19.334505504177955
397 1.3010299956639813 34.76173337398946
409 1.0 18.798742484766407
413 1.4771212547196624 19.441687508621293
414 1.0 19.240697556286563
441 1.3010299956639813 31.735712827979288
444 1.4771212547196624 29.526890635247195
472 1.0 26.198430887398857
557 1.3010299956639813 32.03860327247943
560 1.0 32.40746376373745
561 1.3010299956639813 26.19567707123272
563 1.6020599913279625 23.476641362660768
565 1.3010299956639813 25.067378635529828
566 1.6020599913279625 24.435514902659826
567 1.4771212547196624 23.07027838400899
569 1.3010299956639813 21.220451953962858
573 1.0 34.62164344212061
582 1.4771212547196624 26.849702075967517
585 1.3010299956639813 30.96669564390913
659 1.0 18.798742484766407
751 1.0 24.759982935078224
77 1.0 16.90578733542276
7 1.0 20.662205334068826
807 1.3010299956639813 24.483238969908477
808 1.4771212547196624 27.292695599132404
817 1.0 16.90578733542276
873 1.3010299956639813 25.188400405739408
880 1.0 33.12096543823041
992 1.0 33.556122085405605
