1.2218487496163564
104 1.0 21.315476777332258
106 1.3010299956639813 21.237877873941795
131 2.0 31.908356378043813
132 1.4771212547196624 31.170157473839097
133 2.0 27.54885932499107
134 1.7781512503836436 29.51314963866556
135 1.7781512503836436 23.727421112255122
136 1.7781512503836436 22.900372757632663
137 1.4771212547196624 22.26891535791042
138 1.4771212547196624 17.408752168168547
141 1.9030899869919435 19.014107610916184
143 1.7781512503836436 19.603466556586774
153 1.0 38.91027615891787
157 1.4771212547196624 40.355627938282694
209 1.0 20.72532624391316
21 1.0 18.02167784870146
233 1.0 20.72532624391316
257 1.0 32.04340428656301
26 1.3010299956639813 18.618919907073398
329 1.0 24.995158982809944
334 1.4771212547196624 26.57358007912264
338 1.0 21.754781863703386
401 1.6020599913279625 24.1565533242725
409 1.0 20.72532624391316
417 1.0 15.908222464211535
418 1.6020599913279625 17.08472326939475
431 1.3010299956639813 20.115404335824383
437 1.0 16.500863545850883
452 1.3010299956639813 19.142693477683043
470 2.0413926851582254 23.994543772969674
471 1.3010299956639813 26.179338818270686
472 1.4771212547196624 20.431753744712537
486 1.6989700043360187 19.08673079463014
488 2.079181246047625 18.786565844786978
502 1.9542425094393248 24.947803517854027
514 1.6989700043360187 23.1822442953396
517 1.6020599913279625 17.875039909680364
518 1.4771212547196624 20.682013519960595
635 1.0 18.02903493564441
642 1.0 19.614776409036214
681 1.0 18.065059521538757
769 1.3010299956639813 19.37976637155202
771 1.4771212547196624 25.078312841330952
775 1.6020599913279625 24.1565533242725
776 2.462397997898956 25.809572659595812
780 1.4771212547196624 28.653172853466874
7 1.0 20.637992374919182
805 1.0 24.462808310936932
809 1.4771212547196624 19.258313969819948
810 1.3010299956639813 18.41805748667281
865 2.204119982655925 36.420319557775116
867 1.0 20.329143187123556
871 1.7781512503836436 25.16854217073077
875 1.4771212547196624 22.430004022861485
876 2.079181246047625 27.115678493576954
877 1.4771212547196624 22.430004022861485
878 2.342422680822206 33.105865818015594
91 1.0 21.379518228894476
922 1.0 16.34273553368784
988 1.0 15.586281284702965
