1.5228787452803376
105 1.0 21.33892101876266
133 1.3010299956639813 31.18619433249154
134 1.3010299956639813 27.567002922119546
154 1.0 38.92312411360697
174 1.0 25.443847031718235
191 1.0 30.983771998615772
19 1.3010299956639813 22.906892828979473
1 1.0 24.099314783282633
249 1.0 22.75668213035031
258 1.0 32.05900432440354
282 1.0 18.824144686242487
285 1.0 27.333530767834674
2 1.0 25.673207973589584
344 1.0 20.86119657744264
399 1.0 31.06364857854412
3 1.0 25.673207973589584
434 1.3010299956639813 26.054272842923844
500 1.0 27.79974623106974
520 1.0 25.214633181541256
69 1.0 26.43449543906486
772 1.0 31.06364857854412
7 1.4771212547196624 20.662205334068826
823 1.0 30.983771998615772
82 1.0 16.571218594456724
831 1.0 27.79974623106974
855 1.0 16.571218594456724
92 1.9542425094393248 21.402892320890444
930 1.0 22.37231226242215
934 1.3010299956639813 16.479445906159526
94 1.3010299956639813 40.42228834338309
