1.6777807052660807
173 1.0 25.424188320838816
175 1.0 22.356903676375765
183 1.0 13.687873218467313
258 1.6989700043360187 34.15368633845293
284 1.0 27.31523209193297
2 1.3010299956639813 25.653725024939046
321 1.3010299956639813 19.38943069849081
3 1.3010299956639813 25.653725024939046
411 1.0 21.73531037580023
432 1.3010299956639813 24.66037937080602
434 1.3010299956639813 24.448105419498397
440 1.3010299956639813 31.719953794102054
443 1.0 29.509952060039822
491 1.0 12.951111693643108
497 1.0 22.57404561538827
572 1.0 34.607198595571596
643 1.0 19.629733620293802
805 1.0 24.462808310936932
827 1.0 22.57404561538827
954 1.0 19.103786648783725
973 1.0 19.582782794447926
