1.6020599913279623
109 1.0 15.561030750337954
192 1.0 16.982274168574502
284 1.0 16.021430614511992
381 1.0 17.128445544541883
389 1.0 17.411970458585486
436 1.0 18.15542263413017
459 1.0 24.541701226408268
481 1.4771212547196624 15.708611586019918
482 1.0 19.755861749534457
483 1.0 14.843383405093189
495 1.0 16.86418674665899
510 1.0 21.594628676437562
521 1.0 15.124311784902089
560 1.0 32.40746376373745
570 1.0 35.00523577088447
771 1.0 19.405549325281637
824 1.0 16.982274168574502
883 1.0 16.982274168574502
884 1.0 16.86418674665899
902 1.0 16.786437281709325
908 1.0 18.24824091238585
909 1.0 17.04982557935131
914 1.0 15.862380670664196
925 1.0 17.14677502578712
926 1.0 15.604094532541186
