1.3279021420642825
109 1.0 15.561030750337954
133 1.0 31.18619433249154
193 1.6020599913279625 19.923584188401467
195 1.0 16.82457919792204
196 1.0 16.82457919792204
200 1.4771212547196624 22.625506653399253
207 1.3010299956639813 18.798742484766407
210 1.0 20.74943729156614
226 1.3010299956639813 16.343763522087997
230 1.4771212547196624 22.625506653399253
233 1.3010299956639813 18.798742484766407
234 1.0 20.74943729156614
237 1.3010299956639813 18.99543449459334
254 1.0 16.42690925065229
255 1.0 16.359891446453577
278 1.3010299956639813 24.438116936080927
293 1.0 13.055135198850829
294 1.0 13.009307666040192
296 1.0 21.560794875219035
297 1.4771212547196624 18.44466466993366
371 1.0 13.055135198850829
409 1.3010299956639813 18.798742484766407
410 1.0 20.74943729156614
411 1.4771212547196624 18.356977856408704
413 1.0 19.441687508621293
415 1.0 16.854896388101817
416 1.0 19.445006257673224
41 1.0 20.898009485572526
436 1.0 18.15542263413017
47 1.4771212547196624 19.549619832587243
496 1.3010299956639813 17.074026788002808
503 1.3010299956639813 24.96783731854743
523 1.0 19.697674446970826
526 1.3010299956639813 17.752415668623385
530 1.3010299956639813 17.01946628290197
533 1.3010299956639813 15.866054590928105
649 1.6020599913279625 19.923584188401467
654 1.4771212547196624 22.625506653399253
659 1.3010299956639813 18.798742484766407
826 1.0 16.82457919792204
828 1.3010299956639813 17.074026788002808
926 1.0 15.604094532541186
976 1.0 19.12532909112134
978 1.0 19.932540595234652
979 1.0 17.6480879383687
998 1.0 16.42690925065229
999 1.0 16.359891446453577
