1.537602002101044
132 1.0 31.9240224086541
135 1.0 29.53008637972915
140 1.0 21.068838098294076
141 1.0 22.083311659467373
146 1.4771212547196624 38.443348131520054
147 1.4771212547196624 38.27432982034523
148 1.6020599913279625 39.73153365749456
149 1.0 36.714155384577936
154 1.3010299956639813 38.92312411360697
158 1.0 40.36801588254125
159 1.3010299956639813 34.663276209978875
161 1.3010299956639813 40.68786868352573
162 1.3010299956639813 29.200185832126223
191 1.0 30.983771998615772
212 1.0 22.053003739358804
235 1.0 18.131311524289607
250 1.6020599913279625 21.593723016307443
353 1.0 25.406505472371265
444 1.0 29.526890635247195
562 1.0 20.63816033660684
647 1.4771212547196624 18.531080228224845
685 1.4771212547196624 17.991995194459328
694 1.4771212547196624 18.13228138623654
69 1.0 26.43449543906486
823 1.0 30.983771998615772
864 1.0 22.523102482333243
867 1.0 36.43404557128479
880 1.4771212547196624 33.12096543823041
94 1.4771212547196624 40.42228834338309
