1.7958800173440752
197 1.6989700043360187 21.73615837537494
1 1.0 24.099314783282633
24 1.0 22.714650363605696
346 1.0 17.379200642449316
348 1.3010299956639813 18.44095543145629
42 1.0 17.36771058332882
508 1.0 17.36771058332882
550 1.0 22.418090015600434
651 1.6989700043360187 21.73615837537494
669 1.3010299956639813 17.756055320837486
671 1.0 20.661290750656658
82 1.0 16.571218594456724
855 1.0 16.571218594456724
91 1.6989700043360187 21.73615837537494
952 1.0 19.20083241364576
986 1.0 21.11229795390388
