1.537602002101044
216 1.0 16.721725650862297
249 1.0 21.570555711548227
275 1.0 20.27889021374396
285 1.3010299956639813 30.562929415100232
288 1.0 19.392382017280667
289 1.0 19.318257671242296
301 1.0 15.848797334570648
327 1.3010299956639813 32.86526353435894
341 1.0 19.392382017280667
363 1.0 12.97081670326476
433 1.0 26.035075059878718
524 1.0 20.518967135692183
527 1.0 21.0997074467684
528 1.0 16.600990941589497
529 1.3010299956639813 16.990062759002303
568 1.3010299956639813 21.196876683380644
599 1.0 18.573663222245116
600 1.0 13.074202270093174
604 1.0 16.848497544115553
60 1.0 20.28552366248819
64 1.0 16.707558357235154
711 1.0 16.707558357235154
818 1.0 19.318257671242296
862 1.0 22.500892102974184
86 1.0 24.815590935179138
969 1.0 20.721079216106737
977 1.6020599913279625 19.099167857362065
992 1.0 20.972634792127216
993 1.0 33.541218365030296
