0.7695510786217261
1000 1.0 16.329300295473313
109 1.4771212547196624 19.715945972128416
111 1.7781512503836436 18.8928542926875
131 1.7781512503836436 31.908356378043813
132 1.9542425094393248 31.170157473839097
133 1.6020599913279625 27.54885932499107
134 1.4771212547196624 29.51314963866556
135 1.4771212547196624 23.727421112255122
136 1.3010299956639813 22.900372757632663
137 1.3010299956639813 22.26891535791042
139 1.4771212547196624 21.045092986540304
140 1.4771212547196624 22.06065850896495
141 1.0 19.014107610916184
142 1.3010299956639813 21.606364977884798
145 2.623249290397901 38.43033977941447
146 2.6434526764861874 38.26126400416704
147 2.6127838567197355 39.718947201261805
148 2.690196080028514 36.70053413239285
149 2.5440680443502757 30.628195318865107
150 2.4313637641589874 28.679701781112843
151 2.0413926851582254 26.41677324871767
152 2.361727836017593 27.106140088612186
153 2.4913616938342726 38.91027615891787
154 2.230448921378274 39.64347606197456
155 2.414973347970818 32.78554205971943
156 1.9542425094393248 27.300266473449927
157 2.5440680443502757 40.355627938282694
158 2.57978359661681 34.64884871982456
159 2.6434526764861874 33.49922392874927
160 2.7708520116421442 40.68185651929256
161 2.342422680822206 29.183057629910973
162 2.146128035678238 27.42647719561716
163 2.113943352306837 29.043663537477517
169 1.3010299956639813 16.893122029317794
174 1.0 18.86162482260781
185 1.4771212547196624 17.044758885154558
192 1.0 19.898472476859148
19 1.0 22.88505492845388
203 1.7781512503836436 17.809686811690188
204 1.3010299956639813 18.43335978124768
205 1.3010299956639813 18.02662549969417
209 1.4771212547196624 20.72532624391316
21 1.4771212547196624 18.02167784870146
231 1.3010299956639813 18.43335978124768
233 1.4771212547196624 20.72532624391316
235 1.0 23.489746840008912
23 1.0 18.90126570373093
24 1.6020599913279625 22.69262746225858
253 1.0 16.396443136520976
254 1.0 16.329300295473313
256 1.0 14.651068157152437
25 1.3010299956639813 18.14737887225271
277 1.0 24.417648522770687
283 1.0 15.990191960562015
288 1.0 19.392382017280667
295 1.0 21.53759215073197
306 1.3010299956639813 16.600338456632596
317 1.3010299956639813 15.824754366327694
318 1.3010299956639813 15.762695037388225
323 1.0 14.040271867378184
324 1.0 15.723543941848508
334 1.0 26.57358007912264
339 1.7781512503836436 17.809686811690188
341 1.0 19.392382017280667
378 2.0 24.653480438007165
380 1.3010299956639813 17.099229420425257
382 1.4771212547196624 23.381346006518903
386 1.845098040014257 21.856373350068075
388 1.4771212547196624 17.383230863411256
389 1.6020599913279625 22.987930278533103
396 1.3010299956639813 34.747346764383785
398 1.3010299956639813 31.04754842191709
401 1.7781512503836436 24.1565533242725
404 1.3010299956639813 14.731292035069075
409 1.4771212547196624 20.72532624391316
411 1.0 21.73531037580023
413 1.4771212547196624 19.214693399908615
421 1.0 19.170545066323047
435 1.4771212547196624 18.127861733361883
43 1.0 17.11189632348561
440 1.0 31.719953794102054
457 1.0 24.521319277035015
478 1.3010299956639813 16.600338456632596
479 1.4771212547196624 17.044758885154558
47 1.6020599913279625 19.524027135780376
486 1.0 19.08673079463014
490 1.0 18.129559630239218
510 1.3010299956639813 18.532720542245944
516 1.0 16.59643675700407
522 1.0 19.672274363144883
524 1.0 20.518967135692183
526 1.0 20.589360185649852
531 1.3010299956639813 19.203803572139346
534 1.6020599913279625 18.11192779687125
536 1.0 17.11189632348561
539 1.6020599913279625 23.34826527667759
540 1.4771212547196624 18.8619507228725
543 1.0 21.709967055619686
548 1.3010299956639813 19.647259077738575
549 1.0 22.395775493328287
56 1.0 16.008658872883498
574 1.3010299956639813 16.601117775791995
59 1.0 17.024968450726956
5 1.0 18.45678502981382
613 1.3010299956639813 16.24635806045507
614 1.0 17.258283162732244
616 1.3010299956639813 16.2837123301042
623 1.0 16.469393434006214
625 1.0 16.008658872883498
626 1.0 15.483953915022516
627 1.3010299956639813 15.56115616891949
632 1.0 22.247424428787344
635 1.4771212547196624 18.02903493564441
639 1.3010299956639813 16.56038138552629
640 1.0 14.135814942016715
641 1.0 13.824949696468746
648 1.0 19.898472476859148
656 1.3010299956639813 18.43335978124768
657 1.3010299956639813 18.02662549969417
659 1.0 17.024968450726956
661 1.3010299956639813 19.589103365088256
662 1.0 19.41917384237332
664 1.3010299956639813 20.597926648495577
665 1.0 21.956288146883587
666 1.0 20.41689440117043
676 1.3010299956639813 20.23539889371069
712 1.0 16.15335632829963
731 1.3010299956639813 28.951588555136127
735 2.278753600952829 26.464092456397857
737 1.9030899869919435 23.235022308206137
741 1.6020599913279625 21.665271886223913
745 1.3010299956639813 19.115864173216895
748 1.7781512503836436 22.56508767539272
749 1.6989700043360187 20.209996528594978
770 1.3010299956639813 31.04754842191709
771 1.7781512503836436 25.078312841330952
773 1.3010299956639813 23.472958228275314
774 1.0 20.078881121899666
775 1.7781512503836436 24.1565533242725
776 1.3010299956639813 25.809572659595812
777 1.7781512503836436 28.5636709471766
778 1.9542425094393248 29.375621062375156
779 1.845098040014257 26.762559621671812
780 1.9542425094393248 28.653172853466874
781 1.6989700043360187 24.215767859390553
782 2.0413926851582254 28.8122112955473
807 1.3010299956639813 23.916854058840084
814 1.6989700043360187 26.382740623521833
834 1.4771212547196624 19.359056970763802
86 1.7781512503836436 24.815590935179138
890 1.0 15.846061238571657
891 1.3010299956639813 20.556957071190386
894 1.0 16.508326051842978
909 1.6989700043360187 18.220820409533506
910 1.0 17.02047450238395
926 1.0 17.117590186266202
936 1.3010299956639813 21.526279874452115
938 1.0 17.459496507758143
93 2.204119982655925 40.4099170367325
954 1.4771212547196624 19.103786648783725
955 1.3010299956639813 20.597926648495577
956 1.0 19.332344149929916
969 1.0 20.721079216106737
981 1.6989700043360187 18.147091699710654
983 1.6020599913279625 19.832098688531545
985 1.0 17.667633952974512
986 1.3010299956639813 19.998220484206893
993 1.0 33.541218365030296
999 1.0 16.396443136520976
99 1.0 16.508326051842978
