0.906578314837765
106 1.3010299956639813 21.237877873941795
121 1.3010299956639813 25.97780851667672
133 1.0 27.54885932499107
134 1.0 29.51314963866556
135 1.0 23.727421112255122
136 1.0 22.900372757632663
138 1.0 17.408752168168547
145 1.0 38.43033977941447
146 1.0 38.26126400416704
147 1.6020599913279625 39.718947201261805
148 1.6989700043360187 36.70053413239285
149 1.3010299956639813 30.628195318865107
14 1.0 14.489359616347349
150 1.0 28.679701781112843
151 1.4771212547196624 26.41677324871767
152 1.4771212547196624 27.106140088612186
153 1.9030899869919435 38.91027615891787
154 1.845098040014257 39.64347606197456
155 1.3010299956639813 32.78554205971943
156 1.3010299956639813 27.300266473449927
15 1.0 14.489359616347349
161 1.3010299956639813 29.183057629910973
172 1.0 18.832857933573873
174 1.0 18.86162482260781
175 1.0 22.356903676375765
184 1.7781512503836436 24.619860170608522
186 1.0 25.345464687070297
190 1.3010299956639813 30.967630313961816
22 1.0 20.017303363514117
235 1.0 23.489746840008912
249 1.0 21.570555711548227
257 1.4771212547196624 32.04340428656301
258 1.4771212547196624 34.15368633845293
260 1.0 40.46004416097286
262 1.0 21.133916878571615
263 1.0 18.961368666684063
273 1.3010299956639813 16.369637361529076
275 1.3010299956639813 20.27889021374396
283 1.0 15.990191960562015
284 1.0 27.31523209193297
295 1.0 21.53759215073197
315 1.3010299956639813 16.836578834986856
317 1.3010299956639813 15.824754366327694
327 1.0 32.86526353435894
332 1.3010299956639813 24.231012577485338
371 1.0 16.769406485969878
382 1.0 23.381346006518903
389 1.0 22.987930278533103
396 1.0 34.747346764383785
398 1.6989700043360187 31.04754842191709
420 1.0 22.69268235247738
435 1.0 18.127861733361883
457 1.0 24.521319277035015
470 1.6989700043360187 23.994543772969674
471 1.0 26.179338818270686
483 1.0 16.072305173973206
486 1.0 19.08673079463014
496 1.3010299956639813 21.534181820846815
500 1.7781512503836436 24.619860170608522
514 1.0 23.1822442953396
518 1.0 20.682013519960595
522 1.3010299956639813 19.672274363144883
556 1.0 32.02299329624464
557 1.0 29.473606133346674
560 1.4771212547196624 26.176582993590046
566 1.0 23.04859528725498
56 1.0 16.008658872883498
581 1.0 26.831073433021917
60 1.0 20.28552366248819
612 1.3010299956639813 22.300659992929845
623 1.3010299956639813 16.469393434006214
625 1.0 16.008658872883498
632 1.6020599913279625 22.247424428787344
633 1.0 20.514540434900287
634 1.4771212547196624 21.49965573905078
635 1.0 18.02903493564441
638 1.0 17.972508687822355
665 1.0 21.956288146883587
704 1.0 13.009307666040192
712 1.0 16.15335632829963
731 1.3010299956639813 28.951588555136127
735 1.3010299956639813 26.464092456397857
737 1.3010299956639813 23.235022308206137
741 1.0 21.665271886223913
745 1.0 19.115864173216895
746 1.0 22.32660375113389
748 1.0 22.56508767539272
749 1.0 20.209996528594978
769 1.0 19.37976637155202
770 1.6989700043360187 31.04754842191709
777 1.0 28.5636709471766
778 1.3010299956639813 29.375621062375156
780 1.4771212547196624 28.653172853466874
781 1.0 24.215767859390553
782 1.0 28.8122112955473
7 1.0 20.637992374919182
808 1.3010299956639813 15.067523577769435
814 1.0 26.382740623521833
820 1.3010299956639813 30.967630313961816
826 1.3010299956639813 21.534181820846815
829 1.7781512503836436 24.619860170608522
83 1.0 25.345464687070297
862 1.0 22.500892102974184
865 1.6020599913279625 36.420319557775116
86 1.0 24.815590935179138
871 1.0 25.16854217073077
875 1.3010299956639813 22.430004022861485
876 1.6989700043360187 27.115678493576954
877 1.3010299956639813 22.430004022861485
878 1.3010299956639813 33.105865818015594
888 1.3010299956639813 16.836578834986856
895 1.0 16.22969191138666
909 1.0 18.220820409533506
910 1.0 17.02047450238395
912 1.3010299956639813 21.510199531662707
915 1.0 15.830828169778773
917 1.3010299956639813 20.297410938444266
946 1.0 16.45126582587042
959 1.3010299956639813 20.989047238821517
967 1.6020599913279625 20.350189453749287
972 1.0 19.669462220826514
985 1.0 17.667633952974512
991 1.0 19.241200976831678
993 1.0 33.541218365030296
