1.2518119729937995
120 1.3010299956639813 22.67074148141845
121 1.0 16.452082774442715
122 1.0 25.99704858881334
126 1.0 19.10717613125738
128 1.3010299956639813 18.640638875516817
135 1.6989700043360187 29.53008637972915
136 1.3010299956639813 23.748484428238577
140 1.3010299956639813 21.068838098294076
141 1.4771212547196624 22.083311659467373
143 1.3010299956639813 21.629493927449314
146 1.0 38.443348131520054
148 1.0 39.73153365749456
149 1.3010299956639813 36.714155384577936
154 1.0 38.92312411360697
156 1.3010299956639813 32.80078913912944
158 1.6989700043360187 40.36801588254125
159 1.0 34.663276209978875
160 1.0 33.51414632402991
162 1.0 29.200185832126223
185 1.0 24.640160608655044
1 1.0 24.099314783282633
212 1.0 22.053003739358804
22 1.0 20.042266187907835
243 1.3010299956639813 17.509187404878464
258 1.3010299956639813 32.05900432440354
259 2.113943352306837 34.168322910342354
266 1.4771212547196624 24.006561347142163
268 1.0 24.276039699169623
279 1.0 17.734346218217127
286 1.0 30.579284727285547
289 1.0 19.41814822026422
291 1.0 17.88610079038451
295 1.0 18.766205879960378
337 1.3010299956639813 17.509187404878464
342 1.0 19.41814822026422
444 1.0 29.526890635247195
446 1.0 21.762871720842014
488 1.3010299956639813 18.91692636651541
501 1.0 24.640160608655044
502 1.0 18.60296721930803
532 1.0 19.229822454648716
534 1.0 19.72223251625476
535 1.0 18.139512907437105
552 1.0 21.18617303846442
565 1.3010299956639813 25.067378635529828
569 1.3010299956639813 21.220451953962858
598 1.0 19.920097781606806
600 1.3010299956639813 18.60056357999351
60 1.0 20.310156825129837
684 1.0 16.936770172063596
69 1.0 26.43449543906486
773 1.4771212547196624 25.098242467704086
916 1.0 20.322029692038072
933 1.0 19.069899742909588
968 1.0 20.745195199857015
981 1.0 19.04032511818754
