1.7695510786217261
185 1.0 24.640160608655044
210 1.3010299956639813 20.74943729156614
231 1.0 19.843697587754125
234 1.3010299956639813 20.74943729156614
276 1.0 20.303531424387252
343 1.0 22.828476621056783
410 1.3010299956639813 20.74943729156614
434 1.0 26.054272842923844
444 1.0 29.526890635247195
497 1.0 21.557388215952543
499 1.0 19.843697587754125
501 1.0 24.640160608655044
560 1.3010299956639813 32.40746376373745
573 1.0 34.62164344212061
656 1.0 19.843697587754125
677 1.0 20.260093000467393
829 1.0 21.557388215952543
