1.744727494896694
120 1.0 22.67074148141845
200 1.0 22.625506653399253
230 1.0 22.625506653399253
258 1.3010299956639813 32.05900432440354
261 1.0 40.472400145134394
326 1.0 26.265110333168654
332 1.0 26.156648054217282
349 1.0 16.95637498328479
445 1.0 16.923811634708713
519 1.0 20.706175002637085
546 1.0 23.31908484052949
562 1.0 20.63816033660684
582 1.0 26.849702075967517
585 1.0 30.96669564390913
654 1.0 22.625506653399253
666 1.0 21.979048869070308
94 1.0 40.42228834338309
991 1.0 20.996461847748183
