1.1079053973095196
1000 1.0 16.329300295473313
109 1.0 19.715945972128416
111 1.4771212547196624 18.8928542926875
128 1.0 13.531525342744336
139 1.0 21.045092986540304
13 1.0 14.881124838959494
148 1.0 36.70053413239285
149 1.0 30.628195318865107
152 1.0 27.106140088612186
153 2.146128035678238 38.91027615891787
154 1.845098040014257 39.64347606197456
155 1.6989700043360187 32.78554205971943
156 1.3010299956639813 27.300266473449927
158 1.3010299956639813 34.64884871982456
160 1.0 40.68185651929256
161 1.4771212547196624 29.183057629910973
162 1.6989700043360187 27.42647719561716
163 1.4771212547196624 29.043663537477517
169 1.0 16.893122029317794
237 1.4771212547196624 17.76548249061496
253 1.0 16.396443136520976
254 1.0 16.329300295473313
255 1.3010299956639813 16.767843670427574
256 1.0 14.651068157152437
283 1.0 15.990191960562015
319 1.0 13.968866600762256
320 1.0 13.968866600762256
323 1.0 14.040271867378184
324 1.0 15.723543941848508
335 1.3010299956639813 27.194637545841633
378 1.6989700043360187 24.653480438007165
386 1.0 21.856373350068075
401 1.0 24.1565533242725
415 1.0 19.419275690945604
41 1.0 20.87407005016222
493 1.7781512503836436 22.45238647455196
510 1.6020599913279625 18.532720542245944
51 1.0 16.468103731109437
530 1.0 20.54820717542731
541 1.0 19.703508556272116
543 1.4771212547196624 21.709967055619686
577 1.3010299956639813 16.12113380419118
579 1.0 16.468103731109437
612 1.0 22.300659992929845
626 1.0 15.483953915022516
634 1.0 21.49965573905078
639 1.3010299956639813 16.56038138552629
640 1.0 14.135814942016715
641 1.0 13.824949696468746
654 1.7781512503836436 22.45238647455196
664 1.3010299956639813 20.597926648495577
683 1.0 16.907222831124663
691 1.3010299956639813 17.91548424436275
735 1.9030899869919435 26.464092456397857
737 1.7781512503836436 23.235022308206137
774 1.0 20.078881121899666
775 1.0 24.1565533242725
776 1.3010299956639813 25.809572659595812
777 1.6989700043360187 28.5636709471766
778 1.9030899869919435 29.375621062375156
779 2.0413926851582254 26.762559621671812
780 2.255272505103306 28.653172853466874
781 1.9030899869919435 24.215767859390553
782 2.5440680443502757 28.8122112955473
807 1.4771212547196624 23.916854058840084
86 1.6020599913279625 24.815590935179138
890 1.0 15.846061238571657
909 1.4771212547196624 18.220820409533506
910 1.0 17.02047450238395
926 1.3010299956639813 17.117590186266202
936 1.0 21.526279874452115
93 1.4771212547196624 40.4099170367325
944 1.3010299956639813 19.37627093560627
955 1.3010299956639813 20.597926648495577
981 1.0 18.147091699710654
990 1.0 17.043147830109415
993 1.7781512503836436 33.541218365030296
999 1.0 16.396443136520976
