1.431798275933005
104 1.0 21.315476777332258
131 1.0 31.908356378043813
138 1.0 17.408752168168547
143 1.0 19.603466556586774
148 1.0 36.70053413239285
153 1.0 38.91027615891787
154 1.845098040014257 39.64347606197456
157 1.7781512503836436 40.355627938282694
158 1.4771212547196624 34.64884871982456
159 2.0 33.49922392874927
160 2.113943352306837 40.68185651929256
163 1.3010299956639813 29.043663537477517
222 1.0 19.47615277135082
258 1.0 34.15368633845293
274 1.4771212547196624 17.324647965269033
334 1.6020599913279625 26.57358007912264
335 1.3010299956639813 27.194637545841633
393 1.0 15.71714517392524
404 1.0 14.731292035069075
417 1.0 15.908222464211535
440 1.4771212547196624 31.719953794102054
457 1.3010299956639813 24.521319277035015
471 1.0 26.179338818270686
472 1.4771212547196624 20.431753744712537
497 1.0 22.57404561538827
499 1.0 27.781754633425805
54 1.0 16.32113418866619
588 1.0 16.32113418866619
809 1.3010299956639813 19.258313969819948
827 1.0 22.57404561538827
828 1.0 27.781754633425805
862 1.0 22.500892102974184
865 1.3010299956639813 36.420319557775116
871 1.0 25.16854217073077
878 1.4771212547196624 33.105865818015594
938 1.3010299956639813 17.459496507758143
942 1.0 17.99083394469146
