1.5686362358410126
19 1.0 22.88505492845388
201 1.0 16.17188991882234
235 1.0 23.489746840008912
2 1.0 25.653725024939046
375 1.0 15.228685515885264
399 1.0 19.13339458833571
3 1.0 25.653725024939046
412 1.0 19.41595254379453
440 1.0 31.719953794102054
471 1.0 26.179338818270686
517 1.6989700043360187 17.875039909680364
642 1.845098040014257 19.614776409036214
643 1.6020599913279625 19.629733620293802
65 1.0 18.816428542926165
728 1.0 15.152346642235964
729 1.0 15.202096945171302
796 1.0 16.41623255841033
798 1.0 19.84500063961507
799 1.0 21.750977795505374
800 1.0 21.474900607430737
801 1.0 16.7176380868533
807 1.0 23.916854058840084
809 1.0 19.258313969819948
812 1.0 21.474900607430737
814 1.6989700043360187 26.382740623521833
93 1.0 40.4099170367325
950 1.0 16.33085346902123
