1.1674910872937636
186 1.3010299956639813 25.345464687070297
199 1.0 22.603396897878287
201 1.0 16.17188991882234
202 1.3010299956639813 18.45137749631327
207 1.6020599913279625 18.0557751805786
211 1.0 22.03031942410671
223 1.3010299956639813 18.45137749631327
224 1.6020599913279625 18.0557751805786
229 1.0 22.603396897878287
234 1.3010299956639813 18.103713917062354
236 1.0 18.969094117495082
241 1.0 20.323087997959746
243 1.0 25.8105965022697
260 1.0 40.46004416097286
266 1.0 20.247891051811926
277 1.0 24.417648522770687
283 1.0 15.990191960562015
322 1.0 19.969477691964787
325 1.0 26.246066768442137
330 1.0 26.423852520632007
332 1.0 24.231012577485338
335 1.0 27.194637545841633
337 1.0 25.8105965022697
345 1.0 17.350406766716183
371 1.0 16.769406485969878
378 1.0 24.653480438007165
415 1.0 19.419275690945604
42 1.0 17.338897626616056
43 1.0 17.11189632348561
443 1.0 29.509952060039822
448 1.0 16.101960150219295
470 1.0 23.994543772969674
47 1.0 19.524027135780376
48 1.0 14.687762810193856
49 1.3010299956639813 16.335513669309126
507 1.0 17.338897626616056
525 1.0 17.7242281093306
536 1.0 17.11189632348561
538 1.0 20.55751044757001
542 1.0 18.27453227223341
545 1.4771212547196624 23.297633308982533
549 1.0 22.395775493328287
550 1.0 15.617241077585044
574 1.0 16.601117775791995
591 1.0 15.92624199010319
61 1.3010299956639813 18.45137749631327
62 1.0 20.323087997959746
634 1.0 21.49965573905078
646 1.0 18.504078859130104
653 1.0 22.603396897878287
660 1.0 17.15044222388708
664 1.0 20.597926648495577
704 1.0 13.009307666040192
777 1.0 28.5636709471766
778 1.4771212547196624 29.375621062375156
780 1.3010299956639813 28.653172853466874
814 1.0 26.382740623521833
83 1.3010299956639813 25.345464687070297
932 1.0 19.543680316998906
936 1.0 21.526279874452115
947 1.0 19.45698562548774
952 1.3010299956639813 25.38787746985513
955 1.0 20.597926648495577
958 1.0 18.125192411844907
969 1.4771212547196624 20.721079216106737
974 1.0 18.84312245235009
981 1.0 18.147091699710654
991 1.0 19.241200976831678
