1.6989700043360187
193 1.0 19.923584188401467
203 1.4771212547196624 18.47845587465186
208 1.3010299956639813 18.083445948480012
224 1.4771212547196624 18.47845587465186
225 1.3010299956639813 18.083445948480012
231 1.3010299956639813 19.843697587754125
450 1.0 16.00461083590737
499 1.3010299956639813 19.843697587754125
526 1.0 17.752415668623385
536 1.0 17.80770137278335
547 1.0 20.421608203426736
61 1.4771212547196624 18.47845587465186
649 1.0 19.923584188401467
656 1.3010299956639813 19.843697587754125
665 1.0 20.62218664974217
666 1.0 21.979048869070308
667 1.0 20.441369254248713
878 1.0 27.134111744574057
954 1.0 20.62218664974217
985 1.0 20.023207099137547
