1.5686362358410126
157 1.0 40.355627938282694
186 1.0 25.345464687070297
1 1.0 24.469666509833758
208 1.0 19.715082278253885
243 1.0 25.8105965022697
257 1.0 32.04340428656301
277 1.0 24.417648522770687
295 1.0 21.53759215073197
332 1.0 24.231012577485338
334 1.0 26.57358007912264
337 1.0 25.8105965022697
415 1.0 19.419275690945604
45 1.0 13.951854541745044
493 1.4771212547196624 22.45238647455196
553 1.0 17.922498457011667
554 1.0 22.40007556792627
632 1.0 22.247424428787344
654 1.4771212547196624 22.45238647455196
667 1.0 16.465785588330146
81 1.0 15.73170187126443
830 1.0 15.73170187126443
83 1.0 25.345464687070297
84 1.0 20.94724544657274
86 1.9542425094393248 24.815590935179138
947 1.9030899869919435 19.45698562548774
948 1.0 19.383510389270164
977 1.0 19.099167857362065
