1.6382721639824072
186 1.0 25.345464687070297
210 1.0 19.851353724768064
216 1.0 16.721725650862297
235 1.0 23.489746840008912
248 1.0 22.73469994483774
249 1.0 21.570555711548227
256 1.0 14.651068157152437
275 1.3010299956639813 20.27889021374396
277 1.9542425094393248 24.417648522770687
295 1.0 21.53759215073197
296 1.3010299956639813 18.417536610152265
322 1.0 19.969477691964787
343 1.0 20.837214848503734
344 1.3010299956639813 19.429659374481616
524 1.0 20.518967135692183
529 1.0 16.990062759002303
534 1.6989700043360187 18.11192779687125
537 1.0 16.02091416232004
576 1.6020599913279625 21.517861792661158
592 1.0 18.068207751312215
83 1.0 25.345464687070297
936 1.0 21.526279874452115
944 1.3010299956639813 19.37627093560627
