1.6197887582883939
111 1.0 18.8928542926875
132 1.0 31.170157473839097
133 1.3010299956639813 27.54885932499107
134 1.3010299956639813 29.51314963866556
136 1.0 22.900372757632663
137 1.0 22.26891535791042
141 1.0 19.014107610916184
145 1.0 38.43033977941447
146 1.0 38.26126400416704
154 1.0 39.64347606197456
161 1.3010299956639813 29.183057629910973
21 1.0 18.02167784870146
283 1.0 15.990191960562015
382 1.0 23.381346006518903
389 1.0 22.987930278533103
486 1.0 19.08673079463014
522 1.0 19.672274363144883
748 1.0 22.56508767539272
749 1.0 20.209996528594978
771 1.3010299956639813 25.078312841330952
781 1.0 24.215767859390553
878 1.0 33.105865818015594
903 1.0 16.756624857433575
957 1.4771212547196624 20.46054266240951
