1.1870866433571445
132 1.845098040014257 31.9240224086541
133 1.6989700043360187 31.18619433249154
134 1.6989700043360187 27.567002922119546
135 1.845098040014257 29.53008637972915
136 1.4771212547196624 23.748484428238577
137 1.7781512503836436 22.922196064917607
138 1.4771212547196624 22.291356872514033
139 1.0 17.437449700363672
141 1.0 22.083311659467373
142 1.4771212547196624 19.04038571666816
144 1.0 19.628955678670632
146 1.845098040014257 38.443348131520054
147 1.9030899869919435 38.27432982034523
148 1.7781512503836436 39.73153365749456
149 1.845098040014257 36.714155384577936
150 1.3010299956639813 30.64451579794581
155 1.9542425094393248 39.65608647202028
156 1.3010299956639813 32.80078913912944
157 1.0 27.318575173705053
158 2.380211241711606 40.36801588254125
159 1.845098040014257 34.663276209978875
160 1.4771212547196624 33.51414632402991
161 1.6020599913279625 40.68786868352573
162 1.3010299956639813 29.200185832126223
163 1.3010299956639813 27.444701699266258
164 1.4771212547196624 29.060873897358988
187 1.3010299956639813 25.365184410989947
198 1.0 18.00016847208931
1 1.0 24.099314783282633
203 1.0 18.47845587465186
224 1.0 18.47845587465186
249 1.4771212547196624 22.75668213035031
26 1.3010299956639813 18.64575497280853
339 1.4771212547196624 21.777753188456284
379 1.0 24.673753214847594
383 1.0 23.402720804995248
390 1.0 23.009670542854348
399 1.0 31.06364857854412
402 1.4771212547196624 24.177242781351655
412 1.0 21.758302257583633
459 1.0 24.541701226408268
487 1.0 19.112909051912595
61 1.0 18.47845587465186
64 1.0 16.737458178003557
652 1.0 18.00016847208931
70 1.0 13.219072433822898
712 1.0 16.737458178003557
742 1.0 21.68833801617828
746 1.0 19.14200258825803
750 1.0 20.234721635985533
772 1.0 31.06364857854412
773 1.4771212547196624 25.098242467704086
777 1.4771212547196624 24.177242781351655
778 1.4771212547196624 25.828938051552868
779 1.845098040014257 28.58117033955364
780 1.4771212547196624 29.39263705080337
781 1.6989700043360187 26.78123592188267
782 1.6020599913279625 28.670617617530514
783 1.0 24.23640676791617
784 1.0 28.829559825624525
84 1.3010299956639813 25.365184410989947
85 1.0 20.97110134921298
94 1.0 40.42228834338309
953 1.4771212547196624 19.129941566095997
973 1.3010299956639813 18.869638675773842
