1.5528419686577808
107 1.0 21.261407681253527
204 1.0 17.837739327910686
214 1.0 18.044528672125754
243 1.0 17.509187404878464
260 1.0 27.085761995614487
261 1.6020599913279625 40.472400145134394
263 1.0 21.157562303591927
268 1.0 24.276039699169623
269 1.0 28.06641091839446
280 1.0 19.375567339230585
281 1.0 20.385373369801357
285 1.0 27.333530767834674
323 1.0 19.99450022605915
337 1.0 17.509187404878464
339 1.0 21.777753188456284
340 1.0 17.837739327910686
459 1.0 24.541701226408268
529 1.0 16.631082353314728
546 1.0 23.31908484052949
569 1.0 21.220451953962858
570 1.4771212547196624 35.00523577088447
572 1.0 29.842988809469816
585 1.4771212547196624 30.96669564390913
635 1.3010299956639813 21.5228993608598
662 1.0 19.61461115210067
867 1.0 36.43404557128479
946 1.0 19.482666389137716
951 1.3010299956639813 25.40756427571084
