1.1191864077192086
104 1.9542425094393248 21.315476777332258
109 1.0 19.715945972128416
111 1.0 18.8928542926875
112 1.0 16.952806137528757
131 1.0 31.908356378043813
136 1.3010299956639813 22.900372757632663
138 1.0 17.408752168168547
141 1.0 19.014107610916184
143 1.0 19.603466556586774
146 1.0 38.26126400416704
154 1.0 39.64347606197456
160 1.0 40.68185651929256
169 1.0 16.893122029317794
188 1.3010299956639813 22.772628792451215
191 1.0 16.952806137528757
196 1.4771212547196624 21.713143045615993
1 1.3010299956639813 24.469666509833758
216 1.0 16.721725650862297
246 1.0 17.897958254775837
24 1.0 22.69262746225858
258 1.0 34.15368633845293
25 1.0 18.14737887225271
334 1.0 26.57358007912264
342 1.0 22.806563635018236
345 1.0 17.350406766716183
375 1.3010299956639813 15.228685515885264
378 1.4771212547196624 24.653480438007165
382 1.0 23.381346006518903
386 1.4771212547196624 21.856373350068075
389 1.0 22.987930278533103
396 1.0 34.747346764383785
399 1.0 19.13339458833571
401 1.4771212547196624 24.1565533242725
415 1.0 19.419275690945604
416 1.0 18.61566394013484
41 1.3010299956639813 20.87407005016222
42 1.0 17.338897626616056
486 1.0 19.08673079463014
497 1.0 22.57404561538827
502 1.3010299956639813 24.947803517854027
507 1.0 17.338897626616056
519 1.0 25.19479562289961
526 1.4771212547196624 20.589360185649852
527 2.0413926851582254 21.0997074467684
539 1.0 23.34826527667759
545 1.3010299956639813 23.297633308982533
566 1.0 23.04859528725498
632 1.0 22.247424428787344
645 1.0 20.99530825830948
647 1.3010299956639813 22.772628792451215
650 1.4771212547196624 21.713143045615993
663 1.0 17.854013827579386
668 1.0 17.727873548642012
728 1.0 15.152346642235964
729 1.3010299956639813 15.202096945171302
735 1.0 26.464092456397857
737 1.3010299956639813 23.235022308206137
775 1.4771212547196624 24.1565533242725
776 1.3010299956639813 25.809572659595812
777 1.0 28.5636709471766
778 1.3010299956639813 29.375621062375156
780 1.4771212547196624 28.653172853466874
799 1.3010299956639813 21.750977795505374
800 1.3010299956639813 21.474900607430737
812 1.3010299956639813 21.474900607430737
821 1.0 16.952806137528757
827 1.0 22.57404561538827
82 1.0 16.54101827897147
834 1.0 19.359056970763802
853 1.0 16.54101827897147
86 1.3010299956639813 24.815590935179138
872 1.0 15.596352370499325
879 1.0 15.968223619979328
90 1.4771212547196624 21.713143045615993
922 1.0 16.34273553368784
98 1.0 15.596352370499325
