1.6575773191777938
1 1.0 24.469666509833758
241 1.0 20.323087997959746
285 1.0 30.562929415100232
325 1.0 26.246066768442137
326 1.0 21.385169256471997
327 1.0 32.86526353435894
328 1.0 24.20016866097684
329 1.3010299956639813 24.995158982809944
330 1.4771212547196624 26.423852520632007
331 1.3010299956639813 26.137525464974466
332 1.3010299956639813 24.231012577485338
396 1.0 34.747346764383785
437 1.0 16.500863545850883
497 1.0 22.57404561538827
530 1.0 20.54820717542731
552 1.0 20.441020454368555
562 1.0 23.455333927936188
566 1.4771212547196624 23.04859528725498
568 1.0 21.196876683380644
62 1.0 20.323087997959746
827 1.0 22.57404561538827
918 1.0 21.05942217315108
