1.4559319556497243
109 1.3010299956639813 19.715945972128416
134 1.0 29.51314963866556
135 1.0 23.727421112255122
140 1.0 22.06065850896495
145 1.7781512503836436 38.43033977941447
146 1.3010299956639813 38.26126400416704
147 1.0 39.718947201261805
148 1.3010299956639813 36.70053413239285
149 1.0 30.628195318865107
153 1.0 38.91027615891787
154 1.3010299956639813 39.64347606197456
157 1.0 40.355627938282694
161 1.3010299956639813 29.183057629910973
163 1.3010299956639813 29.043663537477517
169 1.0 16.893122029317794
22 1.0 20.017303363514117
277 1.0 24.417648522770687
305 1.0 18.712967679843132
334 1.0 26.57358007912264
378 1.3010299956639813 24.653480438007165
388 1.0 17.383230863411256
477 1.0 18.712967679843132
518 1.0 20.682013519960595
533 1.0 19.696864101303447
613 1.0 16.24635806045507
741 1.0 21.665271886223913
748 1.0 22.56508767539272
749 1.0 20.209996528594978
773 1.0 23.472958228275314
778 1.3010299956639813 29.375621062375156
780 1.3010299956639813 28.653172853466874
792 1.0 15.296720290112676
793 1.0 15.283359784295454
794 1.0 15.391766171743628
86 1.0 24.815590935179138
