1.6382721639824072
143 1.0 21.629493927449314
155 1.0 39.65608647202028
159 1.0 34.663276209978875
160 1.0 33.51414632402991
161 1.0 40.68786868352573
172 1.0 13.820669166643537
191 1.3010299956639813 30.983771998615772
350 1.0 18.249780831901347
431 1.6020599913279625 21.076784861203542
433 1.6020599913279625 24.68064648083747
435 1.6020599913279625 24.468548355039516
437 1.4771212547196624 16.518134272484215
438 1.6020599913279625 16.53113721916283
497 1.0 21.557388215952543
512 1.0 21.108817330045582
520 1.0 25.214633181541256
557 1.0 32.03860327247943
823 1.3010299956639813 30.983771998615772
829 1.0 21.557388215952543
93 1.0 19.110011561305157
94 1.3010299956639813 40.42228834338309
978 1.0 19.932540595234652
984 1.0 17.695911660502205
