1.6989700043360187
107 1.0 21.261407681253527
117 1.3010299956639813 21.166129822732998
133 1.0 31.18619433249154
137 1.0 22.922196064917607
140 1.0 21.068838098294076
148 1.0 39.73153365749456
149 1.0 36.714155384577936
155 1.0 39.65608647202028
161 1.0 40.68786868352573
19 1.0 22.906892828979473
24 1.3010299956639813 22.714650363605696
339 1.3010299956639813 21.777753188456284
678 1.0 19.909993307821388
67 1.0 17.777478226009574
852 1.3010299956639813 21.864410189197464
867 1.0 36.43404557128479
873 1.4771212547196624 25.188400405739408
878 1.0 27.134111744574057
880 1.3010299956639813 33.12096543823041
94 1.9030899869919435 40.42228834338309
