1.5686362358410126
173 1.3010299956639813 25.424188320838816
203 1.0 17.809686811690188
209 1.0 20.72532624391316
233 1.0 20.72532624391316
23 1.0 18.90126570373093
257 1.0 32.04340428656301
265 1.0 23.98572466518575
268 1.0 28.048590371713367
339 1.0 17.809686811690188
398 1.0 31.04754842191709
409 1.0 20.72532624391316
422 1.0 15.318690066440361
431 1.3010299956639813 20.115404335824383
457 1.3010299956639813 24.521319277035015
509 1.0 21.57146234433863
569 1.0 34.990949277994865
572 1.0 34.607198595571596
668 1.0 17.727873548642012
736 1.0 14.864916275301095
769 1.0 19.37976637155202
770 1.0 31.04754842191709
813 1.3010299956639813 20.580671285807178
838 1.0 14.879955303930068
933 1.0 22.32890278912787
938 1.0 17.459496507758143
93 1.0 40.4099170367325
952 1.0 25.38787746985513
