1.431798275933005
186 1.0 25.345464687070297
203 1.0 17.809686811690188
211 1.0 22.03031942410671
235 1.0 23.489746840008912
243 2.113943352306837 25.8105965022697
257 1.3010299956639813 32.04340428656301
258 1.6989700043360187 34.15368633845293
277 1.6020599913279625 24.417648522770687
279 1.0 19.349744435445626
282 1.0 19.08990744429096
285 1.0 30.562929415100232
294 1.0 18.739543300973466
335 1.9542425094393248 27.194637545841633
337 2.113943352306837 25.8105965022697
339 1.0 17.809686811690188
342 1.6020599913279625 22.806563635018236
343 1.0 20.837214848503734
361 1.3010299956639813 13.947713927095913
51 1.0 16.468103731109437
528 1.3010299956639813 16.600990941589497
530 1.0 20.54820717542731
531 1.0 19.203803572139346
533 1.0 19.696864101303447
534 1.0 18.11192779687125
579 1.0 16.468103731109437
592 1.0 18.068207751312215
596 1.0 19.971318757650213
597 1.3010299956639813 19.894981669475758
599 1.0 18.573663222245116
59 1.3010299956639813 17.024968450726956
610 1.3010299956639813 16.926793752845303
645 1.7781512503836436 20.99530825830948
659 1.3010299956639813 17.024968450726956
83 1.0 25.345464687070297
86 1.0 24.815590935179138
987 1.9030899869919435 21.088601776656837
988 1.4771212547196624 15.586281284702965
