1.6197887582883939
132 1.3010299956639813 31.170157473839097
134 1.3010299956639813 29.51314963866556
154 1.3010299956639813 39.64347606197456
188 1.3010299956639813 22.772628792451215
26 1.0 18.618919907073398
288 1.4771212547196624 19.392382017280667
306 1.0 16.600338456632596
314 1.0 16.038281372083322
341 1.4771212547196624 19.392382017280667
344 1.3010299956639813 19.429659374481616
399 1.0 19.13339458833571
478 1.0 16.600338456632596
523 1.0 18.160502520733715
526 1.3010299956639813 20.589360185649852
647 1.3010299956639813 22.772628792451215
735 1.3010299956639813 26.464092456397857
774 1.0 20.078881121899666
781 1.0 24.215767859390553
782 1.845098040014257 28.8122112955473
814 1.0 26.382740623521833
86 1.0 24.815590935179138
887 1.0 16.038281372083322
890 1.0 15.846061238571657
93 1.3010299956639813 40.4099170367325
