1.1249387366083
100 1.0 15.756951807688566
109 1.0 15.561030750337954
113 1.3010299956639813 16.11034052774081
155 1.0 39.65608647202028
156 1.0 32.80078913912944
189 1.0 22.794574400913437
193 1.3010299956639813 19.923584188401467
194 1.0 17.77518118243523
195 1.0 16.82457919792204
196 1.0 16.82457919792204
198 1.3010299956639813 18.00016847208931
199 1.0 19.95515608969582
1 1.0 24.099314783282633
200 1.4771212547196624 22.625506653399253
204 1.0 17.837739327910686
205 1.3010299956639813 18.460464588544884
207 1.3010299956639813 18.798742484766407
209 1.0 19.7404272810474
211 1.3010299956639813 19.87652496554322
212 1.3010299956639813 22.053003739358804
213 1.4771212547196624 19.298818028563065
214 1.0 18.044528672125754
215 1.3010299956639813 18.71227143762001
229 1.0 19.919432784468437
230 1.4771212547196624 22.625506653399253
231 1.3010299956639813 19.843697587754125
232 1.3010299956639813 18.460464588544884
233 1.3010299956639813 18.798742484766407
242 1.6020599913279625 20.34767568477578
243 1.3010299956639813 17.509187404878464
244 1.4771212547196624 25.829961126625353
296 1.0 21.560794875219035
306 1.0 18.739668070348888
336 1.6020599913279625 27.213017312486674
337 1.3010299956639813 17.509187404878464
338 1.4771212547196624 25.829961126625353
340 1.0 17.837739327910686
343 1.0 22.828476621056783
344 1.4771212547196624 20.86119657744264
345 1.3010299956639813 19.45537620834872
353 1.0 25.406505472371265
409 1.3010299956639813 18.798742484766407
41 1.0 20.898009485572526
459 1.0 24.541701226408268
483 1.3010299956639813 14.843383405093189
494 1.0 22.47464478924292
496 1.0 17.074026788002808
499 1.3010299956639813 19.843697587754125
503 1.0 24.96783731854743
505 1.3010299956639813 17.827254209129045
5 1.0 18.48385548625501
60 1.9030899869919435 20.310156825129837
613 1.0 22.32306959448592
616 1.0 23.902881671535816
62 1.6020599913279625 20.34767568477578
646 1.0 21.019109611528222
648 1.0 22.794574400913437
649 1.3010299956639813 19.923584188401467
650 1.0 17.77518118243523
652 1.3010299956639813 18.00016847208931
653 1.0 19.95515608969582
654 1.4771212547196624 22.625506653399253
655 1.0 22.47464478924292
656 1.3010299956639813 19.843697587754125
657 1.3010299956639813 18.460464588544884
659 1.3010299956639813 18.798742484766407
69 1.0 26.43449543906486
776 1.4771212547196624 20.10376748540877
781 1.0 26.78123592188267
784 1.4771212547196624 28.829559825624525
826 1.0 16.82457919792204
828 1.0 17.074026788002808
87 1.0 24.835731385689954
887 1.0 18.739668070348888
896 1.0 15.756951807688566
