1.6197887582883939
132 1.0 31.9240224086541
187 1.3010299956639813 25.365184410989947
1 1.0 24.099314783282633
200 1.0 22.625506653399253
212 1.0 22.053003739358804
230 1.0 22.625506653399253
236 1.0 23.511023087218234
247 1.0 17.92587263398071
249 1.0 22.75668213035031
259 1.3010299956639813 34.168322910342354
343 1.0 22.828476621056783
372 1.0 16.799196227548762
448 1.0 18.647997157938995
520 1.0 25.214633181541256
539 1.0 20.581818087864594
549 1.0 19.672691459680365
64 1.0 16.737458178003557
654 1.0 22.625506653399253
709 1.0 13.047685080108735
70 1.0 13.219072433822898
712 1.0 16.737458178003557
84 1.3010299956639813 25.365184410989947
85 1.0 20.97110134921298
992 1.0 33.556122085405605
