0.5575202309355515
116 1.7781512503836436 21.142493979490386
118 1.0 14.550756333462834
119 1.9542425094393248 22.648675884415564
121 1.6989700043360187 25.97780851667672
122 1.3010299956639813 21.918380641831487
124 1.0 17.76930122808498
125 1.0 19.0809900086681
127 1.0 18.613796434027876
131 1.0 31.908356378043813
145 1.0 38.43033977941447
146 1.0 38.26126400416704
147 1.0 39.718947201261805
148 1.0 36.70053413239285
149 1.0 30.628195318865107
150 1.0 28.679701781112843
151 1.0 26.41677324871767
152 1.7781512503836436 27.106140088612186
173 1.0 25.424188320838816
175 1.0 22.356903676375765
184 1.0 24.619860170608522
186 1.0 25.345464687070297
187 1.0 18.36761931536485
189 1.4771212547196624 20.697181124016947
190 1.6020599913279625 30.967630313961816
192 1.0 19.898472476859148
199 1.0 22.603396897878287
204 1.0 18.43335978124768
206 1.3010299956639813 18.772126118491787
209 1.0 20.72532624391316
213 1.0 18.016798133940682
214 1.0 18.685531899177228
218 1.3010299956639813 20.03551983762025
229 1.0 22.603396897878287
231 1.0 18.43335978124768
232 1.3010299956639813 18.772126118491787
233 1.0 20.72532624391316
234 1.0 18.103713917062354
235 1.6989700043360187 23.489746840008912
238 1.3010299956639813 16.834808931146938
239 1.0 15.026860203291795
241 1.3010299956639813 20.323087997959746
244 1.0 16.48858847797927
245 1.0 15.579322499796028
246 1.3010299956639813 17.897958254775837
249 1.0 21.570555711548227
250 1.0 16.070194442289612
251 1.0 15.91714951082178
257 1.6020599913279625 32.04340428656301
258 1.3010299956639813 34.15368633845293
259 1.7781512503836436 27.067295817703585
260 2.681241237375587 40.46004416097286
262 1.4771212547196624 21.133916878571615
263 1.0 18.961368666684063
265 1.4771212547196624 23.98572466518575
266 1.4771212547196624 20.247891051811926
267 2.255272505103306 24.25543451426215
268 2.113943352306837 28.048590371713367
269 1.0 26.08506226190013
270 1.7781512503836436 27.27789276817213
272 1.0 15.457778110651116
274 1.0 17.324647965269033
279 1.3010299956639813 19.349744435445626
280 1.0 20.36083120666262
281 1.3010299956639813 18.79756428818881
285 1.3010299956639813 30.562929415100232
287 1.0 16.48858847797927
291 1.0 16.58416436051082
307 1.6020599913279625 18.45025554098666
308 1.3010299956639813 17.69895328701503
309 1.0 16.353960229243555
310 1.0 18.574581934797493
316 1.0 16.400885878921038
317 1.0 15.824754366327694
324 1.0 15.723543941848508
325 1.0 26.246066768442137
326 1.0 21.385169256471997
327 1.7781512503836436 32.86526353435894
328 1.3010299956639813 24.20016866097684
329 1.6020599913279625 24.995158982809944
330 1.6020599913279625 26.423852520632007
334 1.0 26.57358007912264
335 1.3010299956639813 27.194637545841633
343 1.3010299956639813 20.837214848503734
350 1.0 19.30862768534024
373 1.0 15.444986818309642
374 1.0 18.047953588423393
375 1.4771212547196624 15.228685515885264
381 1.0 13.911429770772715
390 1.3010299956639813 15.448143324179663
391 1.3010299956639813 14.93400553732674
392 1.4771212547196624 14.283168530322774
393 1.4771212547196624 15.71714517392524
394 1.4771212547196624 13.494009199570673
395 1.4771212547196624 14.758399668360488
396 2.0413926851582254 34.747346764383785
397 1.4771212547196624 15.59311007460044
398 2.204119982655925 31.04754842191709
399 1.4771212547196624 19.13339458833571
400 1.4771212547196624 14.08378662149524
401 1.6020599913279625 24.1565533242725
402 1.6989700043360187 16.368602790560463
403 1.6989700043360187 13.500926207151714
408 1.3010299956639813 18.772126118491787
409 1.0 20.72532624391316
410 1.0 18.329720020247976
411 1.3010299956639813 21.73531037580023
413 1.0 19.214693399908615
414 1.0 16.825205266315407
415 1.3010299956639813 19.419275690945604
443 1.0 29.509952060039822
455 1.0 18.409755324317654
457 1.4771212547196624 24.521319277035015
458 1.0 15.457778110651116
480 1.6020599913279625 18.45025554098666
481 1.3010299956639813 17.69895328701503
482 1.0 16.353960229243555
483 1.0 16.072305173973206
490 1.0 18.129559630239218
495 1.3010299956639813 17.04471738567224
497 1.3010299956639813 22.57404561538827
499 1.0 27.781754633425805
500 1.0 24.619860170608522
503 1.0 18.364443485111277
509 1.0 21.57146234433863
511 2.079181246047625 21.085117241154542
513 1.0 18.984876032460487
514 1.3010299956639813 23.1822442953396
519 1.0 25.19479562289961
527 1.3010299956639813 21.0997074467684
535 1.3010299956639813 17.779601462975204
546 1.0 20.3971096387274
549 1.0 22.395775493328287
551 1.0 21.162559580914515
552 1.0 20.441020454368555
554 1.0 22.40007556792627
555 1.3010299956639813 21.325804237253536
556 1.3010299956639813 32.02299329624464
557 1.6020599913279625 29.473606133346674
558 1.3010299956639813 21.15084713075001
559 1.845098040014257 32.39203154477896
560 1.9542425094393248 26.176582993590046
561 1.6020599913279625 20.6139191343978
562 1.6020599913279625 23.455333927936188
564 1.4771212547196624 25.047424451568215
565 2.0 24.415044307928472
566 1.3010299956639813 23.04859528725498
568 1.0 21.196876683380644
569 1.6020599913279625 34.990949277994865
56 1.0 16.008658872883498
570 1.3010299956639813 19.48325860666556
571 1.6989700043360187 29.826229749704215
572 2.0 34.607198595571596
577 1.0 16.12113380419118
578 1.3010299956639813 17.196077893890912
580 1.7781512503836436 25.521710205582426
581 1.0 26.831073433021917
582 1.7781512503836436 24.99171329470656
583 1.6020599913279625 23.271290483826427
584 2.462397997898956 30.950545053399313
607 1.0 15.451856847580665
60 1.3010299956639813 20.28552366248819
611 1.0 16.37139499661555
612 1.0 22.300659992929845
614 1.0 17.258283162732244
616 1.0 16.2837123301042
617 1.0 16.258590605316485
618 1.0 15.979851330655551
619 1.0 16.002509983007247
620 1.0 15.900698718230329
621 1.0 16.187886783484302
624 1.0 16.24926695969382
625 1.0 16.008658872883498
627 1.3010299956639813 15.56115616891949
628 1.4771212547196624 17.4321572644572
629 1.4771212547196624 15.448408287851615
62 1.3010299956639813 20.323087997959746
630 1.4771212547196624 16.96541394633868
631 1.6989700043360187 19.950177336902193
632 1.845098040014257 22.247424428787344
633 1.6989700043360187 20.514540434900287
634 1.3010299956639813 21.49965573905078
635 1.4771212547196624 18.02903493564441
636 1.3010299956639813 15.995025442232151
637 1.0 15.345166756496607
638 1.3010299956639813 17.972508687822355
645 1.0 20.99530825830948
648 1.0 19.898472476859148
653 1.0 22.603396897878287
656 1.0 18.43335978124768
658 1.3010299956639813 18.772126118491787
660 1.0 17.15044222388708
662 1.0 19.41917384237332
665 1.0 21.956288146883587
726 1.3010299956639813 15.448143324179663
727 1.3010299956639813 14.93400553732674
728 1.3010299956639813 15.152346642235964
729 1.3010299956639813 15.202096945171302
731 1.4771212547196624 28.951588555136127
732 1.6020599913279625 24.075837860598885
736 1.0 14.864916275301095
743 1.0 15.444986818309642
744 1.3010299956639813 15.802376515156825
745 1.3010299956639813 19.115864173216895
746 1.7781512503836436 22.32660375113389
747 1.0 14.008045184741977
750 1.6020599913279625 24.739780818458456
753 1.0 21.70542592404138
75 1.0 15.444986818309642
768 1.4771212547196624 15.59311007460044
769 1.4771212547196624 19.37976637155202
76 1.4771212547196624 13.459310544023309
770 2.204119982655925 31.04754842191709
771 1.4771212547196624 25.078312841330952
772 1.845098040014257 23.117420198200822
774 1.0 20.078881121899666
775 1.6020599913279625 24.1565533242725
776 1.6020599913279625 25.809572659595812
777 1.6020599913279625 28.5636709471766
778 1.6020599913279625 29.375621062375156
779 1.6020599913279625 26.762559621671812
780 1.6020599913279625 28.653172853466874
781 1.6020599913279625 24.215767859390553
782 1.6020599913279625 28.8122112955473
783 1.6020599913279625 15.065543358973835
784 1.6020599913279625 16.427467569369398
785 1.6020599913279625 16.33924581085099
786 1.6020599913279625 16.674504799836235
787 1.6020599913279625 16.853403753588953
788 1.6020599913279625 16.44195035074378
789 1.6020599913279625 16.247732650957825
790 1.6020599913279625 16.35543624625182
791 1.6020599913279625 15.027617842401222
792 1.6020599913279625 15.296720290112676
793 1.6020599913279625 15.283359784295454
794 1.6020599913279625 15.391766171743628
795 1.6020599913279625 13.470927861124082
796 1.6020599913279625 16.41623255841033
797 1.6020599913279625 17.68690492205947
798 1.6020599913279625 19.84500063961507
806 1.6989700043360187 27.27436952647854
807 1.0 23.916854058840084
811 1.0 16.52497719495689
814 1.3010299956639813 26.382740623521833
817 1.0 18.36761931536485
819 1.4771212547196624 20.697181124016947
820 1.6020599913279625 30.967630313961816
822 1.0 16.58416436051082
825 1.3010299956639813 17.04471738567224
827 1.3010299956639813 22.57404561538827
828 1.0 27.781754633425805
829 1.0 24.619860170608522
83 1.0 25.345464687070297
865 1.0 36.420319557775116
878 1.3010299956639813 33.105865818015594
883 1.0 18.574581934797493
889 1.3010299956639813 15.099016185383055
88 1.3010299956639813 17.71948261455228
891 1.7781512503836436 20.556957071190386
892 1.6020599913279625 19.44244897613975
893 1.6020599913279625 19.650125642603225
89 1.0 16.48858847797927
903 1.4771212547196624 16.756624857433575
904 1.0 13.348934049756208
910 1.0 17.02047450238395
918 1.0 21.05942217315108
923 1.3010299956639813 21.33531539196555
929 1.0 13.493772362594454
933 1.3010299956639813 22.32890278912787
93 1.3010299956639813 40.4099170367325
945 1.0 19.892020741815653
962 1.0 18.888396882406173
989 1.0 18.267442413672814
992 1.4771212547196624 20.972634792127216
993 1.0 33.541218365030296
994 1.0 16.070194442289612
996 1.0 16.28971068168109
997 1.0 15.91714951082178
