1.537602002101044
132 1.0 31.9240224086541
133 1.4771212547196624 31.18619433249154
141 1.0 22.083311659467373
146 1.3010299956639813 38.443348131520054
147 1.6020599913279625 38.27432982034523
148 1.6020599913279625 39.73153365749456
149 1.3010299956639813 36.714155384577936
154 1.6989700043360187 38.92312411360697
155 1.4771212547196624 39.65608647202028
158 1.3010299956639813 40.36801588254125
159 1.6989700043360187 34.663276209978875
160 2.1760912590556813 33.51414632402991
161 1.6989700043360187 40.68786868352573
162 1.4771212547196624 29.200185832126223
163 1.0 27.444701699266258
164 1.3010299956639813 29.060873897358988
192 1.0 16.982274168574502
200 1.3010299956639813 22.625506653399253
226 1.4771212547196624 16.343763522087997
227 1.3010299956639813 16.92409468367376
230 1.3010299956639813 22.625506653399253
488 1.0 18.91692636651541
48 1.0 14.721765395784356
540 1.0 23.36967033208018
647 1.0 18.531080228224845
654 1.3010299956639813 22.625506653399253
774 1.0 23.139038800697477
824 1.0 16.982274168574502
883 1.0 16.982274168574502
