1.6989700043360187
132 1.0 31.9240224086541
137 1.0 22.922196064917607
147 1.3010299956639813 38.27432982034523
148 1.6989700043360187 39.73153365749456
149 1.0 36.714155384577936
154 1.4771212547196624 38.92312411360697
155 1.0 39.65608647202028
158 1.0 40.36801588254125
160 1.6989700043360187 33.51414632402991
161 1.4771212547196624 40.68786868352573
203 1.3010299956639813 18.47845587465186
208 1.0 18.083445948480012
224 1.3010299956639813 18.47845587465186
225 1.0 18.083445948480012
226 1.0 16.343763522087997
323 1.0 19.99450022605915
61 1.3010299956639813 18.47845587465186
931 1.3010299956639813 19.569247311356932
952 1.0 19.20083241364576
975 1.0 19.03717677110868
