1.6197887582883939
133 1.0 31.18619433249154
154 1.0 38.92312411360697
155 1.3010299956639813 39.65608647202028
186 1.0 17.074068216246978
231 1.3010299956639813 19.843697587754125
238 1.0 17.79360469731602
257 1.0 14.685155707227832
335 1.0 26.592389103304416
387 1.0 21.87923801272718
482 1.0 19.755861749534457
499 1.3010299956639813 19.843697587754125
502 1.0 18.60296721930803
576 1.3010299956639813 16.389629448511823
616 1.0 23.902881671535816
627 1.0 15.516211807091997
656 1.3010299956639813 19.843697587754125
736 1.0 26.48297924216182
746 1.0 19.14200258825803
780 1.0 29.39263705080337
846 1.0 15.59449419482713
867 1.0 36.43404557128479
87 1.0 24.835731385689954
889 1.0 17.074068216246978
958 1.0 21.012855683925522
