1.3279021420642825
187 1.0 25.365184410989947
207 1.0 18.798742484766407
212 1.3010299956639813 22.053003739358804
223 1.0 19.5018082949504
226 1.0 16.343763522087997
227 1.0 16.92409468367376
231 1.3010299956639813 19.843697587754125
233 1.0 18.798742484766407
242 1.0 20.34767568477578
244 1.0 25.829961126625353
271 1.3010299956639813 27.296216475399984
278 1.3010299956639813 24.438116936080927
283 1.0 19.116081351354293
286 1.0 30.579284727285547
295 1.0 18.766205879960378
296 1.0 21.560794875219035
297 1.0 18.44466466993366
326 1.0 26.265110333168654
338 1.0 25.829961126625353
343 1.0 22.828476621056783
351 1.0 19.334505504177955
409 1.0 18.798742484766407
499 1.3010299956639813 19.843697587754125
503 1.0 24.96783731854743
523 1.0 19.697674446970826
525 1.0 20.543320381954224
543 1.0 18.30187230227827
550 1.0 22.418090015600434
563 1.0 23.476641362660768
569 1.0 21.220451953962858
585 1.0 30.96669564390913
598 1.0 19.920097781606806
610 1.0 13.243797047954057
62 1.0 20.34767568477578
656 1.3010299956639813 19.843697587754125
659 1.0 18.798742484766407
667 1.0 20.441369254248713
84 1.0 25.365184410989947
938 1.0 17.906540871879564
93 1.0 19.110011561305157
94 1.0 40.42228834338309
951 1.0 25.40756427571084
966 1.3010299956639813 20.37474443529265
969 1.0 20.598971129752556
971 1.0 19.694865931417798
987 1.0 15.618327832578043
990 1.0 19.267169356987246
