1.1549019599857433
120 1.0 22.67074148141845
185 1.3010299956639813 24.640160608655044
187 1.3010299956639813 25.365184410989947
191 1.0 30.983771998615772
200 1.3010299956639813 22.625506653399253
209 1.0 19.7404272810474
212 1.0 22.053003739358804
213 1.3010299956639813 19.298818028563065
216 1.0 16.421261094972383
230 1.3010299956639813 22.625506653399253
242 1.3010299956639813 20.34767568477578
244 1.0 25.829961126625353
250 1.0 21.593723016307443
258 1.6989700043360187 32.05900432440354
259 1.9542425094393248 34.168322910342354
271 1.0 27.296216475399984
274 1.3010299956639813 16.400153272087692
278 1.0 24.438116936080927
279 1.0 17.734346218217127
280 1.0 19.375567339230585
285 1.0 27.333530767834674
286 1.0 30.579284727285547
289 1.3010299956639813 19.41814822026422
290 1.0 19.344122607461724
291 1.0 17.88610079038451
295 1.0 18.766205879960378
296 1.0 21.560794875219035
2 1.0 25.673207973589584
323 1.0 19.99450022605915
326 1.0 26.265110333168654
328 1.0 32.88047364596294
333 1.0 24.251638512278973
338 1.0 25.829961126625353
342 1.3010299956639813 19.41814822026422
344 1.6989700043360187 20.86119657744264
398 1.0 15.625142616904517
399 1.0 31.06364857854412
3 1.0 25.673207973589584
446 1.0 21.762871720842014
456 1.0 14.185030139327283
473 1.0 20.456210819322695
501 1.3010299956639813 24.640160608655044
510 1.0 21.594628676437562
520 1.3010299956639813 25.214633181541256
527 1.0 20.61363026869414
532 1.0 19.229822454648716
533 1.0 15.866054590928105
535 1.0 18.139512907437105
557 1.0 32.03860327247943
565 1.6989700043360187 25.067378635529828
566 1.0 24.435514902659826
569 1.0 21.220451953962858
598 1.3010299956639813 19.920097781606806
600 1.4771212547196624 18.60056357999351
62 1.3010299956639813 20.34767568477578
654 1.3010299956639813 22.625506653399253
770 1.0 15.625142616904517
772 1.0 31.06364857854412
821 1.0 19.344122607461724
823 1.0 30.983771998615772
84 1.3010299956639813 25.365184410989947
867 1.0 36.43404557128479
880 1.0 33.12096543823041
922 1.0 21.35873785771627
941 1.0 18.01860444167257
953 1.0 19.129941566095997
962 1.0 17.046701400697756
969 1.0 20.598971129752556
973 1.0 18.869638675773842
979 1.0 17.6480879383687
