0.8761483590329142
1000 1.0 16.797636183579463
110 1.0 16.382580531642766
111 1.0 16.152248564614663
112 1.0 16.283682408859754
113 1.0 16.11034052774081
114 1.0 16.193892293870782
115 1.0 16.237932532274638
116 1.0 16.285640371001193
117 1.0 21.166129822732998
137 1.0 22.922196064917607
148 1.0 39.73153365749456
158 1.4771212547196624 40.36801588254125
188 1.0 18.394820991631416
215 1.0 18.71227143762001
219 1.0 20.060459993820544
221 1.0 14.929399151330296
242 1.0 20.34767568477578
251 1.0 16.101277881366933
252 1.0 15.94853123487721
253 1.0 16.431910230774704
254 1.0 16.42690925065229
255 1.0 16.359891446453577
256 1.0 16.797636183579463
259 1.0 34.168322910342354
260 1.9030899869919435 27.085761995614487
261 2.4313637641589874 40.472400145134394
267 1.0 20.272569941821523
268 1.6020599913279625 24.276039699169623
269 1.845098040014257 28.06641091839446
270 1.7781512503836436 26.10422328297102
271 1.6020599913279625 27.296216475399984
272 1.0 14.291721385647843
280 1.4771212547196624 19.375567339230585
281 1.6020599913279625 20.385373369801357
282 1.7781512503836436 18.824144686242487
283 1.0 19.116081351354293
286 1.0 30.579284727285547
304 1.0 16.616668083737665
305 1.0 17.98399116678101
306 1.0 18.739668070348888
307 1.0 16.630431048976302
308 1.0 18.477335563541324
309 1.0 17.72718103523344
310 1.0 16.384505338266393
311 1.0 18.601480963958362
312 1.0 16.364677803659443
313 1.0 16.271444758929782
314 1.0 16.718741339460014
315 1.0 16.06942654142066
316 1.0 16.866249934906318
317 1.0 16.431343755560334
326 1.0 26.265110333168654
328 1.6020599913279625 32.88047364596294
332 1.0 26.156648054217282
333 1.4771212547196624 24.251638512278973
399 1.4771212547196624 31.06364857854412
421 1.0 22.714705200606023
459 1.0 24.541701226408268
473 1.0 20.456210819322695
478 1.0 16.265225052820202
479 1.0 16.116413501007873
480 1.0 16.113389796665334
512 1.0 21.108817330045582
53 1.0 15.516879946428599
555 1.0 22.42238581080986
556 1.0 21.34923713779162
557 1.0 32.03860327247943
559 1.0 21.174473649853873
560 1.3010299956639813 32.40746376373745
561 1.0 26.19567707123272
562 1.0 20.63816033660684
563 1.0 23.476641362660768
567 1.4771212547196624 23.07027838400899
570 1.0 35.00523577088447
571 1.0 19.508904785615407
572 1.0 29.842988809469816
573 1.845098040014257 34.62164344212061
574 1.0 16.969820351885488
575 1.0 16.63120895803179
576 1.0 16.389629448511823
577 1.0 21.541085769479377
578 1.0 16.152119214909096
581 1.4771212547196624 25.541293855592556
582 1.3010299956639813 26.849702075967517
583 1.3010299956639813 25.011711924712642
584 1.0 23.292766275876946
585 2.278753600952829 30.96669564390913
586 1.0 15.516879946428599
612 1.0 16.40190763707712
613 1.0 22.32306959448592
614 1.0 16.27710509361273
615 1.0 17.287230481631443
616 1.0 23.902881671535816
617 1.0 16.314388963414707
618 1.0 16.289314548847216
619 1.0 16.011110159818838
620 1.0 16.033724637658167
621 1.0 15.932112845694121
622 1.0 16.21874466519853
623 1.0 16.32959493311789
624 1.0 16.49972484873875
625 1.0 16.28000849899647
62 1.0 20.34767568477578
635 1.0 21.5228993608598
646 1.3010299956639813 21.019109611528222
754 1.0 21.72844942797455
772 1.4771212547196624 31.06364857854412
808 1.0 27.292695599132404
812 1.0 18.445184780380607
820 1.0 18.394820991631416
873 1.0 25.188400405739408
885 1.0 16.616668083737665
886 1.0 17.98399116678101
887 1.0 18.739668070348888
888 1.0 16.630431048976302
890 1.0 18.477335563541324
891 1.0 17.72718103523344
892 1.0 16.384505338266393
894 1.0 16.898218574553624
907 1.0 16.02381405871867
935 1.0 21.549494779071786
938 1.0 17.906540871879564
960 1.0 20.844073091142132
961 1.0 18.914849636919964
986 1.3010299956639813 21.11229795390388
987 1.0 15.618327832578043
993 1.0 16.101277881366933
994 1.0 16.371703937607325
995 1.0 16.320376040179806
996 1.0 15.94853123487721
997 1.0 16.431910230774704
998 1.0 16.42690925065229
999 1.0 16.359891446453577
