1.6020599913279623
193 1.0 19.923584188401467
1 1.0 24.099314783282633
208 1.3010299956639813 18.083445948480012
225 1.3010299956639813 18.083445948480012
227 1.0 16.92409468367376
244 1.0 25.829961126625353
249 1.4771212547196624 22.75668213035031
250 1.4771212547196624 21.593723016307443
266 1.0 24.006561347142163
297 1.0 18.44466466993366
338 1.0 25.829961126625353
344 1.0 20.86119657744264
444 1.0 29.526890635247195
525 1.0 20.543320381954224
526 1.0 17.752415668623385
536 1.3010299956639813 17.80770137278335
540 1.4771212547196624 23.36967033208018
546 1.3010299956639813 23.31908484052949
593 1.0 18.09585950831236
643 1.0 19.64025085319644
649 1.0 19.923584188401467
66 1.0 17.304976281070527
943 1.0 19.402058534341666
946 1.4771212547196624 19.482666389137716
962 1.0 17.046701400697756
