1.6989700043360187
187 1.3010299956639813 25.365184410989947
193 1.0 19.923584188401467
203 1.4771212547196624 18.47845587465186
224 1.4771212547196624 18.47845587465186
412 1.0 21.758302257583633
47 1.3010299956639813 19.549619832587243
523 1.0 19.697674446970826
539 1.0 20.581818087864594
550 1.0 22.418090015600434
61 1.4771212547196624 18.47845587465186
649 1.0 19.923584188401467
665 1.0 20.62218664974217
668 1.0 16.496123636808157
84 1.3010299956639813 25.365184410989947
940 1.0 16.052956231011144
946 1.3010299956639813 19.482666389137716
947 1.0 19.409288369513817
954 1.0 20.62218664974217
964 1.0 15.603652384930466
981 1.0 19.04032511818754
