1.275724130399211
109 1.0 19.715945972128416
149 1.0 30.628195318865107
153 1.0 38.91027615891787
154 1.6020599913279625 39.64347606197456
213 1.0 18.016798133940682
248 1.0 22.73469994483774
305 1.0 18.712967679843132
319 1.0 13.968866600762256
320 1.0 13.968866600762256
323 1.0 14.040271867378184
338 1.0 21.754781863703386
343 1.0 20.837214848503734
378 1.3010299956639813 24.653480438007165
386 1.0 21.856373350068075
388 1.0 17.383230863411256
396 1.0 34.747346764383785
401 1.0 24.1565533242725
402 1.0 16.368602790560463
417 1.3010299956639813 15.908222464211535
435 1.0 18.127861733361883
457 1.0 24.521319277035015
477 1.0 18.712967679843132
523 1.0 18.160502520733715
527 1.0 21.0997074467684
539 1.0 23.34826527667759
551 1.0 21.162559580914515
557 1.0 29.473606133346674
571 1.0 29.826229749704215
572 1.0 34.607198595571596
640 1.0 14.135814942016715
641 1.0 13.824949696468746
731 1.4771212547196624 28.951588555136127
732 1.0 24.075837860598885
733 1.0 16.680401854673583
735 1.0 26.464092456397857
737 1.0 23.235022308206137
745 1.0 19.115864173216895
753 1.0 21.70542592404138
774 1.0 20.078881121899666
775 1.0 24.1565533242725
776 1.0 25.809572659595812
777 1.0 28.5636709471766
781 1.0 24.215767859390553
782 1.6020599913279625 28.8122112955473
790 1.0 16.35543624625182
798 1.0 19.84500063961507
834 1.3010299956639813 19.359056970763802
86 1.0 24.815590935179138
920 1.0 17.092496631953207
926 1.0 17.117590186266202
92 1.0 19.083829329388184
932 1.0 19.543680316998906
93 1.0 40.4099170367325
