1.2518119729937995
176 1.0 22.379256958057034
209 1.0 19.7404272810474
216 1.0 16.421261094972383
231 1.0 19.843697587754125
236 1.3010299956639813 23.511023087218234
237 1.4771212547196624 18.99543449459334
281 1.0 20.385373369801357
286 1.0 30.579284727285547
322 2.0413926851582254 19.415200818214007
328 1.0 32.88047364596294
334 1.3010299956639813 14.366023473538
335 1.0 26.592389103304416
339 1.3010299956639813 21.777753188456284
341 1.4771212547196624 20.951702374187988
349 1.0 16.95637498328479
412 1.3010299956639813 21.758302257583633
43 1.3010299956639813 17.141090857518964
444 1.0 29.526890635247195
498 1.0 22.596184090364247
499 1.0 19.843697587754125
49 1.0 16.36609320638818
519 1.3010299956639813 20.706175002637085
537 1.3010299956639813 17.141090857518964
538 1.6020599913279625 16.052093028525185
541 1.0 18.888440514559967
547 1.3010299956639813 20.421608203426736
550 1.0 22.418090015600434
59 1.0 17.054311793451188
631 1.0 16.9948601162417
643 2.0 19.64025085319644
644 1.9030899869919435 19.655188678913582
656 1.0 19.843697587754125
660 1.0 17.054311793451188
661 1.3010299956639813 17.17957125410552
664 1.0 17.88199680559741
665 1.4771212547196624 20.62218664974217
666 1.0 21.979048869070308
667 1.0 20.441369254248713
774 1.3010299956639813 23.139038800697477
77 1.0 16.90578733542276
817 1.0 16.90578733542276
830 1.0 22.596184090364247
852 1.0 21.864410189197464
938 1.0 17.906540871879564
939 1.0 19.57746517154891
940 1.3010299956639813 16.052956231011144
942 1.0 19.45006435459591
943 1.3010299956639813 19.402058534341666
945 1.0 16.481630601170867
947 1.0 19.409288369513817
949 1.6020599913279625 16.36144171601765
951 1.0 25.40756427571084
954 1.4771212547196624 20.62218664974217
961 1.0 18.914849636919964
962 1.0 17.046701400697756
992 1.3010299956639813 33.556122085405605
