1.7695510786217261
193 1.0 19.923584188401467
219 1.0 20.060459993820544
248 1.0 16.370386131129504
343 1.0 22.828476621056783
412 1.0 21.758302257583633
413 1.0 19.441687508621293
531 1.0 20.572525808084006
534 1.0 19.72223251625476
557 1.0 32.03860327247943
605 1.0 16.87814769144019
643 1.0 19.64025085319644
644 1.3010299956639813 19.655188678913582
649 1.0 19.923584188401467
69 1.0 26.43449543906486
813 1.0 16.555206772911212
867 1.0 36.43404557128479
970 1.4771212547196624 18.816376936112132
