1.0969100130080565
121 1.0 16.452082774442715
128 1.0 18.640638875516817
176 1.0 22.379256958057034
188 1.0 18.394820991631416
191 1.6020599913279625 30.983771998615772
242 1.0 20.34767568477578
250 1.4771212547196624 21.593723016307443
258 1.0 32.05900432440354
259 1.3010299956639813 34.168322910342354
260 1.3010299956639813 27.085761995614487
261 1.0 40.472400145134394
263 1.0 21.157562303591927
264 1.0 18.98771976077981
266 1.3010299956639813 24.006561347142163
267 1.0 20.272569941821523
270 1.0 26.10422328297102
281 1.4771212547196624 20.385373369801357
282 1.0 18.824144686242487
285 1.0 27.333530767834674
286 1.0 30.579284727285547
325 1.3010299956639813 15.755311297820837
327 1.3010299956639813 21.408537178610665
328 1.0 32.88047364596294
332 1.0 26.156648054217282
335 1.0 26.592389103304416
343 1.0 22.828476621056783
352 1.0 22.315951883102834
399 1.3010299956639813 31.06364857854412
412 1.0 21.758302257583633
447 1.0 17.43776619662874
448 1.0 18.647997157938995
500 1.4771212547196624 27.79974623106974
506 1.0 20.117459620901656
512 1.0 21.108817330045582
524 1.0 18.188013959901607
529 1.0 16.631082353314728
550 1.0 22.418090015600434
555 1.0 22.42238581080986
570 1.3010299956639813 35.00523577088447
572 1.0 29.842988809469816
577 1.3010299956639813 21.541085769479377
57 1.0 16.169816605433944
581 1.3010299956639813 25.541293855592556
582 1.4771212547196624 26.849702075967517
62 1.0 20.34767568477578
645 1.0 16.169816605433944
665 1.0 20.62218664974217
671 1.4771212547196624 20.661290750656658
674 1.3010299956639813 19.06561234581387
677 1.0 20.260093000467393
679 1.0 17.421072102946884
685 1.0 17.991995194459328
689 1.3010299956639813 16.394314216462067
691 1.0 20.252883122476465
694 1.0 18.13228138623654
772 1.3010299956639813 31.06364857854412
803 1.0 16.74751991200512
807 1.0 24.483238969908477
809 1.3010299956639813 23.93775068948324
811 1.0 19.284259305458484
820 1.0 18.394820991631416
823 1.6020599913279625 30.983771998615772
831 1.4771212547196624 27.79974623106974
878 1.0 27.134111744574057
907 1.0 16.02381405871867
911 2.079181246047625 21.53343177229172
916 1.845098040014257 20.322029692038072
935 1.6020599913279625 21.549494779071786
936 1.0 20.64389709578883
947 1.3010299956639813 19.409288369513817
951 1.3010299956639813 25.40756427571084
954 1.0 20.62218664974217
957 1.0 18.152757365381166
961 1.3010299956639813 18.914849636919964
963 1.0 18.42775682251999
969 1.0 20.598971129752556
982 1.0 19.85729433713603
985 1.0 20.023207099137547
988 1.0 18.29479303891827
989 1.0 17.072459926998317
