1.6575773191777938
187 1.0 25.365184410989947
214 1.0 18.044528672125754
219 1.0 20.060459993820544
242 1.0 20.34767568477578
244 1.4771212547196624 25.829961126625353
281 1.0 20.385373369801357
283 1.0 19.116081351354293
338 1.4771212547196624 25.829961126625353
341 1.0 20.951702374187988
399 1.3010299956639813 31.06364857854412
41 1.0 20.898009485572526
510 1.0 21.594628676437562
520 1.0 25.214633181541256
523 1.0 19.697674446970826
531 1.0 20.572525808084006
546 1.0 23.31908484052949
62 1.0 20.34767568477578
646 1.3010299956639813 21.019109611528222
772 1.3010299956639813 31.06364857854412
807 1.0 24.483238969908477
84 1.0 25.365184410989947
986 1.0 21.11229795390388
