0.7495799976911061
117 1.0 21.166129822732998
118 1.0 14.722236801759516
184 1.0 13.724353290586581
185 1.0 24.640160608655044
187 1.0 25.365184410989947
189 1.0 22.794574400913437
191 1.6020599913279625 30.983771998615772
194 1.6020599913279625 17.77518118243523
197 1.3010299956639813 21.73615837537494
198 1.6989700043360187 18.00016847208931
199 1.4771212547196624 19.95515608969582
1 1.6020599913279625 24.099314783282633
200 1.4771212547196624 22.625506653399253
203 1.0 18.47845587465186
204 1.6989700043360187 17.837739327910686
205 1.6020599913279625 18.460464588544884
207 1.6989700043360187 18.798742484766407
209 1.0 19.7404272810474
210 1.4771212547196624 20.74943729156614
213 1.845098040014257 19.298818028563065
214 1.3010299956639813 18.044528672125754
215 1.3010299956639813 18.71227143762001
216 1.0 16.421261094972383
224 1.0 18.47845587465186
229 1.4771212547196624 19.919432784468437
230 1.4771212547196624 22.625506653399253
231 1.6020599913279625 19.843697587754125
232 1.6020599913279625 18.460464588544884
233 1.6989700043360187 18.798742484766407
234 1.4771212547196624 20.74943729156614
236 1.4771212547196624 23.511023087218234
242 1.4771212547196624 20.34767568477578
248 1.0 16.370386131129504
259 1.3010299956639813 34.168322910342354
266 1.4771212547196624 24.006561347142163
278 1.0 24.438116936080927
285 1.0 27.333530767834674
286 1.9030899869919435 30.579284727285547
335 1.3010299956639813 26.592389103304416
336 1.845098040014257 27.213017312486674
339 1.3010299956639813 21.777753188456284
340 1.6989700043360187 17.837739327910686
341 1.6020599913279625 20.951702374187988
344 1.6020599913279625 20.86119657744264
345 1.0 19.45537620834872
346 1.9030899869919435 17.379200642449316
380 1.0 15.615254870204684
381 1.3010299956639813 17.128445544541883
385 1.4771212547196624 18.664082738893658
389 1.3010299956639813 17.411970458585486
397 1.0 34.76173337398946
409 1.6989700043360187 18.798742484766407
410 1.4771212547196624 20.74943729156614
414 1.0 19.240697556286563
416 1.0 19.445006257673224
417 1.0 18.642503692692046
420 1.0 16.4406842597468
423 1.0 15.351295233681704
42 1.6020599913279625 17.36771058332882
431 1.0 21.076784861203542
433 1.0 24.68064648083747
436 1.0 18.15542263413017
43 1.9030899869919435 17.141090857518964
452 1.0 15.65046621316542
455 1.0 15.077540523688015
459 1.0 24.541701226408268
482 1.0 19.755861749534457
483 1.0 14.843383405093189
48 1.0 14.721765395784356
491 1.9542425094393248 18.157117953750248
497 1.0 21.557388215952543
498 1.3010299956639813 22.596184090364247
499 1.6020599913279625 19.843697587754125
49 1.4771212547196624 16.36609320638818
501 1.0 24.640160608655044
503 1.0 24.96783731854743
505 1.0 17.827254209129045
508 1.6020599913279625 17.36771058332882
50 1.0 14.485665386192277
510 1.4771212547196624 21.594628676437562
51 1.0 16.49843751688567
520 1.3010299956639813 25.214633181541256
521 1.0 15.124311784902089
524 1.4771212547196624 18.188013959901607
525 1.3010299956639813 20.543320381954224
529 1.4771212547196624 16.631082353314728
531 1.3010299956639813 20.572525808084006
536 1.0 17.80770137278335
537 1.9030899869919435 17.141090857518964
538 1.4771212547196624 16.052093028525185
544 1.0 21.7329857487666
547 1.0 20.421608203426736
551 1.0 15.64922422599311
553 1.0 20.46546645488232
566 1.0 24.435514902659826
567 1.4771212547196624 23.07027838400899
580 1.0 16.49843751688567
592 1.0 15.957605833185818
59 1.9542425094393248 17.054311793451188
608 1.0 15.484181606986061
60 1.0 20.310156825129837
61 1.0 18.47845587465186
62 1.4771212547196624 20.34767568477578
646 1.3010299956639813 21.019109611528222
647 1.9030899869919435 18.531080228224845
648 1.0 22.794574400913437
650 1.6020599913279625 17.77518118243523
651 1.3010299956639813 21.73615837537494
652 1.6989700043360187 18.00016847208931
653 1.4771212547196624 19.95515608969582
654 1.4771212547196624 22.625506653399253
656 1.6020599913279625 19.843697587754125
657 1.6020599913279625 18.460464588544884
659 1.6989700043360187 18.798742484766407
660 1.9542425094393248 17.054311793451188
661 1.7781512503836436 17.17957125410552
665 1.6020599913279625 20.62218664974217
667 1.4771212547196624 20.441369254248713
732 1.0 28.96885361670166
734 1.3010299956639813 16.710350266628105
735 1.0 14.99808583605626
736 1.0 26.48297924216182
739 1.0 13.587768177626778
740 1.0 14.870504244951293
746 1.0 19.14200258825803
751 1.0 24.759982935078224
752 1.0 15.72129036276342
755 1.0 14.781725528038374
771 1.0 19.405549325281637
774 1.6989700043360187 23.139038800697477
779 1.3010299956639813 28.58117033955364
77 1.0 16.90578733542276
780 1.3010299956639813 29.39263705080337
80 1.0 15.71248572680523
813 1.6020599913279625 16.555206772911212
817 1.0 16.90578733542276
81 1.0 15.777603950735331
823 1.6020599913279625 30.983771998615772
829 1.0 21.557388215952543
82 1.0 16.571218594456724
830 1.3010299956639813 22.596184090364247
832 1.0 15.777603950735331
834 1.0 14.327351526296884
84 1.0 25.365184410989947
855 1.0 16.571218594456724
85 1.0 20.97110134921298
87 1.845098040014257 24.835731385689954
893 1.0 15.109347256076695
908 1.0 18.24824091238585
911 1.4771212547196624 21.53343177229172
914 1.0 15.862380670664196
916 1.3010299956639813 20.322029692038072
917 1.0 21.083151146519995
91 1.3010299956639813 21.73615837537494
925 1.0 17.14677502578712
926 1.0 15.604094532541186
927 1.0 18.7642269613462
935 1.3010299956639813 21.549494779071786
937 1.0 17.488110770017975
93 1.6020599913279625 19.110011561305157
940 1.0 16.052956231011144
941 1.6020599913279625 18.01860444167257
943 1.0 19.402058534341666
944 1.0 19.917140587765708
945 1.3010299956639813 16.481630601170867
947 1.7781512503836436 19.409288369513817
949 1.3010299956639813 16.36144171601765
951 1.0 25.40756427571084
953 1.0 19.129941566095997
954 1.6020599913279625 20.62218664974217
957 1.0 18.152757365381166
961 1.0 18.914849636919964
962 1.4771212547196624 17.046701400697756
970 1.0 18.816376936112132
979 1.0 17.6480879383687
986 1.6989700043360187 21.11229795390388
990 1.0 19.267169356987246
991 1.845098040014257 20.996461847748183
