1.6777807052660807
116 1.0 21.142493979490386
189 1.0 20.697181124016947
289 1.0 19.318257671242296
2 1.0 25.653725024939046
3 1.0 25.653725024939046
421 1.0 19.170545066323047
508 1.0 16.145707035010496
514 1.0 23.1822442953396
746 1.0 22.32660375113389
818 1.0 19.318257671242296
819 1.0 20.697181124016947
84 1.0 20.94724544657274
857 1.0 17.00209968149465
862 1.0 22.500892102974184
912 1.0 21.510199531662707
914 1.0 18.44622626314255
917 1.0 20.297410938444266
918 1.0 21.05942217315108
922 1.0 16.34273553368784
928 1.3010299956639813 18.737561566460872
931 1.0 22.349952035011718
