1.744727494896694
127 1.0 17.367910512582892
258 1.0 32.05900432440354
261 1.0 40.472400145134394
271 1.0 27.296216475399984
285 1.3010299956639813 27.333530767834674
286 1.3010299956639813 30.579284727285547
353 1.0 25.406505472371265
397 1.0 34.76173337398946
500 1.3010299956639813 27.79974623106974
560 1.3010299956639813 32.40746376373745
567 1.0 23.07027838400899
569 1.0 21.220451953962858
583 1.0 25.011711924712642
747 1.0 22.34898733858306
807 1.0 24.483238969908477
831 1.3010299956639813 27.79974623106974
867 1.3010299956639813 36.43404557128479
945 1.0 16.481630601170867
