1.721246399047171
132 1.3010299956639813 31.9240224086541
133 1.0 31.18619433249154
136 1.0 23.748484428238577
138 1.0 22.291356872514033
149 1.0 36.714155384577936
161 1.0 40.68786868352573
163 1.0 27.444701699266258
259 1.3010299956639813 34.168322910342354
419 1.0 17.11396415772215
459 1.0 24.541701226408268
472 1.0 26.198430887398857
487 1.4771212547196624 19.112909051912595
557 1.4771212547196624 32.03860327247943
558 1.3010299956639813 29.49056558466878
569 1.0 21.220451953962858
570 1.0 35.00523577088447
867 1.0 36.43404557128479
877 1.0 22.452284526648562
879 1.0 22.452284526648562
