1.6020599913279623
116 1.7781512503836436 21.142493979490386
244 1.0 16.48858847797927
245 1.0 15.579322499796028
259 1.0 27.067295817703585
260 2.0413926851582254 40.46004416097286
268 1.4771212547196624 28.048590371713367
270 1.6020599913279625 27.27789276817213
272 1.0 15.457778110651116
287 1.0 16.48858847797927
330 1.0 26.423852520632007
433 1.0 26.035075059878718
440 1.0 31.719953794102054
458 1.0 15.457778110651116
511 1.0 21.085117241154542
551 1.845098040014257 21.162559580914515
561 1.4771212547196624 20.6139191343978
569 1.4771212547196624 34.990949277994865
572 2.278753600952829 34.607198595571596
580 1.0 25.521710205582426
581 1.3010299956639813 26.831073433021917
582 1.9542425094393248 24.99171329470656
584 1.0 30.950545053399313
773 1.0 23.472958228275314
89 1.0 16.48858847797927
930 1.0 15.25216652316149
