1.5528419686577808
173 1.0 18.85938858887468
175 1.0 18.88811507135678
176 1.0 22.379256958057034
200 1.0 22.625506653399253
230 1.0 22.625506653399253
236 1.0 23.511023087218234
258 1.0 32.05900432440354
259 1.0 34.168322910342354
286 1.0 30.579284727285547
2 1.0 25.673207973589584
336 1.0 27.213017312486674
3 1.0 25.673207973589584
471 1.3010299956639813 24.01537280312254
494 1.0 22.47464478924292
632 1.0 19.9752240481514
646 1.3010299956639813 21.019109611528222
654 1.0 22.625506653399253
655 1.0 22.47464478924292
663 1.0 19.44490454387257
732 1.0 28.96885361670166
771 1.0 19.405549325281637
867 1.4771212547196624 36.43404557128479
877 1.3010299956639813 22.452284526648562
878 1.0 27.134111744574057
879 1.3010299956639813 22.452284526648562
969 1.0 20.598971129752556
975 1.0 19.03717677110868
991 1.0 20.996461847748183
