1.3098039199714864
107 1.0 21.261407681253527
120 1.0 22.67074148141845
123 1.0 21.94118068747015
174 1.3010299956639813 25.443847031718235
191 1.3010299956639813 30.983771998615772
263 1.0 21.157562303591927
266 1.3010299956639813 24.006561347142163
268 1.0 24.276039699169623
270 1.3010299956639813 26.10422328297102
271 1.0 27.296216475399984
285 1.0 27.333530767834674
331 1.0 26.442768047844584
333 1.0 24.251638512278973
375 1.0 18.075636329874662
418 1.0 15.939621763732179
433 1.0 24.68064648083747
435 1.0 24.468548355039516
497 1.3010299956639813 21.557388215952543
510 1.0 21.594628676437562
513 1.0 17.51618482981768
516 1.0 20.36682894213624
552 1.0 21.18617303846442
555 1.3010299956639813 22.42238581080986
556 1.6020599913279625 21.34923713779162
557 1.3010299956639813 32.03860327247943
558 1.3010299956639813 29.49056558466878
559 1.6989700043360187 21.174473649853873
560 1.0 32.40746376373745
561 1.4771212547196624 26.19567707123272
570 1.3010299956639813 35.00523577088447
571 1.4771212547196624 19.508904785615407
572 1.3010299956639813 29.842988809469816
573 1.0 34.62164344212061
581 1.0 25.541293855592556
582 1.4771212547196624 26.849702075967517
584 1.0 23.292766275876946
635 1.6020599913279625 21.5228993608598
66 1.0 17.304976281070527
681 1.0 17.041421373778608
691 1.0 20.252883122476465
747 1.3010299956639813 22.34898733858306
775 1.0 23.494249679152507
808 1.3010299956639813 27.292695599132404
815 1.0 20.604951603302737
823 1.3010299956639813 30.983771998615772
829 1.3010299956639813 21.557388215952543
867 1.3010299956639813 36.43404557128479
873 1.0 25.188400405739408
90 1.845098040014257 17.747677710827986
