1.6989700043360187
208 1.3010299956639813 19.715082278253885
215 1.3010299956639813 16.390784482423456
246 1.0 17.897958254775837
334 1.4771212547196624 26.57358007912264
444 1.0 16.89424162983062
446 1.0 17.40906918615375
450 1.0 15.76538963474183
451 1.0 15.618485608068163
527 1.3010299956639813 21.0997074467684
559 1.6989700043360187 32.39203154477896
59 1.0 17.024968450726956
659 1.0 17.024968450726956
692 1.0 16.40475707549024
852 1.0 20.31196842893302
86 1.0 24.815590935179138
919 1.0 24.20144514632048
931 1.0 22.349952035011718
940 1.0 19.551908923253773
956 1.0 19.332344149929916
959 1.0 20.989047238821517
