1.3979400086720377
185 1.0 24.640160608655044
191 1.0 30.983771998615772
197 1.0 21.73615837537494
223 1.0 19.5018082949504
22 1.0 20.042266187907835
23 1.0 18.927700473196293
24 1.3010299956639813 22.714650363605696
25 1.0 18.174910176754217
271 1.0 27.296216475399984
349 1.0 16.95637498328479
352 1.0 22.315951883102834
432 1.0 20.140245569349506
434 1.3010299956639813 26.054272842923844
444 1.0 29.526890635247195
446 1.0 21.762871720842014
473 1.0 20.456210819322695
501 1.0 24.640160608655044
536 1.0 17.80770137278335
560 1.0 32.40746376373745
570 1.3010299956639813 35.00523577088447
572 1.3010299956639813 29.842988809469816
582 1.0 26.849702075967517
636 1.0 18.05674668124595
651 1.0 21.73615837537494
677 1.0 20.260093000467393
678 1.0 19.909993307821388
808 1.0 27.292695599132404
823 1.0 30.983771998615772
867 1.4771212547196624 36.43404557128479
877 1.0 22.452284526648562
878 1.0 27.134111744574057
879 1.0 22.452284526648562
880 1.0 33.12096543823041
91 1.0 21.73615837537494
927 1.0 18.7642269613462
932 1.0 22.35128407421646
935 1.0 21.549494779071786
971 1.0 19.694865931417798
973 1.0 18.869638675773842
984 1.0 17.695911660502205
