1.5528419686577808
104 1.0 21.315476777332258
208 1.0 19.715082278253885
215 1.3010299956639813 16.390784482423456
235 1.0 23.489746840008912
257 1.3010299956639813 32.04340428656301
285 1.0 30.562929415100232
2 1.0 25.653725024939046
322 1.0 19.969477691964787
331 1.0 26.137525464974466
3 1.0 25.653725024939046
427 1.0 12.893490060867618
429 1.0 12.90842531252077
431 1.845098040014257 20.115404335824383
508 1.0 16.145707035010496
519 1.0 25.19479562289961
526 1.3010299956639813 20.589360185649852
732 1.3010299956639813 24.075837860598885
750 1.3010299956639813 24.739780818458456
779 1.0 26.762559621671812
78 1.4771212547196624 15.30986183139676
801 1.0 16.7176380868533
805 1.0 24.462808310936932
806 1.0 27.27436952647854
876 1.0 27.115678493576954
910 1.3010299956639813 17.02047450238395
919 1.0 24.20144514632048
942 1.0 17.99083394469146
959 1.0 20.989047238821517
