1.5686362358410126
193 1.3010299956639813 19.923584188401467
200 1.0 22.625506653399253
212 1.0 22.053003739358804
230 1.0 22.625506653399253
276 1.0 20.303531424387252
279 1.0 17.734346218217127
286 1.0 30.579284727285547
296 1.0 21.560794875219035
322 1.0 19.415200818214007
331 1.0 26.442768047844584
333 1.0 24.251638512278973
336 1.0 27.213017312486674
528 1.0 21.12339116570097
531 1.0 20.572525808084006
542 1.0 19.728868427436186
550 1.0 22.418090015600434
557 1.0 32.03860327247943
558 1.0 29.49056558466878
563 1.3010299956639813 23.476641362660768
577 1.4771212547196624 21.541085769479377
643 1.0 19.64025085319644
649 1.3010299956639813 19.923584188401467
654 1.0 22.625506653399253
867 1.0 36.43404557128479
938 1.3010299956639813 17.906540871879564
970 1.0 18.816376936112132
977 1.0 17.376734020918096
