1.721246399047171
374 1.3010299956639813 15.477325925939487
381 1.6989700043360187 17.128445544541883
382 1.0 13.947325129469858
385 1.0 18.664082738893658
389 1.6989700043360187 17.411970458585486
431 1.0 21.076784861203542
433 1.0 24.68064648083747
434 1.6020599913279625 26.054272842923844
435 1.0 24.468548355039516
453 1.0 19.168795308535405
732 1.4771212547196624 28.96885361670166
733 1.3010299956639813 24.09659662047416
744 1.3010299956639813 15.477325925939487
746 1.6020599913279625 19.14200258825803
747 1.4771212547196624 22.34898733858306
751 1.4771212547196624 24.759982935078224
755 1.0 14.781725528038374
75 1.3010299956639813 15.477325925939487
833 1.0 15.885438230900338
