1.5086383061657274
131 1.4771212547196624 31.908356378043813
132 1.0 31.170157473839097
133 1.0 27.54885932499107
134 1.0 29.51314963866556
135 1.0 23.727421112255122
136 1.3010299956639813 22.900372757632663
139 1.3010299956639813 21.045092986540304
140 1.0 22.06065850896495
145 1.6989700043360187 38.43033977941447
146 1.6020599913279625 38.26126400416704
147 1.6020599913279625 39.718947201261805
153 1.4771212547196624 38.91027615891787
154 1.4771212547196624 39.64347606197456
155 1.0 32.78554205971943
156 1.3010299956639813 27.300266473449927
157 1.3010299956639813 40.355627938282694
158 1.6989700043360187 34.64884871982456
160 1.6989700043360187 40.68185651929256
161 1.3010299956639813 29.183057629910973
162 1.3010299956639813 27.42647719561716
163 1.4771212547196624 29.043663537477517
196 1.0 21.713143045615993
23 1.0 18.90126570373093
260 1.0 40.46004416097286
485 1.0 18.6714979484428
487 1.0 18.890476520092495
556 1.3010299956639813 32.02299329624464
650 1.0 21.713143045615993
771 1.4771212547196624 25.078312841330952
90 1.0 21.713143045615993
957 1.0 20.46054266240951
