0.9871627752948278
127 1.0 18.613796434027876
173 1.0 25.424188320838816
175 1.4771212547196624 22.356903676375765
184 1.0 24.619860170608522
186 1.3010299956639813 25.345464687070297
187 1.0 18.36761931536485
190 1.3010299956639813 30.967630313961816
196 1.6989700043360187 21.713143045615993
198 1.0 19.930084158480717
199 1.0 22.603396897878287
202 1.0 18.45137749631327
203 1.0 17.809686811690188
209 1.0 20.72532624391316
223 1.0 18.45137749631327
228 1.0 19.894315832793946
229 1.0 22.603396897878287
233 1.0 20.72532624391316
257 1.0 32.04340428656301
25 1.0 18.14737887225271
260 1.0 40.46004416097286
263 1.3010299956639813 18.961368666684063
264 1.0 16.714220604471006
265 1.0 23.98572466518575
266 1.3010299956639813 20.247891051811926
268 1.0 28.048590371713367
284 1.0 27.31523209193297
305 1.0 18.712967679843132
308 1.3010299956639813 17.69895328701503
309 1.0 16.353960229243555
315 1.0 16.836578834986856
325 1.6020599913279625 26.246066768442137
332 1.4771212547196624 24.231012577485338
339 1.0 17.809686811690188
348 1.0 16.926861864319864
351 1.4771212547196624 22.293535126779712
409 1.0 20.72532624391316
420 1.3010299956639813 22.69268235247738
431 1.0 20.115404335824383
440 1.0 31.719953794102054
477 1.0 18.712967679843132
481 1.3010299956639813 17.69895328701503
482 1.0 16.353960229243555
493 1.3010299956639813 22.45238647455196
499 1.3010299956639813 27.781754633425805
500 1.0 24.619860170608522
505 1.0 20.09259021626153
509 1.3010299956639813 21.57146234433863
514 1.0 23.1822442953396
541 1.0 19.703508556272116
548 1.0 19.647259077738575
553 2.0 17.922498457011667
554 2.079181246047625 22.40007556792627
555 1.3010299956639813 21.325804237253536
558 1.3010299956639813 21.15084713075001
560 1.6020599913279625 26.176582993590046
566 1.3010299956639813 23.04859528725498
570 1.0 19.48325860666556
571 1.3010299956639813 29.826229749704215
583 1.3010299956639813 23.271290483826427
611 1.0 16.37139499661555
614 1.0 17.258283162732244
615 1.7781512503836436 23.88195453063762
616 1.0 16.2837123301042
617 1.0 16.258590605316485
61 1.0 18.45137749631327
621 1.0 16.187886783484302
624 1.0 16.24926695969382
632 1.3010299956639813 22.247424428787344
633 1.845098040014257 20.514540434900287
634 1.0 21.49965573905078
635 1.3010299956639813 18.02903493564441
650 1.6989700043360187 21.713143045615993
652 1.0 19.930084158480717
653 1.0 22.603396897878287
654 1.3010299956639813 22.45238647455196
65 1.0 18.816428542926165
660 1.0 17.15044222388708
66 1.0 17.276058696601304
670 1.0 20.6370767184495
674 1.0 18.14076911717772
676 1.0 20.23539889371069
678 1.0 17.392347547587537
685 1.0 17.175414668708417
688 1.3010299956639813 16.363787416979306
691 1.0 17.91548424436275
731 1.0 28.951588555136127
772 1.0 23.117420198200822
814 1.0 26.382740623521833
817 1.0 18.36761931536485
820 1.3010299956639813 30.967630313961816
828 1.3010299956639813 27.781754633425805
829 1.0 24.619860170608522
83 1.3010299956639813 25.345464687070297
865 1.0 36.420319557775116
881 1.0 16.868603706098174
888 1.0 16.836578834986856
892 1.6020599913279625 19.44244897613975
893 1.6020599913279625 19.650125642603225
90 1.6989700043360187 21.713143045615993
958 1.0 18.125192411844907
977 1.0 19.099167857362065
990 1.0 17.043147830109415
996 1.0 16.28971068168109
