1.6777807052660807
207 1.0 18.798742484766407
233 1.0 18.798742484766407
25 1.0 18.174910176754217
285 1.0 27.333530767834674
297 1.0 18.44466466993366
328 1.0 32.88047364596294
409 1.0 18.798742484766407
546 1.0 23.31908484052949
548 1.0 19.056516086799924
594 1.0 21.479558238529965
659 1.0 18.798742484766407
664 1.0 17.88199680559741
665 1.0 20.62218664974217
803 1.0 16.74751991200512
809 1.3010299956639813 23.93775068948324
877 1.0 22.452284526648562
879 1.0 22.452284526648562
880 1.0 33.12096543823041
922 1.0 21.35873785771627
932 1.0 22.35128407421646
954 1.0 20.62218664974217
