1.585026652029182
104 1.0 21.315476777332258
156 1.0 27.300266473449927
186 1.0 25.345464687070297
204 1.4771212547196624 18.43335978124768
209 1.6989700043360187 20.72532624391316
231 1.4771212547196624 18.43335978124768
233 1.6989700043360187 20.72532624391316
235 1.3010299956639813 23.489746840008912
249 1.0 21.570555711548227
375 1.0 15.228685515885264
409 1.6989700043360187 20.72532624391316
433 1.3010299956639813 26.035075059878718
43 1.0 17.11189632348561
471 1.845098040014257 26.179338818270686
49 1.0 16.335513669309126
536 1.0 17.11189632348561
656 1.4771212547196624 18.43335978124768
660 1.0 17.15044222388708
729 1.0 15.202096945171302
77 1.0 16.876185748875265
815 1.0 16.876185748875265
83 1.0 25.345464687070297
84 1.0 20.94724544657274
865 1.0 36.420319557775116
960 1.0 19.164284103879986
962 1.0 18.888396882406173
