1.8239087409443189
207 1.6989700043360187 18.798742484766407
210 1.0 20.74943729156614
233 1.6989700043360187 18.798742484766407
234 1.0 20.74943729156614
409 1.6989700043360187 18.798742484766407
410 1.0 20.74943729156614
411 1.9030899869919435 18.356977856408704
417 1.4771212547196624 18.642503692692046
420 1.4771212547196624 16.4406842597468
519 1.0 20.706175002637085
659 1.6989700043360187 18.798742484766407
726 1.0 15.370445248663776
77 1.4771212547196624 16.90578733542276
803 1.0 16.74751991200512
817 1.4771212547196624 16.90578733542276
