0.8569851997459049
1000 1.0 16.329300295473313
114 1.0 16.58655052158543
115 1.0 17.956167137974
116 1.0 21.142493979490386
117 1.0 14.688235307452093
137 1.0 22.26891535791042
184 1.0 24.619860170608522
190 1.0 30.967630313961816
1 1.3010299956639813 24.469666509833758
250 1.0 16.070194442289612
251 1.0 15.91714951082178
252 1.0 16.401453406092962
253 1.0 16.396443136520976
254 1.0 16.329300295473313
255 1.0 16.767843670427574
256 1.6020599913279625 14.651068157152437
260 1.6989700043360187 40.46004416097286
267 1.6020599913279625 24.25543451426215
283 1.4771212547196624 15.990191960562015
303 1.0 16.58655052158543
304 1.0 17.956167137974
305 1.0 18.712967679843132
306 1.0 16.600338456632596
307 1.0 18.45025554098666
308 1.0 17.69895328701503
309 1.0 16.353960229243555
310 1.0 18.574581934797493
311 1.0 16.33409561676385
312 1.0 16.2406870095727
313 1.0 16.688807985466465
314 1.0 16.038281372083322
315 1.0 16.836578834986856
316 1.0 16.400885878921038
317 2.146128035678238 15.824754366327694
318 1.3010299956639813 15.762695037388225
373 1.3010299956639813 15.444986818309642
376 1.0 12.958964657691968
378 1.3010299956639813 24.653480438007165
379 1.0 15.583202002844317
385 1.0 12.978310947895874
386 1.3010299956639813 21.856373350068075
390 1.4771212547196624 15.448143324179663
398 1.0 31.04754842191709
420 1.4771212547196624 22.69268235247738
433 1.4771212547196624 26.035075059878718
453 1.0 15.044342067483518
477 1.0 18.712967679843132
478 1.0 16.600338456632596
480 1.0 18.45025554098666
481 1.0 17.69895328701503
482 1.0 16.353960229243555
483 2.0 16.072305173973206
499 1.3010299956639813 27.781754633425805
500 1.0 24.619860170608522
51 1.7781512503836436 16.468103731109437
56 2.146128035678238 16.008658872883498
572 1.3010299956639813 34.607198595571596
573 1.0 16.9403306571999
574 1.0 16.601117775791995
575 1.0 16.359093907045278
577 1.0 16.12113380419118
578 1.0 17.196077893890912
579 1.7781512503836436 16.468103731109437
582 1.0 24.99171329470656
584 1.4771212547196624 30.950545053399313
611 1.0 16.37139499661555
612 1.0 22.300659992929845
613 1.0 16.24635806045507
614 1.0 17.258283162732244
615 1.0 23.88195453063762
616 1.0 16.2837123301042
617 1.0 16.258590605316485
618 1.0 15.979851330655551
619 1.0 16.002509983007247
620 1.0 15.900698718230329
621 1.0 16.187886783484302
622 1.0 16.29894691934756
623 1.0 16.469393434006214
624 1.0 16.24926695969382
625 2.146128035678238 16.008658872883498
626 2.146128035678238 15.483953915022516
627 1.3010299956639813 15.56115616891949
628 1.3010299956639813 17.4321572644572
629 1.4771212547196624 15.448408287851615
630 1.3010299956639813 16.96541394633868
631 1.0 19.950177336902193
632 1.0 22.247424428787344
633 1.0 20.514540434900287
635 1.3010299956639813 18.02903493564441
636 1.3010299956639813 15.995025442232151
639 1.6020599913279625 16.56038138552629
726 1.4771212547196624 15.448143324179663
731 1.0 28.951588555136127
732 1.0 24.075837860598885
734 1.6020599913279625 14.964711114676133
735 1.6020599913279625 26.464092456397857
736 1.4771212547196624 14.864916275301095
737 1.4771212547196624 23.235022308206137
738 1.0 13.550920413349306
739 1.0 14.836842538057565
742 1.0 13.483669057421706
743 1.3010299956639813 15.444986818309642
744 1.6989700043360187 15.802376515156825
745 1.0 19.115864173216895
748 1.3010299956639813 22.56508767539272
750 1.3010299956639813 24.739780818458456
753 1.0 21.70542592404138
754 1.0 14.74786118683863
75 1.3010299956639813 15.444986818309642
769 1.0 19.37976637155202
770 1.0 31.04754842191709
805 1.0 24.462808310936932
820 1.0 30.967630313961816
828 1.3010299956639813 27.781754633425805
829 1.0 24.619860170608522
831 1.0 15.854309531641922
880 1.0 15.076218839772537
881 1.0 16.868603706098174
882 1.6989700043360187 15.650130639830621
883 1.0 18.574581934797493
884 1.0 16.33409561676385
885 1.0 16.2406870095727
886 1.0 16.688807985466465
887 1.0 16.038281372083322
888 1.0 16.836578834986856
88 1.0 17.71948261455228
891 1.0 20.556957071190386
892 1.0 19.44244897613975
893 1.0 19.650125642603225
894 1.845098040014257 16.508326051842978
895 2.113943352306837 16.22969191138666
930 1.0 15.25216652316149
994 1.0 16.070194442289612
995 1.0 16.341134900020474
996 1.0 16.28971068168109
997 1.0 15.91714951082178
998 1.0 16.401453406092962
999 1.0 16.396443136520976
99 1.845098040014257 16.508326051842978
