1.6020599913279623
14 1.0 14.523826702761134
15 1.0 14.523826702761134
219 1.0 20.060459993820544
21 1.0 18.049400889846094
26 1.0 18.64575497280853
285 1.0 27.333530767834674
2 1.0 25.673207973589584
307 1.0 16.630431048976302
397 1.0 34.76173337398946
3 1.0 25.673207973589584
433 1.0 24.68064648083747
435 1.0 24.468548355039516
441 1.6989700043360187 31.735712827979288
444 1.0 29.526890635247195
471 1.4771212547196624 24.01537280312254
47 1.0 19.549619832587243
7 1.0 20.662205334068826
810 1.0 15.100671070076253
811 1.0 19.284259305458484
867 1.0 36.43404557128479
878 1.0 27.134111744574057
888 1.0 16.630431048976302
92 1.0 21.402892320890444
937 1.0 17.488110770017975
983 1.0 15.99285048892566
