1.5228787452803376
122 1.0 21.918380641831487
125 1.0 19.0809900086681
127 1.0 18.613796434027876
199 1.0 22.603396897878287
229 1.0 22.603396897878287
260 1.6020599913279625 40.46004416097286
264 1.0 16.714220604471006
265 1.0 23.98572466518575
266 1.0 20.247891051811926
267 1.0 24.25543451426215
268 1.4771212547196624 28.048590371713367
269 1.0 26.08506226190013
332 1.0 24.231012577485338
340 1.0 20.927824358412284
455 1.0 18.409755324317654
497 1.0 22.57404561538827
499 1.0 27.781754633425805
511 1.0 21.085117241154542
515 1.0 20.34226440586786
556 1.4771212547196624 32.02299329624464
557 1.6989700043360187 29.473606133346674
559 1.0 32.39203154477896
569 1.0 34.990949277994865
572 1.845098040014257 34.607198595571596
584 1.3010299956639813 30.950545053399313
653 1.0 22.603396897878287
827 1.0 22.57404561538827
828 1.0 27.781754633425805
878 1.0 33.105865818015594
88 1.0 17.71948261455228
