1.744727494896694
338 1.0 21.754781863703386
401 1.0 24.1565533242725
41 1.6020599913279625 20.87407005016222
457 1.6020599913279625 24.521319277035015
47 1.0 19.524027135780376
522 1.0 19.672274363144883
544 1.0 16.338553508044296
554 1.0 22.40007556792627
566 1.0 23.04859528725498
772 1.3010299956639813 23.117420198200822
775 1.0 24.1565533242725
776 1.0 25.809572659595812
777 1.0 28.5636709471766
778 1.0 29.375621062375156
779 1.0 26.762559621671812
780 1.0 28.653172853466874
781 1.0 24.215767859390553
782 1.0 28.8122112955473
