0.8728952016351924
142 1.0 19.04038571666816
144 1.3010299956639813 19.628955678670632
148 1.3010299956639813 39.73153365749456
154 1.0 38.92312411360697
157 1.0 27.318575173705053
175 1.4771212547196624 18.88811507135678
176 1.0 22.379256958057034
184 1.0 13.724353290586581
189 1.6020599913279625 22.794574400913437
191 2.255272505103306 30.983771998615772
192 1.0 16.982274168574502
200 1.4771212547196624 22.625506653399253
205 1.0 18.460464588544884
206 1.0 18.054340943557705
209 1.0 19.7404272810474
216 1.0 16.421261094972383
230 1.4771212547196624 22.625506653399253
232 1.0 18.460464588544884
238 1.4771212547196624 17.79360469731602
239 1.0 16.864483145006986
242 1.3010299956639813 20.34767568477578
243 1.0 17.509187404878464
250 1.0 21.593723016307443
258 1.4771212547196624 32.05900432440354
259 1.0 34.168322910342354
260 1.6989700043360187 27.085761995614487
261 1.845098040014257 40.472400145134394
264 1.0 18.98771976077981
265 1.0 16.744108528521995
266 1.3010299956639813 24.006561347142163
268 1.0 24.276039699169623
269 1.0 28.06641091839446
278 1.0 24.438116936080927
279 1.3010299956639813 17.734346218217127
281 1.0 20.385373369801357
285 1.0 27.333530767834674
286 1.6020599913279625 30.579284727285547
298 1.0 13.03590292228772
2 1.3010299956639813 25.673207973589584
326 1.4771212547196624 26.265110333168654
327 1.3010299956639813 21.408537178610665
328 1.6020599913279625 32.88047364596294
329 1.6020599913279625 24.220820861806594
330 1.0 25.015154858124397
331 1.6989700043360187 26.442768047844584
332 1.4771212547196624 26.156648054217282
333 1.4771212547196624 24.251638512278973
335 1.3010299956639813 26.592389103304416
337 1.0 17.509187404878464
339 1.3010299956639813 21.777753188456284
341 1.4771212547196624 20.951702374187988
399 2.1760912590556813 31.06364857854412
3 1.3010299956639813 25.673207973589584
412 1.3010299956639813 21.758302257583633
416 1.0 19.445006257673224
417 1.0 18.642503692692046
41 1.0 20.898009485572526
421 2.113943352306837 22.714705200606023
444 1.4771212547196624 29.526890635247195
459 1.3010299956639813 24.541701226408268
47 1.0 19.549619832587243
487 1.0 19.112909051912595
489 1.0 18.813161782127867
491 1.4771212547196624 18.157117953750248
497 1.9030899869919435 21.557388215952543
500 1.845098040014257 27.79974623106974
510 1.0 21.594628676437562
519 1.3010299956639813 20.706175002637085
520 1.4771212547196624 25.214633181541256
527 1.3010299956639813 20.61363026869414
528 1.0 21.12339116570097
535 1.0 18.139512907437105
546 1.0 23.31908484052949
55 1.0 16.140070803745896
561 1.7781512503836436 26.19567707123272
562 1.3010299956639813 20.63816033660684
563 1.0 23.476641362660768
565 1.6020599913279625 25.067378635529828
566 1.4771212547196624 24.435514902659826
567 1.0 23.07027838400899
572 2.462397997898956 29.842988809469816
573 1.3010299956639813 34.62164344212061
577 1.6020599913279625 21.541085769479377
581 1.4771212547196624 25.541293855592556
582 1.0 26.849702075967517
583 1.0 25.011711924712642
585 1.0 30.96669564390913
592 1.0 15.957605833185818
59 1.0 17.054311793451188
604 1.0 16.140070803745896
62 1.3010299956639813 20.34767568477578
648 1.6020599913279625 22.794574400913437
654 1.4771212547196624 22.625506653399253
657 1.0 18.460464588544884
658 1.0 18.054340943557705
660 1.0 17.054311793451188
662 1.0 19.61461115210067
664 1.0 17.88199680559741
667 1.0 20.441369254248713
66 1.0 17.304976281070527
671 1.0 20.661290750656658
672 1.0 19.607432276969973
686 1.0 17.204501418003492
695 1.0 13.748192686610185
772 2.1760912590556813 31.06364857854412
774 1.845098040014257 23.139038800697477
77 1.0 16.90578733542276
7 1.3010299956639813 20.662205334068826
807 1.4771212547196624 24.483238969908477
808 1.0 27.292695599132404
809 1.3010299956639813 23.93775068948324
817 1.0 16.90578733542276
819 1.0 14.38700094710823
823 2.255272505103306 30.983771998615772
824 1.0 16.982274168574502
829 1.9030899869919435 21.557388215952543
831 1.845098040014257 27.79974623106974
867 1.0 36.43404557128479
873 1.0 25.188400405739408
878 1.3010299956639813 27.134111744574057
87 1.0 24.835731385689954
880 1.0 33.12096543823041
883 1.0 16.982274168574502
90 1.0 17.747677710827986
919 1.0 17.121724244752095
935 1.0 21.549494779071786
938 1.4771212547196624 17.906540871879564
93 1.0 19.110011561305157
947 1.0 19.409288369513817
953 1.3010299956639813 19.129941566095997
961 1.0 18.914849636919964
971 1.0 19.694865931417798
986 1.0 21.11229795390388
990 1.4771212547196624 19.267169356987246
