1.2006594505464183
190 1.0 30.967630313961816
207 1.0 18.0557751805786
224 1.0 18.0557751805786
373 1.4771212547196624 15.444986818309642
374 1.0 18.047953588423393
375 1.0 15.228685515885264
390 1.4771212547196624 15.448143324179663
391 1.4771212547196624 14.93400553732674
392 1.4771212547196624 14.283168530322774
393 1.0 15.71714517392524
394 1.0 13.494009199570673
395 1.0 14.758399668360488
396 1.0 34.747346764383785
397 1.0 15.59311007460044
398 1.0 31.04754842191709
399 1.0 19.13339458833571
400 1.0 14.08378662149524
401 1.0 24.1565533242725
402 1.0 16.368602790560463
403 1.0 13.500926207151714
421 1.6020599913279625 19.170545066323047
726 1.4771212547196624 15.448143324179663
727 1.4771212547196624 14.93400553732674
728 1.0 15.152346642235964
729 1.0 15.202096945171302
743 1.4771212547196624 15.444986818309642
744 1.4771212547196624 15.802376515156825
75 1.4771212547196624 15.444986818309642
768 1.0 15.59311007460044
769 1.0 19.37976637155202
76 1.0 13.459310544023309
770 1.0 31.04754842191709
771 1.0 25.078312841330952
772 1.0 23.117420198200822
775 1.0 24.1565533242725
776 1.0 25.809572659595812
777 1.0 28.5636709471766
778 1.0 29.375621062375156
779 1.0 26.762559621671812
780 1.0 28.653172853466874
781 1.0 24.215767859390553
782 1.0 28.8122112955473
783 1.0 15.065543358973835
784 1.0 16.427467569369398
785 1.0 16.33924581085099
786 1.0 16.674504799836235
787 1.0 16.853403753588953
788 1.0 16.44195035074378
789 1.0 16.247732650957825
790 1.0 16.35543624625182
791 1.0 15.027617842401222
792 1.0 15.296720290112676
793 1.0 15.283359784295454
794 1.0 15.391766171743628
795 1.0 13.470927861124082
796 1.0 16.41623255841033
797 1.0 17.68690492205947
798 1.0 19.84500063961507
820 1.0 30.967630313961816
854 1.0 17.26309028263445
91 1.3010299956639813 21.379518228894476
923 1.0 21.33531539196555
933 1.0 22.32890278912787
