1.2365720064370627
176 1.3010299956639813 22.379256958057034
203 1.0 18.47845587465186
210 1.0 20.74943729156614
212 1.0 22.053003739358804
224 1.0 18.47845587465186
234 1.0 20.74943729156614
236 1.4771212547196624 23.511023087218234
243 1.0 17.509187404878464
248 1.0 16.370386131129504
250 1.0 21.593723016307443
260 1.3010299956639813 27.085761995614487
267 1.3010299956639813 20.272569941821523
268 1.0 24.276039699169623
278 1.3010299956639813 24.438116936080927
279 1.3010299956639813 17.734346218217127
280 1.0 19.375567339230585
281 1.3010299956639813 20.385373369801357
283 1.3010299956639813 19.116081351354293
291 1.0 17.88610079038451
323 1.3010299956639813 19.99450022605915
336 1.0 27.213017312486674
337 1.0 17.509187404878464
339 1.0 21.777753188456284
343 1.3010299956639813 22.828476621056783
344 1.0 20.86119657744264
397 1.0 34.76173337398946
410 1.0 20.74943729156614
444 1.0 29.526890635247195
446 1.0 21.762871720842014
529 1.0 16.631082353314728
532 1.0 19.229822454648716
536 1.0 17.80770137278335
544 1.0 21.7329857487666
546 1.3010299956639813 23.31908484052949
558 1.0 29.49056558466878
577 1.3010299956639813 21.541085769479377
579 1.0 17.22512975082521
581 1.0 25.541293855592556
598 1.0 19.920097781606806
600 1.0 18.60056357999351
61 1.0 18.47845587465186
646 1.3010299956639813 21.019109611528222
667 1.0 20.441369254248713
673 1.3010299956639813 17.464006401007527
68 1.0 17.582897293622267
966 1.0 20.37474443529265
968 1.0 20.745195199857015
969 1.4771212547196624 20.598971129752556
970 1.3010299956639813 18.816376936112132
971 1.3010299956639813 19.694865931417798
973 1.0 18.869638675773842
974 1.0 17.88251712427213
976 1.0 19.12532909112134
978 1.0 19.932540595234652
979 1.0 17.6480879383687
990 1.0 19.267169356987246
991 1.0 20.996461847748183
992 1.0 33.556122085405605
