1.5228787452803376
104 1.0 21.315476777332258
215 1.0 16.390784482423456
226 1.3010299956639813 16.894525174208198
230 1.0 19.818484653329044
295 1.0 21.53759215073197
335 1.0 27.194637545841633
338 1.3010299956639813 21.754781863703386
343 1.0 20.837214848503734
356 1.0 16.341214190652384
357 1.0 14.997192520377267
498 1.0 19.818484653329044
526 1.0 20.589360185649852
530 1.0 20.54820717542731
538 1.0 20.55751044757001
545 1.0 23.297633308982533
549 1.0 22.395775493328287
605 1.0 18.5040994848109
645 1.0 20.99530825830948
655 1.0 19.818484653329044
668 1.0 17.727873548642012
669 1.0 16.622470868958438
66 1.0 17.276058696601304
671 1.3010299956639813 19.58191513861614
690 1.6020599913279625 20.22818021406503
69 1.0 26.41557398804616
813 1.0 20.580671285807178
93 1.3010299956639813 40.4099170367325
945 1.0 19.892020741815653
967 1.0 20.350189453749287
993 1.0 33.541218365030296
