1.6197887582883939
191 1.3010299956639813 30.983771998615772
1 1.0 24.099314783282633
285 1.0 27.333530767834674
2 1.0 25.673207973589584
399 1.0 31.06364857854412
3 1.0 25.673207973589584
402 1.3010299956639813 24.177242781351655
498 1.0 22.596184090364247
519 1.0 20.706175002637085
563 1.0 23.476641362660768
63 1.0 17.37188739596265
66 1.6989700043360187 17.304976281070527
673 1.0 17.464006401007527
683 1.0 17.37188739596265
772 1.0 31.06364857854412
777 1.3010299956639813 24.177242781351655
778 1.3010299956639813 25.828938051552868
779 1.845098040014257 28.58117033955364
780 1.0 29.39263705080337
782 1.3010299956639813 28.670617617530514
823 1.3010299956639813 30.983771998615772
830 1.0 22.596184090364247
833 1.3010299956639813 15.885438230900338
958 1.6020599913279625 21.012855683925522
