1.6382721639824072
135 1.3010299956639813 29.53008637972915
137 1.0 22.922196064917607
141 1.3010299956639813 22.083311659467373
148 1.0 39.73153365749456
156 1.0 32.80078913912944
158 1.0 40.36801588254125
159 1.3010299956639813 34.663276209978875
162 1.0 29.200185832126223
187 1.0 25.365184410989947
213 1.0 19.298818028563065
23 1.0 18.927700473196293
328 1.0 32.88047364596294
500 1.0 27.79974623106974
528 1.0 21.12339116570097
670 1.0 16.652523466110832
686 1.0 17.204501418003492
831 1.0 27.79974623106974
84 1.0 25.365184410989947
852 1.4771212547196624 21.864410189197464
867 1.3010299956639813 36.43404557128479
92 1.6020599913279625 21.402892320890444
94 1.3010299956639813 40.42228834338309
972 1.0 19.608298803683244
