1.6989700043360187
109 1.3010299956639813 19.715945972128416
1 1.0 24.469666509833758
374 1.4771212547196624 18.047953588423393
396 1.4771212547196624 34.747346764383785
411 1.0 21.73531037580023
415 1.0 19.419275690945604
455 1.6989700043360187 18.409755324317654
497 1.4771212547196624 22.57404561538827
499 1.0 27.781754633425805
520 1.0 15.091216218944323
667 1.0 16.465785588330146
806 1.0 27.27436952647854
81 1.0 15.73170187126443
827 1.4771212547196624 22.57404561538827
828 1.0 27.781754633425805
830 1.0 15.73170187126443
882 1.6989700043360187 15.650130639830621
894 1.0 16.508326051842978
927 1.0 15.57201869317147
99 1.0 16.508326051842978
