1.585026652029182
157 1.3010299956639813 40.355627938282694
158 2.7558748556724915 34.64884871982456
159 1.3010299956639813 33.49922392874927
160 2.9084850188786495 40.68185651929256
161 1.0 29.183057629910973
162 2.7075701760979363 27.42647719561716
163 1.0 29.043663537477517
22 1.0 20.017303363514117
238 1.0 16.834808931146938
262 1.0 21.133916878571615
263 1.0 18.961368666684063
268 1.3010299956639813 28.048590371713367
2 1.0 25.653725024939046
30 1.845098040014257 13.608746530335091
3 1.0 25.653725024939046
555 1.3010299956639813 21.325804237253536
558 1.3010299956639813 21.15084713075001
559 1.0 32.39203154477896
582 1.0 24.99171329470656
669 1.0 16.622470868958438
671 1.0 19.58191513861614
672 1.0 17.43535257958473
679 1.0 15.743631599218444
680 1.0 17.012055796954062
875 1.0 22.430004022861485
877 1.0 22.430004022861485
