1.537602002101044
111 1.3010299956639813 18.8928542926875
160 1.0 40.68185651929256
173 1.6989700043360187 25.424188320838816
174 1.6989700043360187 18.86162482260781
185 1.0 17.044758885154558
187 1.6020599913279625 18.36761931536485
188 1.0 22.772628792451215
196 1.0 21.713143045615993
2 1.0 25.653725024939046
3 1.0 25.653725024939046
440 1.3010299956639813 31.719953794102054
479 1.0 17.044758885154558
505 1.6020599913279625 20.09259021626153
592 1.0 18.068207751312215
628 1.0 17.4321572644572
630 1.0 16.96541394633868
631 1.4771212547196624 19.950177336902193
632 1.6989700043360187 22.247424428787344
633 1.4771212547196624 20.514540434900287
635 1.0 18.02903493564441
647 1.0 22.772628792451215
650 1.0 21.713143045615993
771 1.3010299956639813 25.078312841330952
809 1.0 19.258313969819948
817 1.6020599913279625 18.36761931536485
850 1.0 21.84153000413391
865 1.0 36.420319557775116
90 1.0 21.713143045615993
910 1.0 17.02047450238395
