1.3872161432802645
146 1.0 38.443348131520054
147 1.3010299956639813 38.27432982034523
148 1.0 39.73153365749456
154 1.3010299956639813 38.92312411360697
155 1.0 39.65608647202028
176 1.0 22.379256958057034
191 1.0 30.983771998615772
250 1.0 21.593723016307443
266 1.0 24.006561347142163
26 1.0 18.64575497280853
271 1.0 27.296216475399984
280 1.0 19.375567339230585
281 1.0 20.385373369801357
296 1.0 21.560794875219035
331 1.0 26.442768047844584
332 1.0 26.156648054217282
345 1.0 19.45537620834872
349 1.0 16.95637498328479
399 1.0 31.06364857854412
412 1.3010299956639813 21.758302257583633
444 1.0 29.526890635247195
448 1.0 18.647997157938995
451 1.0 15.797072840726699
471 1.0 24.01537280312254
472 1.0 26.198430887398857
572 1.0 29.842988809469816
672 1.0 19.607432276969973
678 1.0 19.909993307821388
68 1.0 17.582897293622267
690 1.0 16.958302953633954
772 1.0 31.06364857854412
803 1.3010299956639813 16.74751991200512
807 1.3010299956639813 24.483238969908477
808 1.3010299956639813 27.292695599132404
809 1.0 23.93775068948324
823 1.0 30.983771998615772
852 1.0 21.864410189197464
867 1.3010299956639813 36.43404557128479
880 1.0 33.12096543823041
948 1.0 14.526214577737626
94 1.0 40.42228834338309
