1.4685210829577449
119 1.0 22.648675884415564
257 1.0 32.04340428656301
260 1.3010299956639813 40.46004416097286
263 1.0 18.961368666684063
265 1.0 23.98572466518575
270 1.0 27.27789276817213
275 1.0 20.27889021374396
285 1.3010299956639813 30.562929415100232
330 1.0 26.423852520632007
396 1.3010299956639813 34.747346764383785
511 1.3010299956639813 21.085117241154542
513 1.0 18.984876032460487
538 1.0 20.55751044757001
551 1.0 21.162559580914515
555 1.0 21.325804237253536
558 1.0 21.15084713075001
559 1.0 32.39203154477896
571 1.0 29.826229749704215
572 1.3010299956639813 34.607198595571596
582 1.4771212547196624 24.99171329470656
592 1.0 18.068207751312215
663 1.0 17.854013827579386
732 1.3010299956639813 24.075837860598885
750 1.3010299956639813 24.739780818458456
754 1.0 14.74786118683863
807 1.0 23.916854058840084
852 1.0 20.31196842893302
893 1.0 19.650125642603225
934 1.0 19.043662363227906
974 1.0 18.84312245235009
982 1.0 19.01404692868626
986 1.0 19.998220484206893
989 1.0 18.267442413672814
993 1.0 33.541218365030296
