0.9913998282380825
1000 1.0 16.329300295473313
114 1.0 16.58655052158543
115 1.0 17.956167137974
154 1.0 39.64347606197456
157 1.0 40.355627938282694
1 1.3010299956639813 24.469666509833758
250 1.0 16.070194442289612
251 1.0 15.91714951082178
252 1.0 16.401453406092962
253 1.0 16.396443136520976
254 1.0 16.329300295473313
255 1.0 16.767843670427574
256 1.4771212547196624 14.651068157152437
259 1.6989700043360187 27.067295817703585
260 2.113943352306837 40.46004416097286
267 2.0413926851582254 24.25543451426215
268 1.845098040014257 28.048590371713367
270 2.3222192947339195 27.27789276817213
303 1.0 16.58655052158543
304 1.0 17.956167137974
305 1.0 18.712967679843132
306 1.0 16.600338456632596
307 1.6020599913279625 18.45025554098666
308 1.3010299956639813 17.69895328701503
309 1.0 16.353960229243555
310 1.0 18.574581934797493
311 1.0 16.33409561676385
312 1.0 16.2406870095727
313 1.0 16.688807985466465
314 1.0 16.038281372083322
315 1.0 16.836578834986856
316 1.0 16.400885878921038
317 1.6989700043360187 15.824754366327694
373 1.3010299956639813 15.444986818309642
383 1.0 13.131510006860365
384 1.4771212547196624 18.637274062594784
390 1.3010299956639813 15.448143324179663
391 1.4771212547196624 14.93400553732674
421 1.0 19.170545066323047
477 1.0 18.712967679843132
478 1.0 16.600338456632596
480 1.6020599913279625 18.45025554098666
481 1.3010299956639813 17.69895328701503
482 1.0 16.353960229243555
483 1.845098040014257 16.072305173973206
51 1.6020599913279625 16.468103731109437
56 2.0 16.008658872883498
573 1.0 16.9403306571999
574 1.0 16.601117775791995
575 1.0 16.359093907045278
577 1.0 16.12113380419118
579 1.6020599913279625 16.468103731109437
580 1.4771212547196624 25.521710205582426
582 1.3010299956639813 24.99171329470656
584 1.6989700043360187 30.950545053399313
611 1.0 16.37139499661555
612 1.0 22.300659992929845
613 1.0 16.24635806045507
614 1.3010299956639813 17.258283162732244
615 1.0 23.88195453063762
616 1.0 16.2837123301042
617 1.0 16.258590605316485
618 1.0 15.979851330655551
619 1.0 16.002509983007247
620 1.0 15.900698718230329
621 1.0 16.187886783484302
622 1.0 16.29894691934756
623 1.0 16.469393434006214
624 1.0 16.24926695969382
625 2.0 16.008658872883498
626 1.9542425094393248 15.483953915022516
726 1.3010299956639813 15.448143324179663
727 1.4771212547196624 14.93400553732674
732 1.6989700043360187 24.075837860598885
733 1.4771212547196624 16.680401854673583
736 1.3010299956639813 14.864916275301095
743 1.3010299956639813 15.444986818309642
744 1.3010299956639813 15.802376515156825
750 1.6020599913279625 24.739780818458456
751 1.3010299956639813 15.689454122764054
752 1.3010299956639813 13.755827442343211
75 1.3010299956639813 15.444986818309642
831 1.0 15.854309531641922
881 1.0 16.868603706098174
883 1.0 18.574581934797493
884 1.0 16.33409561676385
885 1.0 16.2406870095727
886 1.0 16.688807985466465
887 1.0 16.038281372083322
888 1.0 16.836578834986856
891 1.7781512503836436 20.556957071190386
892 1.6020599913279625 19.44244897613975
893 1.4771212547196624 19.650125642603225
894 1.6020599913279625 16.508326051842978
895 1.9030899869919435 16.22969191138666
994 1.0 16.070194442289612
995 1.0 16.341134900020474
996 1.0 16.28971068168109
997 1.0 15.91714951082178
998 1.0 16.401453406092962
999 1.0 16.396443136520976
99 1.6020599913279625 16.508326051842978
