1.7695510786217261
131 1.6020599913279625 31.908356378043813
132 1.0 31.170157473839097
134 1.0 29.51314963866556
135 1.0 23.727421112255122
136 1.4771212547196624 22.900372757632663
137 1.0 22.26891535791042
147 1.3010299956639813 39.718947201261805
148 1.0 36.70053413239285
154 1.3010299956639813 39.64347606197456
157 1.3010299956639813 40.355627938282694
158 1.6989700043360187 34.64884871982456
159 1.4771212547196624 33.49922392874927
160 1.6020599913279625 40.68185651929256
162 1.3010299956639813 27.42647719561716
486 1.0 19.08673079463014
488 1.3010299956639813 18.786565844786978
876 1.0 27.115678493576954
