1.3010299956639813
106 1.0 21.237877873941795
213 1.0 18.016798133940682
222 1.3010299956639813 19.47615277135082
241 1.0 20.323087997959746
257 1.6020599913279625 32.04340428656301
258 1.3010299956639813 34.15368633845293
267 1.0 24.25543451426215
274 1.0 17.324647965269033
280 1.0 20.36083120666262
285 1.6020599913279625 30.562929415100232
325 1.0 26.246066768442137
327 1.7781512503836436 32.86526353435894
328 1.0 24.20016866097684
329 1.3010299956639813 24.995158982809944
331 1.6020599913279625 26.137525464974466
335 1.0 27.194637545841633
342 1.0 22.806563635018236
343 1.3010299956639813 20.837214848503734
348 1.0 16.926861864319864
352 1.0 25.386817845441577
421 1.0 19.170545066323047
440 1.0 31.719953794102054
444 1.0 16.89424162983062
445 1.3010299956639813 21.739884671677192
450 1.0 15.76538963474183
497 1.0 22.57404561538827
501 1.0 18.576070342315386
522 1.0 19.672274363144883
528 1.0 16.600990941589497
545 1.0 23.297633308982533
576 1.6020599913279625 21.517861792661158
597 1.0 19.894981669475758
62 1.0 20.323087997959746
673 1.0 19.039369057845647
67 1.0 17.749330468393577
69 1.0 26.41557398804616
801 1.0 16.7176380868533
805 1.6989700043360187 24.462808310936932
806 1.0 27.27436952647854
809 1.0 19.258313969819948
814 1.0 26.382740623521833
827 1.0 22.57404561538827
865 1.3010299956639813 36.420319557775116
86 1.0 24.815590935179138
878 1.3010299956639813 33.105865818015594
954 1.0 19.103786648783725
970 1.3010299956639813 20.574683754662654
972 1.0 19.669462220826514
987 1.0 21.088601776656837
993 1.0 33.541218365030296
