0.9913998282380825
121 1.0 16.452082774442715
122 1.4771212547196624 25.99704858881334
123 1.0 21.94118068747015
125 1.0 17.797417400691103
127 1.0 17.367910512582892
128 1.0 18.640638875516817
13 1.0 14.914686603234317
176 1.0 22.379256958057034
193 1.0 19.923584188401467
195 1.0 16.82457919792204
196 1.0 16.82457919792204
198 1.6989700043360187 18.00016847208931
1 1.0 24.099314783282633
200 1.6020599913279625 22.625506653399253
201 1.3010299956639813 16.675223517292782
212 1.0 22.053003739358804
213 1.6020599913279625 19.298818028563065
217 1.0 16.75160018454076
226 1.0 16.343763522087997
230 1.6020599913279625 22.625506653399253
242 1.3010299956639813 20.34767568477578
250 1.0 21.593723016307443
258 1.6020599913279625 32.05900432440354
259 1.3010299956639813 34.168322910342354
263 1.0 21.157562303591927
271 1.3010299956639813 27.296216475399984
278 1.0 24.438116936080927
285 1.0 27.333530767834674
286 1.9030899869919435 30.579284727285547
2 1.0 25.673207973589584
326 1.4771212547196624 26.265110333168654
328 1.7781512503836436 32.88047364596294
329 1.0 24.220820861806594
330 1.0 25.015154858124397
331 1.3010299956639813 26.442768047844584
332 1.4771212547196624 26.156648054217282
346 1.3010299956639813 17.379200642449316
347 1.0 14.556617982255124
352 1.0 22.315951883102834
3 1.0 25.673207973589584
413 1.0 19.441687508621293
420 1.0 16.4406842597468
42 1.3010299956639813 17.36771058332882
43 1.0 17.141090857518964
441 1.3010299956639813 31.735712827979288
444 1.0 29.526890635247195
448 1.0 18.647997157938995
460 1.0 16.24091782837226
471 1.0 24.01537280312254
494 1.0 22.47464478924292
496 1.3010299956639813 17.074026788002808
49 1.0 16.36609320638818
500 1.0 27.79974623106974
502 1.0 18.60296721930803
505 1.4771212547196624 17.827254209129045
508 1.3010299956639813 17.36771058332882
50 1.0 14.485665386192277
519 1.0 20.706175002637085
525 1.0 20.543320381954224
528 1.6020599913279625 21.12339116570097
531 1.0 20.572525808084006
537 1.0 17.141090857518964
546 1.3010299956639813 23.31908484052949
563 1.0 23.476641362660768
567 1.0 23.07027838400899
577 1.3010299956639813 21.541085769479377
584 1.0 23.292766275876946
597 1.3010299956639813 19.996338987916545
598 1.0 19.920097781606806
59 1.0 17.054311793451188
62 1.3010299956639813 20.34767568477578
643 1.0 19.64025085319644
644 1.0 19.655188678913582
646 1.0 21.019109611528222
649 1.0 19.923584188401467
652 1.6989700043360187 18.00016847208931
654 1.6020599913279625 22.625506653399253
655 1.0 22.47464478924292
660 1.0 17.054311793451188
661 1.0 17.17957125410552
662 1.6989700043360187 19.61461115210067
663 1.6020599913279625 19.44490454387257
668 1.3010299956639813 16.496123636808157
751 1.0 24.759982935078224
803 1.3010299956639813 16.74751991200512
807 1.3010299956639813 24.483238969908477
809 1.0 23.93775068948324
826 1.0 16.82457919792204
828 1.3010299956639813 17.074026788002808
831 1.0 27.79974623106974
833 1.0 15.885438230900338
864 1.0 22.523102482333243
867 1.4771212547196624 36.43404557128479
880 1.0 33.12096543823041
922 1.0 21.35873785771627
932 1.0 22.35128407421646
933 1.0 19.069899742909588
941 1.0 18.01860444167257
969 1.6020599913279625 20.598971129752556
970 1.3010299956639813 18.816376936112132
971 1.3010299956639813 19.694865931417798
987 1.0 15.618327832578043
