1.431798275933005
116 1.0 21.142493979490386
121 1.0 25.97780851667672
122 1.0 21.918380641831487
127 1.0 18.613796434027876
220 1.0 14.895870535814339
246 1.0 17.897958254775837
257 1.0 32.04340428656301
258 1.0 34.15368633845293
259 1.0 27.067295817703585
260 1.0 40.46004416097286
267 1.0 24.25543451426215
268 1.0 28.048590371713367
270 1.0 27.27789276817213
278 1.3010299956639813 17.70612989299446
279 1.0 19.349744435445626
280 1.3010299956639813 20.36083120666262
285 1.3010299956639813 30.562929415100232
326 1.0 21.385169256471997
328 1.0 24.20016866097684
329 1.0 24.995158982809944
343 1.0 20.837214848503734
396 1.3010299956639813 34.747346764383785
398 1.0 31.04754842191709
446 1.0 17.40906918615375
512 1.0 17.487616504038936
556 1.0 32.02299329624464
562 1.3010299956639813 23.455333927936188
566 1.0 23.04859528725498
568 1.6989700043360187 21.196876683380644
576 1.3010299956639813 21.517861792661158
580 1.0 25.521710205582426
581 1.0 26.831073433021917
770 1.0 31.04754842191709
865 1.0 36.420319557775116
972 1.0 19.669462220826514
987 1.0 21.088601776656837
992 1.0 20.972634792127216
