0.889410289700751
119 1.0 14.585078329436863
122 1.0 25.99704858881334
123 1.0 21.94118068747015
170 1.0 16.92269399053892
176 1.0 22.379256958057034
191 1.0 30.983771998615772
198 1.0 18.00016847208931
19 1.0 22.906892828979473
205 1.0 18.460464588544884
207 1.0 18.798742484766407
211 1.0 19.87652496554322
212 1.3010299956639813 22.053003739358804
213 1.4771212547196624 19.298818028563065
215 1.0 18.71227143762001
223 1.0 19.5018082949504
227 1.0 16.92409468367376
232 1.0 18.460464588544884
233 1.0 18.798742484766407
235 1.3010299956639813 18.131311524289607
242 1.0 20.34767568477578
244 1.6020599913279625 25.829961126625353
248 1.0 16.370386131129504
260 1.7781512503836436 27.085761995614487
261 1.9030899869919435 40.472400145134394
268 1.6020599913279625 24.276039699169623
269 1.4771212547196624 28.06641091839446
270 1.845098040014257 26.10422328297102
271 1.6020599913279625 27.296216475399984
274 1.0 16.400153272087692
279 1.3010299956639813 17.734346218217127
281 1.3010299956639813 20.385373369801357
282 1.0 18.824144686242487
283 1.0 19.116081351354293
286 1.4771212547196624 30.579284727285547
323 1.0 19.99450022605915
326 1.0 26.265110333168654
329 1.0 24.220820861806594
330 1.0 25.015154858124397
331 1.3010299956639813 26.442768047844584
332 1.0 26.156648054217282
333 1.3010299956639813 24.251638512278973
336 1.0 27.213017312486674
338 1.6020599913279625 25.829961126625353
344 1.3010299956639813 20.86119657744264
351 1.3010299956639813 19.334505504177955
397 1.6020599913279625 34.76173337398946
399 1.4771212547196624 31.06364857854412
409 1.0 18.798742484766407
412 1.0 21.758302257583633
414 1.0 19.240697556286563
422 1.0 19.196609027115258
444 1.0 29.526890635247195
471 1.0 24.01537280312254
473 1.0 20.456210819322695
47 1.0 19.549619832587243
494 1.0 22.47464478924292
512 1.0 21.108817330045582
513 1.0 17.51618482981768
516 1.3010299956639813 20.36682894213624
524 1.0 18.188013959901607
528 1.0 21.12339116570097
531 1.0 20.572525808084006
532 1.4771212547196624 19.229822454648716
534 1.0 19.72223251625476
541 1.0 18.888440514559967
550 1.0 22.418090015600434
552 1.0 21.18617303846442
553 1.0 20.46546645488232
556 1.6989700043360187 21.34923713779162
557 1.6020599913279625 32.03860327247943
559 1.6989700043360187 21.174473649853873
560 1.6020599913279625 32.40746376373745
561 1.0 26.19567707123272
563 1.4771212547196624 23.476641362660768
565 1.0 25.067378635529828
569 1.4771212547196624 21.220451953962858
570 1.6989700043360187 35.00523577088447
572 1.0 29.842988809469816
573 1.6989700043360187 34.62164344212061
577 1.0 21.541085769479377
581 1.7781512503836436 25.541293855592556
582 1.0 26.849702075967517
583 1.3010299956639813 25.011711924712642
585 1.9542425094393248 30.96669564390913
597 1.0 19.996338987916545
600 1.0 18.60056357999351
60 1.0 20.310156825129837
62 1.0 20.34767568477578
635 1.0 21.5228993608598
639 1.0 18.00030745664779
643 1.0 19.64025085319644
646 1.4771212547196624 21.019109611528222
652 1.0 18.00016847208931
655 1.0 22.47464478924292
657 1.0 18.460464588544884
659 1.0 18.798742484766407
666 1.0 21.979048869070308
669 1.0 17.756055320837486
691 1.0 20.252883122476465
69 1.0 26.43449543906486
771 1.0 19.405549325281637
772 1.4771212547196624 31.06364857854412
808 1.0 27.292695599132404
811 1.0 19.284259305458484
823 1.0 30.983771998615772
873 1.0 25.188400405739408
880 1.0 33.12096543823041
917 1.0 21.083151146519995
92 1.0 21.402892320890444
935 1.0 21.549494779071786
941 1.0 18.01860444167257
94 2.361727836017593 40.42228834338309
957 1.0 18.152757365381166
961 1.4771212547196624 18.914849636919964
966 1.0 20.37474443529265
969 1.0 20.598971129752556
970 1.0 18.816376936112132
971 1.0 19.694865931417798
973 1.0 18.869638675773842
976 1.0 19.12532909112134
978 1.0 19.932540595234652
979 1.0 17.6480879383687
981 1.0 19.04032511818754
984 1.0 17.695911660502205
986 1.4771212547196624 21.11229795390388
987 1.3010299956639813 15.618327832578043
989 1.0 17.072459926998317
990 1.0 19.267169356987246
991 1.6020599913279625 20.996461847748183
