1.0222763947111522
104 1.0 21.315476777332258
119 1.0 22.648675884415564
120 1.0 16.42166336328676
121 1.0 25.97780851667672
122 1.0 21.918380641831487
131 1.0 31.908356378043813
134 1.0 29.51314963866556
148 1.0 36.70053413239285
173 1.3010299956639813 25.424188320838816
175 1.0 22.356903676375765
193 1.6020599913279625 17.74702978158316
199 1.3010299956639813 22.603396897878287
207 1.0 18.0557751805786
211 1.0 22.03031942410671
212 1.6989700043360187 19.272892292014472
213 1.0 18.016798133940682
215 1.0 16.390784482423456
224 1.0 18.0557751805786
225 1.0 16.31314212731362
226 1.3010299956639813 16.894525174208198
229 1.3010299956639813 22.603396897878287
230 1.3010299956639813 19.818484653329044
234 1.0 18.103713917062354
235 1.0 23.489746840008912
236 1.0 18.969094117495082
241 1.0 20.323087997959746
242 1.0 17.48060764330447
248 1.0 22.73469994483774
257 1.0 32.04340428656301
258 1.3010299956639813 34.15368633845293
267 1.0 24.25543451426215
26 1.0 18.618919907073398
274 1.0 17.324647965269033
277 1.0 24.417648522770687
282 1.0 19.08990744429096
284 1.0 27.31523209193297
285 1.4771212547196624 30.562929415100232
290 1.0 17.858124243150325
295 1.0 21.53759215073197
322 1.3010299956639813 19.969477691964787
327 1.0 32.86526353435894
328 1.0 24.20016866097684
329 1.3010299956639813 24.995158982809944
335 1.0 27.194637545841633
336 1.0 17.48060764330447
338 1.4771212547196624 21.754781863703386
340 1.4771212547196624 20.927824358412284
343 1.3010299956639813 20.837214848503734
398 1.3010299956639813 31.04754842191709
410 1.0 18.329720020247976
431 1.0 20.115404335824383
443 1.0 29.509952060039822
448 1.3010299956639813 16.101960150219295
449 1.3010299956639813 15.973339287977442
451 1.4771212547196624 15.618485608068163
471 1.0 26.179338818270686
498 1.3010299956639813 19.818484653329044
504 1.0 17.799185167779708
519 1.0 25.19479562289961
522 1.0 19.672274363144883
523 1.0 18.160502520733715
526 1.3010299956639813 20.589360185649852
527 1.0 21.0997074467684
529 1.0 16.990062759002303
532 1.0 15.834509410850428
543 1.0 21.709967055619686
545 1.0 23.297633308982533
548 1.0 19.647259077738575
59 1.0 17.024968450726956
62 1.0 20.323087997959746
649 1.6020599913279625 17.74702978158316
653 1.3010299956639813 22.603396897878287
655 1.3010299956639813 19.818484653329044
659 1.0 17.024968450726956
673 1.0 19.039369057845647
677 1.0 19.89770402247368
680 1.0 17.012055796954062
770 1.3010299956639813 31.04754842191709
772 1.4771212547196624 23.117420198200822
80 1.3010299956639813 15.680631610845849
865 1.6020599913279625 36.420319557775116
871 1.0 25.16854217073077
876 1.0 27.115678493576954
878 1.0 33.105865818015594
932 1.3010299956639813 19.543680316998906
937 1.0 20.6196626379172
93 1.7781512503836436 40.4099170367325
959 1.0 20.989047238821517
967 1.0 20.350189453749287
973 1.0 19.582782794447926
975 1.0 17.854534961736917
982 1.0 19.01404692868626
986 1.0 19.998220484206893
987 1.0 21.088601776656837
992 1.4771212547196624 20.972634792127216
