0.8696662315049939
124 1.3010299956639813 17.76930122808498
126 1.0 17.339097888099232
127 1.3010299956639813 18.613796434027876
147 1.0 39.718947201261805
157 1.0 40.355627938282694
174 1.0 18.86162482260781
186 1.0 25.345464687070297
197 1.0 17.97236948828946
199 1.0 22.603396897878287
19 1.0 22.88505492845388
202 1.0 18.45137749631327
204 1.3010299956639813 18.43335978124768
206 1.0 18.772126118491787
207 1.0 18.0557751805786
210 1.4771212547196624 19.851353724768064
211 1.0 22.03031942410671
212 1.3010299956639813 19.272892292014472
223 1.0 18.45137749631327
224 1.0 18.0557751805786
227 1.0 19.245446135136124
229 1.0 22.603396897878287
230 1.4771212547196624 19.818484653329044
231 1.3010299956639813 18.43335978124768
232 1.0 18.772126118491787
242 1.0 17.48060764330447
243 1.4771212547196624 25.8105965022697
244 1.0 16.48858847797927
257 1.7781512503836436 32.04340428656301
258 1.6989700043360187 34.15368633845293
259 1.0 27.067295817703585
25 1.0 18.14737887225271
260 1.6020599913279625 40.46004416097286
264 1.0 16.714220604471006
265 1.6989700043360187 23.98572466518575
266 1.0 20.247891051811926
267 1.3010299956639813 24.25543451426215
268 1.3010299956639813 28.048590371713367
270 1.3010299956639813 27.27789276817213
278 1.0 17.70612989299446
280 1.0 20.36083120666262
282 1.0 19.08990744429096
284 1.3010299956639813 27.31523209193297
285 1.6989700043360187 30.562929415100232
287 1.0 16.48858847797927
288 1.0 19.392382017280667
289 1.0 19.318257671242296
296 1.0 18.417536610152265
2 1.0 25.653725024939046
322 1.0 19.969477691964787
325 1.6989700043360187 26.246066768442137
327 1.6989700043360187 32.86526353435894
328 1.4771212547196624 24.20016866097684
329 1.3010299956639813 24.995158982809944
330 1.6020599913279625 26.423852520632007
331 1.6020599913279625 26.137525464974466
332 1.0 24.231012577485338
336 1.0 17.48060764330447
337 1.4771212547196624 25.8105965022697
338 1.0 21.754781863703386
341 1.0 19.392382017280667
350 1.6020599913279625 19.30862768534024
396 1.0 34.747346764383785
397 1.0 15.59311007460044
398 1.6989700043360187 31.04754842191709
3 1.0 25.653725024939046
408 1.0 18.772126118491787
412 1.0 19.41595254379453
430 1.0 21.053048712370824
432 1.0 24.66037937080602
434 1.0 24.448105419498397
440 1.0 31.719953794102054
445 1.3010299956639813 21.739884671677192
447 1.0 18.6211653234297
448 1.3010299956639813 16.101960150219295
498 1.4771212547196624 19.818484653329044
504 1.0 17.799185167779708
509 1.0 21.57146234433863
516 1.0 16.59643675700407
530 1.0 20.54820717542731
531 1.3010299956639813 19.203803572139346
532 1.0 15.834509410850428
535 1.0 17.779601462975204
543 1.0 21.709967055619686
545 1.3010299956639813 23.297633308982533
560 1.0 26.176582993590046
562 1.6020599913279625 23.455333927936188
564 1.3010299956639813 25.047424451568215
565 1.0 24.415044307928472
566 1.0 23.04859528725498
568 1.3010299956639813 21.196876683380644
571 1.0 29.826229749704215
572 1.0 34.607198595571596
580 1.3010299956639813 25.521710205582426
584 1.3010299956639813 30.950545053399313
596 1.0 19.971318757650213
597 1.3010299956639813 19.894981669475758
599 1.0 18.573663222245116
61 1.0 18.45137749631327
645 1.0 20.99530825830948
651 1.0 17.97236948828946
653 1.0 22.603396897878287
655 1.4771212547196624 19.818484653329044
656 1.3010299956639813 18.43335978124768
658 1.0 18.772126118491787
661 1.0 19.589103365088256
662 1.4771212547196624 19.41917384237332
663 1.3010299956639813 17.854013827579386
666 1.0 20.41689440117043
768 1.0 15.59311007460044
770 1.6989700043360187 31.04754842191709
772 1.3010299956639813 23.117420198200822
818 1.0 19.318257671242296
83 1.0 25.345464687070297
89 1.0 16.48858847797927
912 1.0 21.510199531662707
917 1.0 20.297410938444266
919 1.0 24.20144514632048
936 1.0 21.526279874452115
939 1.0 17.878596309450398
93 1.9030899869919435 40.4099170367325
940 1.0 19.551908923253773
942 1.4771212547196624 17.99083394469146
954 1.0 19.103786648783725
956 1.0 19.332344149929916
970 1.3010299956639813 20.574683754662654
973 1.0 19.582782794447926
974 1.0 18.84312245235009
979 1.3010299956639813 19.907440181516993
980 1.3010299956639813 17.619733479266785
982 1.0 19.01404692868626
983 1.0 19.832098688531545
984 1.0 15.961555900385454
986 1.3010299956639813 19.998220484206893
987 1.3010299956639813 21.088601776656837
992 1.3010299956639813 20.972634792127216
