1.3467874862246563
132 1.3010299956639813 31.9240224086541
140 1.0 21.068838098294076
146 1.6020599913279625 38.443348131520054
147 1.3010299956639813 38.27432982034523
148 1.4771212547196624 39.73153365749456
149 1.0 36.714155384577936
155 1.0 39.65608647202028
158 1.0 40.36801588254125
163 1.0 27.444701699266258
19 1.0 22.906892828979473
1 1.3010299956639813 24.099314783282633
348 1.0 18.44095543145629
349 1.0 16.95637498328479
350 1.0 18.249780831901347
351 1.0 19.334505504177955
352 1.0 22.315951883102834
353 1.845098040014257 25.406505472371265
354 1.0 20.162522130165478
355 1.0 20.7163402836389
356 1.0 19.686795467789832
418 1.0 15.939621763732179
419 1.0 17.11396415772215
459 1.0 24.541701226408268
65 1.3010299956639813 18.842982330593173
669 1.0 17.756055320837486
670 1.0 16.652523466110832
672 1.0 19.607432276969973
673 1.0 17.464006401007527
674 1.0 19.06561234581387
675 1.0 18.16831043775807
676 1.0 19.150858948951786
677 1.0 20.260093000467393
678 1.0 19.909993307821388
679 1.0 17.421072102946884
67 1.0 17.777478226009574
688 1.3010299956639813 19.47837054680664
68 1.0 17.582897293622267
691 1.0 20.252883122476465
692 1.0 17.94337135852708
696 1.0 19.78611774450118
69 1.845098040014257 26.43449543906486
811 1.0 19.284259305458484
812 1.0 18.445184780380607
93 1.0 19.110011561305157
94 2.4313637641589874 40.42228834338309
