1.744727494896694
127 1.0 18.613796434027876
190 1.3010299956639813 30.967630313961816
19 1.0 22.88505492845388
246 1.0 17.897958254775837
260 1.3010299956639813 40.46004416097286
262 1.0 21.133916878571615
26 1.0 18.618919907073398
340 1.0 20.927824358412284
457 1.3010299956639813 24.521319277035015
470 1.0 23.994543772969674
564 1.0 25.047424451568215
569 1.0 34.990949277994865
571 1.0 29.826229749704215
691 1.0 17.91548424436275
820 1.3010299956639813 30.967630313961816
850 1.0 21.84153000413391
871 1.3010299956639813 25.16854217073077
92 1.3010299956639813 19.083829329388184
