1.6989700043360187
134 1.0 27.567002922119546
135 1.0 29.53008637972915
136 1.3010299956639813 23.748484428238577
137 1.0 22.922196064917607
139 1.0 17.437449700363672
174 1.0 25.443847031718235
413 1.0 19.441687508621293
438 1.0 16.53113721916283
439 1.0 16.150783000266802
440 1.0 16.088747357134647
498 1.0 22.596184090364247
518 1.0 17.902990023252144
643 1.0 19.64025085319644
644 1.0 19.655188678913582
749 1.7781512503836436 22.58723493033533
773 1.0 25.098242467704086
7 1.0 20.662205334068826
830 1.0 22.596184090364247
867 1.6989700043360187 36.43404557128479
878 1.3010299956639813 27.134111744574057
