1.2365720064370627
110 1.0 16.382580531642766
212 1.4771212547196624 22.053003739358804
243 1.6989700043360187 17.509187404878464
244 1.3010299956639813 25.829961126625353
245 1.6020599913279625 16.518884647461846
246 1.0 15.611383332448497
247 1.845098040014257 17.92587263398071
249 1.3010299956639813 22.75668213035031
250 1.0 21.593723016307443
259 1.7781512503836436 34.168322910342354
260 2.113943352306837 27.085761995614487
261 2.623249290397901 40.472400145134394
266 1.0 24.006561347142163
267 1.7781512503836436 20.272569941821523
268 2.079181246047625 24.276039699169623
269 2.0413926851582254 28.06641091839446
271 1.0 27.296216475399984
273 1.0 15.490090513554941
275 1.3010299956639813 17.353484581504098
278 1.845098040014257 24.438116936080927
279 1.0 17.734346218217127
284 1.4771212547196624 16.021430614511992
286 1.9030899869919435 30.579284727285547
288 1.6020599913279625 16.518884647461846
292 1.0 16.614286248179223
306 1.0 18.739668070348888
337 1.6989700043360187 17.509187404878464
338 1.3010299956639813 25.829961126625353
343 1.0 22.828476621056783
446 1.3010299956639813 21.762871720842014
454 1.6020599913279625 16.518884647461846
483 1.0 14.843383405093189
504 1.0 18.391649858504977
505 1.0 17.827254209129045
577 1.0 21.541085769479377
579 1.6020599913279625 17.22512975082521
581 2.146128035678238 25.541293855592556
583 1.9030899869919435 25.011711924712642
584 1.3010299956639813 23.292766275876946
585 2.278753600952829 30.96669564390913
593 1.0 18.09585950831236
597 1.0 19.996338987916545
600 1.0 18.60056357999351
635 1.3010299956639813 21.5228993608598
639 1.0 18.00030745664779
640 1.3010299956639813 16.590546453751475
643 1.0 19.64025085319644
818 1.0 15.490090513554941
825 1.0 16.614286248179223
87 1.0 24.835731385689954
887 1.0 18.739668070348888
898 1.0 14.029360356309446
899 1.0 14.135030468925212
900 1.0 13.961964508318792
935 1.0 21.549494779071786
973 1.0 18.869638675773842
976 1.0 19.12532909112134
989 1.3010299956639813 17.072459926998317
