1.6575773191777938
243 1.0 17.509187404878464
246 1.3010299956639813 15.611383332448497
247 1.7781512503836436 17.92587263398071
257 1.0 14.685155707227832
259 1.0 34.168322910342354
261 2.4471580313422194 40.472400145134394
264 1.0 18.98771976077981
265 1.0 16.744108528521995
270 1.0 26.10422328297102
273 1.0 15.490090513554941
274 1.0 16.400153272087692
286 1.0 30.579284727285547
337 1.0 17.509187404878464
343 1.0 22.828476621056783
51 1.0 16.49843751688567
577 1.0 21.541085769479377
579 1.4771212547196624 17.22512975082521
580 1.0 16.49843751688567
581 1.0 25.541293855592556
584 1.3010299956639813 23.292766275876946
818 1.0 15.490090513554941
968 1.0 20.745195199857015
