1.3767507096020994
175 1.4771212547196624 22.356903676375765
190 1.0 30.967630313961816
257 1.4771212547196624 32.04340428656301
258 1.4771212547196624 34.15368633845293
26 1.0 18.618919907073398
270 1.3010299956639813 27.27789276817213
284 1.0 27.31523209193297
285 1.0 30.562929415100232
325 1.3010299956639813 26.246066768442137
327 1.6020599913279625 32.86526353435894
331 1.3010299956639813 26.137525464974466
332 1.0 24.231012577485338
397 1.3010299956639813 15.59311007460044
411 1.3010299956639813 21.73531037580023
420 1.0 22.69268235247738
430 1.0 21.053048712370824
432 1.0 24.66037937080602
434 1.0 24.448105419498397
449 1.0 15.973339287977442
499 1.0 27.781754633425805
527 1.0 21.0997074467684
528 1.0 16.600990941589497
566 1.0 23.04859528725498
571 1.0 29.826229749704215
572 1.0 34.607198595571596
576 1.0 21.517861792661158
581 1.3010299956639813 26.831073433021917
583 1.0 23.271290483826427
604 1.0 16.848497544115553
673 1.0 19.039369057845647
680 1.0 17.012055796954062
768 1.3010299956639813 15.59311007460044
805 1.0 24.462808310936932
820 1.0 30.967630313961816
828 1.0 27.781754633425805
878 1.0 33.105865818015594
912 1.0 21.510199531662707
967 1.0 20.350189453749287
970 1.0 20.574683754662654
971 1.4771212547196624 18.789785549650443
972 1.7781512503836436 19.669462220826514
975 1.0 17.854534961736917
