1.3979400086720377
1000 1.0 16.797636183579463
253 1.0 16.431910230774704
254 1.0 16.42690925065229
255 1.0 16.359891446453577
256 1.0 16.797636183579463
260 1.3010299956639813 27.085761995614487
261 2.0413926851582254 40.472400145134394
268 1.3010299956639813 24.276039699169623
269 1.4771212547196624 28.06641091839446
304 1.0 16.616668083737665
305 1.3010299956639813 17.98399116678101
306 1.3010299956639813 18.739668070348888
307 1.0 16.630431048976302
311 1.3010299956639813 18.601480963958362
312 1.0 16.364677803659443
313 1.0 16.271444758929782
314 1.0 16.718741339460014
315 1.0 16.06942654142066
316 1.0 16.866249934906318
574 1.0 16.969820351885488
575 1.0 16.63120895803179
576 1.0 16.389629448511823
581 1.0 25.541293855592556
583 1.4771212547196624 25.011711924712642
585 1.9030899869919435 30.96669564390913
613 1.845098040014257 22.32306959448592
614 1.0 16.27710509361273
616 1.9030899869919435 23.902881671535816
623 1.0 16.32959493311789
624 1.0 16.49972484873875
754 1.0 21.72844942797455
885 1.0 16.616668083737665
886 1.3010299956639813 17.98399116678101
887 1.3010299956639813 18.739668070348888
888 1.0 16.630431048976302
894 1.0 16.898218574553624
994 1.0 16.371703937607325
997 1.0 16.431910230774704
998 1.0 16.42690925065229
999 1.0 16.359891446453577
