1.6989700043360187
136 1.0 23.748484428238577
210 1.0 20.74943729156614
211 1.0 19.87652496554322
219 1.0 20.060459993820544
234 1.0 20.74943729156614
271 1.3010299956639813 27.296216475399984
410 1.0 20.74943729156614
441 1.0 31.735712827979288
444 1.0 29.526890635247195
451 1.3010299956639813 15.797072840726699
472 1.0 26.198430887398857
674 1.0 19.06561234581387
687 1.0 17.191449064838324
803 1.0 16.74751991200512
807 1.7781512503836436 24.483238969908477
815 1.3010299956639813 20.604951603302737
816 1.4771212547196624 26.40168560543113
941 1.0 18.01860444167257
958 1.3010299956639813 21.012855683925522
969 1.0 20.598971129752556
