1.1674910872937636
173 1.0 18.85938858887468
185 1.0 24.640160608655044
187 1.0 25.365184410989947
211 1.0 19.87652496554322
212 1.3010299956639813 22.053003739358804
243 1.3010299956639813 17.509187404878464
244 1.0 25.829961126625353
247 1.3010299956639813 17.92587263398071
248 1.4771212547196624 16.370386131129504
249 1.3010299956639813 22.75668213035031
258 1.4771212547196624 32.05900432440354
259 2.0413926851582254 34.168322910342354
260 1.4771212547196624 27.085761995614487
261 2.113943352306837 40.472400145134394
265 1.0 16.744108528521995
266 1.3010299956639813 24.006561347142163
267 1.3010299956639813 20.272569941821523
268 1.0 24.276039699169623
269 2.079181246047625 28.06641091839446
271 1.0 27.296216475399984
280 1.3010299956639813 19.375567339230585
281 1.3010299956639813 20.385373369801357
285 1.0 27.333530767834674
286 1.0 30.579284727285547
291 1.3010299956639813 17.88610079038451
326 1.0 26.265110333168654
327 1.3010299956639813 21.408537178610665
328 1.0 32.88047364596294
329 1.6020599913279625 24.220820861806594
330 1.4771212547196624 25.015154858124397
332 1.0 26.156648054217282
333 1.4771212547196624 24.251638512278973
337 1.3010299956639813 17.509187404878464
338 1.0 25.829961126625353
343 1.0 22.828476621056783
344 1.6020599913279625 20.86119657744264
434 1.3010299956639813 26.054272842923844
446 1.3010299956639813 21.762871720842014
497 1.0 21.557388215952543
501 1.0 24.640160608655044
528 1.0 21.12339116570097
532 1.3010299956639813 19.229822454648716
535 1.0 18.139512907437105
546 1.0 23.31908484052949
561 1.7781512503836436 26.19567707123272
571 1.0 19.508904785615407
572 1.3010299956639813 29.842988809469816
573 1.0 34.62164344212061
577 1.3010299956639813 21.541085769479377
581 1.4771212547196624 25.541293855592556
582 1.6020599913279625 26.849702075967517
583 1.6020599913279625 25.011711924712642
584 1.4771212547196624 23.292766275876946
585 1.9030899869919435 30.96669564390913
597 1.0 19.996338987916545
598 1.0 19.920097781606806
5 1.4771212547196624 18.48385548625501
732 1.3010299956639813 28.96885361670166
749 1.6020599913279625 22.58723493033533
775 1.3010299956639813 23.494249679152507
829 1.0 21.557388215952543
84 1.0 25.365184410989947
947 1.0 19.409288369513817
966 1.0 20.37474443529265
969 1.0 20.598971129752556
971 1.0 19.694865931417798
986 1.0 21.11229795390388
990 1.3010299956639813 19.267169356987246
