1.8239087409443189
1 1.0 24.469666509833758
277 1.0 24.417648522770687
290 1.0 17.858124243150325
454 1.4771212547196624 14.149737808652972
459 1.3010299956639813 16.318175390056652
560 1.0 26.176582993590046
581 1.0 26.831073433021917
634 1.6020599913279625 21.49965573905078
638 1.0 17.972508687822355
816 1.4771212547196624 14.352205274873025
81 1.3010299956639813 15.73170187126443
824 1.4771212547196624 14.185473624911529
830 1.3010299956639813 15.73170187126443
831 1.4771212547196624 15.854309531641922
87 1.4771212547196624 14.185473624911529
