1.5686362358410126
157 1.0 40.355627938282694
198 1.0 19.930084158480717
214 1.0 18.685531899177228
228 1.0 19.894315832793946
236 1.0 18.969094117495082
288 1.6989700043360187 19.392382017280667
289 1.845098040014257 19.318257671242296
294 1.0 18.739543300973466
295 1.0 21.53759215073197
341 1.6989700043360187 19.392382017280667
352 1.0 25.386817845441577
459 1.0 16.318175390056652
518 1.0 20.682013519960595
524 1.0 20.518967135692183
533 1.0 19.696864101303447
549 1.0 22.395775493328287
55 1.3010299956639813 16.109062218202855
593 1.0 21.456267665239462
59 1.0 17.024968450726956
603 1.3010299956639813 16.109062218202855
652 1.0 19.930084158480717
659 1.0 17.024968450726956
818 1.845098040014257 19.318257671242296
942 1.0 17.99083394469146
976 1.0 19.01089422974206
983 1.0 19.832098688531545
993 1.0 33.541218365030296
