1.337242168318426
109 1.0 19.715945972128416
111 1.0 18.8928542926875
115 1.4771212547196624 17.956167137974
131 1.0 31.908356378043813
132 1.0 31.170157473839097
145 1.4771212547196624 38.43033977941447
149 1.0 30.628195318865107
154 1.0 39.64347606197456
161 1.0 29.183057629910973
197 1.0 17.97236948828946
1 1.0 24.469666509833758
21 1.0 18.02167784870146
25 1.3010299956639813 18.14737887225271
304 1.4771212547196624 17.956167137974
307 1.3010299956639813 18.45025554098666
309 1.0 16.353960229243555
313 1.0 16.688807985466465
344 1.0 19.429659374481616
382 1.0 23.381346006518903
389 1.0 22.987930278533103
435 1.3010299956639813 18.127861733361883
480 1.3010299956639813 18.45025554098666
482 1.0 16.353960229243555
510 1.0 18.532720542245944
541 1.0 19.703508556272116
56 1.3010299956639813 16.008658872883498
615 1.7781512503836436 23.88195453063762
616 1.0 16.2837123301042
617 1.0 16.258590605316485
621 1.0 16.187886783484302
625 1.3010299956639813 16.008658872883498
639 1.0 16.56038138552629
651 1.0 17.97236948828946
735 1.0 26.464092456397857
748 1.0 22.56508767539272
778 1.4771212547196624 29.375621062375156
779 1.0 26.762559621671812
781 1.0 24.215767859390553
834 1.3010299956639813 19.359056970763802
86 1.0 24.815590935179138
886 1.0 16.688807985466465
894 1.3010299956639813 16.508326051842978
895 1.0 16.22969191138666
952 1.0 25.38787746985513
981 1.0 18.147091699710654
99 1.3010299956639813 16.508326051842978
