1.337242168318426
112 1.3010299956639813 16.952806137528757
189 1.0 20.697181124016947
190 1.4771212547196624 30.967630313961816
191 1.3010299956639813 16.952806137528757
284 1.0 27.31523209193297
295 1.0 21.53759215073197
325 1.4771212547196624 26.246066768442137
326 1.4771212547196624 21.385169256471997
327 1.6020599913279625 32.86526353435894
328 1.4771212547196624 24.20016866097684
329 1.6020599913279625 24.995158982809944
330 1.0 26.423852520632007
396 1.0 34.747346764383785
420 2.113943352306837 22.69268235247738
436 1.0 16.48783672419816
437 1.0 16.500863545850883
453 1.3010299956639813 15.044342067483518
457 1.3010299956639813 24.521319277035015
496 1.3010299956639813 21.534181820846815
510 1.3010299956639813 18.532720542245944
511 1.6020599913279625 21.085117241154542
512 1.3010299956639813 17.487616504038936
515 1.0 20.34226440586786
551 1.3010299956639813 21.162559580914515
556 1.4771212547196624 32.02299329624464
557 1.0 29.473606133346674
566 1.0 23.04859528725498
570 1.3010299956639813 19.48325860666556
571 1.3010299956639813 29.826229749704215
572 1.3010299956639813 34.607198595571596
57 1.3010299956639813 16.138865172414302
582 1.0 24.99171329470656
5 1.0 18.45678502981382
644 1.3010299956639813 16.138865172414302
674 1.0 18.14076911717772
773 1.0 23.472958228275314
7 1.0 20.637992374919182
819 1.0 20.697181124016947
820 1.4771212547196624 30.967630313961816
821 1.3010299956639813 16.952806137528757
826 1.3010299956639813 21.534181820846815
880 1.3010299956639813 15.076218839772537
889 1.4771212547196624 15.099016185383055
890 1.3010299956639813 15.846061238571657
923 1.0 21.33531539196555
933 1.0 22.32890278912787
