1.744727494896694
161 1.0 40.68786868352573
174 1.0 25.443847031718235
176 1.0 22.379256958057034
399 1.3010299956639813 31.06364857854412
432 1.3010299956639813 20.140245569349506
437 1.0 16.518134272484215
438 1.3010299956639813 16.53113721916283
439 1.3010299956639813 16.150783000266802
440 1.3010299956639813 16.088747357134647
510 1.3010299956639813 21.594628676437562
557 1.4771212547196624 32.03860327247943
558 1.0 29.49056558466878
561 1.0 26.19567707123272
571 1.0 19.508904785615407
572 1.0 29.842988809469816
573 1.845098040014257 34.62164344212061
772 1.3010299956639813 31.06364857854412
78 1.6020599913279625 15.342485760021395
