1.0268721464003012
120 1.0 22.67074148141845
122 1.3010299956639813 25.99704858881334
123 1.0 21.94118068747015
126 1.0 19.10717613125738
14 1.0 14.523826702761134
158 1.0 40.36801588254125
15 1.0 14.523826702761134
160 1.3010299956639813 33.51414632402991
161 1.3010299956639813 40.68786868352573
174 1.0 25.443847031718235
187 1.0 25.365184410989947
191 2.0413926851582254 30.983771998615772
192 1.0 16.982274168574502
203 1.0 18.47845587465186
21 1.0 18.049400889846094
224 1.0 18.47845587465186
22 1.0 20.042266187907835
242 1.0 20.34767568477578
24 1.0 22.714650363605696
250 1.4771212547196624 21.593723016307443
258 1.0 32.05900432440354
259 1.4771212547196624 34.168322910342354
264 1.0 18.98771976077981
278 1.0 24.438116936080927
282 1.0 18.824144686242487
285 1.3010299956639813 27.333530767834674
286 2.5314789170422554 30.579284727285547
2 1.4771212547196624 25.673207973589584
323 1.3010299956639813 19.99450022605915
326 1.4771212547196624 26.265110333168654
328 1.6989700043360187 32.88047364596294
330 1.3010299956639813 25.015154858124397
332 1.3010299956639813 26.156648054217282
335 1.0 26.592389103304416
336 1.0 27.213017312486674
341 1.0 20.951702374187988
345 1.3010299956639813 19.45537620834872
399 1.0 31.06364857854412
3 1.4771212547196624 25.673207973589584
414 1.3010299956639813 19.240697556286563
433 1.0 24.68064648083747
435 1.0 24.468548355039516
441 1.0 31.735712827979288
444 1.0 29.526890635247195
449 1.3010299956639813 16.13298238638009
44 1.0 15.731627971229939
459 1.6020599913279625 24.541701226408268
497 1.7781512503836436 21.557388215952543
500 1.845098040014257 27.79974623106974
505 1.3010299956639813 17.827254209129045
506 1.0 20.117459620901656
51 1.0 16.49843751688567
520 1.0 25.214633181541256
534 1.0 19.72223251625476
557 2.3979400086720375 32.03860327247943
558 2.361727836017593 29.49056558466878
561 1.3010299956639813 26.19567707123272
563 1.3010299956639813 23.476641362660768
564 1.0 15.731627971229939
565 1.0 25.067378635529828
566 1.3010299956639813 24.435514902659826
567 2.079181246047625 23.07027838400899
569 1.9542425094393248 21.220451953962858
570 1.3010299956639813 35.00523577088447
572 2.5314789170422554 29.842988809469816
580 1.0 16.49843751688567
584 1.0 23.292766275876946
593 1.3010299956639813 18.09585950831236
5 1.0 18.48385548625501
605 1.3010299956639813 16.87814769144019
61 1.0 18.47845587465186
62 1.0 20.34767568477578
643 1.0 19.64025085319644
644 1.3010299956639813 19.655188678913582
671 1.0 20.661290750656658
772 1.0 31.06364857854412
774 1.0 23.139038800697477
778 1.0 25.828938051552868
77 1.0 16.90578733542276
7 1.0 20.662205334068826
809 1.0 23.93775068948324
813 1.0 16.555206772911212
817 1.0 16.90578733542276
823 2.0413926851582254 30.983771998615772
824 1.0 16.982274168574502
829 1.7781512503836436 21.557388215952543
831 1.845098040014257 27.79974623106974
84 1.0 25.365184410989947
85 1.3010299956639813 20.97110134921298
883 1.0 16.982274168574502
953 1.4771212547196624 19.129941566095997
961 1.0 18.914849636919964
972 1.6020599913279625 19.608298803683244
975 1.4771212547196624 19.03717677110868
