1.537602002101044
113 1.3010299956639813 16.83451201033724
119 1.0 22.648675884415564
121 1.3010299956639813 25.97780851667672
124 1.0 17.76930122808498
127 1.0 18.613796434027876
135 1.3010299956639813 23.727421112255122
184 1.3010299956639813 24.619860170608522
189 1.0 20.697181124016947
190 1.4771212547196624 30.967630313961816
215 1.0 16.390784482423456
325 1.0 26.246066768442137
327 2.079181246047625 32.86526353435894
328 1.0 24.20016866097684
329 1.0 24.995158982809944
330 2.1760912590556813 26.423852520632007
332 1.0 24.231012577485338
334 1.0 26.57358007912264
494 1.3010299956639813 16.83451201033724
500 1.3010299956639813 24.619860170608522
544 1.0 16.338553508044296
554 1.0 22.40007556792627
568 1.3010299956639813 21.196876683380644
569 1.0 34.990949277994865
572 1.4771212547196624 34.607198595571596
57 1.0 16.138865172414302
644 1.0 16.138865172414302
819 1.0 20.697181124016947
820 1.4771212547196624 30.967630313961816
829 1.3010299956639813 24.619860170608522
