0.6819366650372384
120 1.4771212547196624 22.67074148141845
122 1.4771212547196624 25.99704858881334
123 1.6020599913279625 21.94118068747015
124 1.3010299956639813 13.484384865021621
125 1.4771212547196624 17.797417400691103
126 1.3010299956639813 19.10717613125738
127 1.6020599913279625 17.367910512582892
128 1.0 18.640638875516817
138 1.0 22.291356872514033
13 1.0 14.914686603234317
146 1.0 38.443348131520054
14 1.0 14.523826702761134
158 1.0 40.36801588254125
159 1.0 34.663276209978875
15 1.0 14.523826702761134
161 1.3010299956639813 40.68786868352573
176 1.0 22.379256958057034
187 2.3010299956639813 25.365184410989947
191 1.4771212547196624 30.983771998615772
1 1.0 24.099314783282633
202 1.3010299956639813 16.202778266288398
208 1.3010299956639813 18.083445948480012
212 1.3010299956639813 22.053003739358804
219 1.4771212547196624 20.060459993820544
220 1.0 15.886881268828224
221 1.0 14.929399151330296
225 1.3010299956639813 18.083445948480012
226 1.3010299956639813 16.343763522087997
227 1.4771212547196624 16.92409468367376
228 1.0 19.271408794907185
242 1.4771212547196624 20.34767568477578
243 1.4771212547196624 17.509187404878464
247 1.4771212547196624 17.92587263398071
249 1.0 22.75668213035031
250 1.0 21.593723016307443
257 1.0 14.685155707227832
258 2.8129133566428557 32.05900432440354
259 2.6020599913279625 34.168322910342354
260 1.4771212547196624 27.085761995614487
261 2.146128035678238 40.472400145134394
263 1.9542425094393248 21.157562303591927
264 1.4771212547196624 18.98771976077981
266 1.6020599913279625 24.006561347142163
267 1.6989700043360187 20.272569941821523
269 2.113943352306837 28.06641091839446
270 1.0 26.10422328297102
271 1.9542425094393248 27.296216475399984
275 1.4771212547196624 17.353484581504098
278 1.9030899869919435 24.438116936080927
279 1.6020599913279625 17.734346218217127
280 1.9542425094393248 19.375567339230585
281 1.9030899869919435 20.385373369801357
282 1.4771212547196624 18.824144686242487
283 1.845098040014257 19.116081351354293
285 1.3010299956639813 27.333530767834674
286 2.4313637641589874 30.579284727285547
290 1.0 19.344122607461724
292 1.4771212547196624 16.614286248179223
297 1.3010299956639813 18.44466466993366
2 1.3010299956639813 25.673207973589584
302 1.3010299956639813 15.880314132670478
323 1.3010299956639813 19.99450022605915
326 2.1760912590556813 26.265110333168654
327 2.079181246047625 21.408537178610665
328 2.230448921378274 32.88047364596294
329 2.204119982655925 24.220820861806594
330 2.3010299956639813 25.015154858124397
331 2.255272505103306 26.442768047844584
332 1.9542425094393248 26.156648054217282
333 1.4771212547196624 24.251638512278973
336 1.3010299956639813 27.213017312486674
337 1.4771212547196624 17.509187404878464
344 1.4771212547196624 20.86119657744264
357 1.4771212547196624 16.36239469864959
359 1.0 13.553227307353156
360 1.4771212547196624 13.596759086117835
361 1.0 13.596759086117833
362 1.0 13.983516145523103
372 1.3010299956639813 16.799196227548762
373 1.4771212547196624 15.930282308948243
397 1.3010299956639813 34.76173337398946
398 1.6020599913279625 15.625142616904517
399 1.6989700043360187 31.06364857854412
3 1.3010299956639813 25.673207973589584
408 1.0 14.776028853964045
412 1.0 21.758302257583633
414 1.4771212547196624 19.240697556286563
41 1.3010299956639813 20.898009485572526
421 2.361727836017593 22.714705200606023
424 1.3010299956639813 12.982931737396546
425 1.3010299956639813 12.982931737396546
426 1.3010299956639813 12.982931737396546
427 1.3010299956639813 13.010706132631503
433 1.0 24.68064648083747
434 1.845098040014257 26.054272842923844
435 1.0 24.468548355039516
441 1.6020599913279625 31.735712827979288
444 1.7781512503836436 29.526890635247195
446 1.0 21.762871720842014
449 1.4771212547196624 16.13298238638009
452 1.0 15.65046621316542
472 1.3010299956639813 26.198430887398857
48 1.0 14.721765395784356
494 1.0 22.47464478924292
4 1.0 14.41280745587774
500 1.6020599913279625 27.79974623106974
511 1.3010299956639813 18.55968024231519
515 1.0 23.20380250236597
520 2.1760912590556813 25.214633181541256
528 1.6989700043360187 21.12339116570097
532 1.3010299956639813 19.229822454648716
534 1.0 19.72223251625476
53 1.0 15.516879946428599
546 1.9542425094393248 23.31908484052949
54 1.6989700043360187 16.35174061696333
550 1.0 22.418090015600434
552 1.4771212547196624 21.18617303846442
553 1.0 20.46546645488232
556 1.0 21.34923713779162
557 1.4771212547196624 32.03860327247943
558 1.4771212547196624 29.49056558466878
560 2.8808135922807914 32.40746376373745
561 1.7781512503836436 26.19567707123272
562 2.146128035678238 20.63816033660684
563 1.845098040014257 23.476641362660768
565 2.278753600952829 25.067378635529828
566 2.1760912590556813 24.435514902659826
567 1.6020599913279625 23.07027838400899
569 1.845098040014257 21.220451953962858
570 1.845098040014257 35.00523577088447
571 1.0 19.508904785615407
572 2.6434526764861874 29.842988809469816
573 1.6989700043360187 34.62164344212061
577 2.146128035678238 21.541085769479377
581 1.4771212547196624 25.541293855592556
582 1.6020599913279625 26.849702075967517
583 1.0 25.011711924712642
584 1.6020599913279625 23.292766275876946
585 1.9542425094393248 30.96669564390913
586 1.0 15.516879946428599
589 1.6989700043360187 16.35174061696333
593 1.3010299956639813 18.09585950831236
597 1.6020599913279625 19.996338987916545
598 1.3010299956639813 19.920097781606806
5 1.6989700043360187 18.48385548625501
601 1.0 13.112389751655092
605 1.0 16.87814769144019
60 1.0 20.310156825129837
62 1.4771212547196624 20.34767568477578
631 1.0 16.9948601162417
639 1.0 18.00030745664779
64 1.0 16.737458178003557
655 1.0 22.47464478924292
662 1.3010299956639813 19.61461115210067
663 1.0 19.44490454387257
670 1.0 16.652523466110832
674 1.0 19.06561234581387
680 1.4771212547196624 15.775358504069235
681 1.7781512503836436 17.041421373778608
682 1.4771212547196624 18.092716090093774
710 1.0 12.854652307615794
712 1.0 16.737458178003557
713 1.0 16.184280047905055
722 1.0 12.893490060867618
723 1.0 12.893490060867618
726 1.0 15.370445248663776
733 1.0 24.09659662047416
735 1.0 14.99808583605626
736 1.0 26.48297924216182
751 1.3010299956639813 24.759982935078224
754 1.3010299956639813 21.72844942797455
770 1.6020599913279625 15.625142616904517
772 1.6989700043360187 31.06364857854412
775 1.9542425094393248 23.494249679152507
776 1.4771212547196624 20.10376748540877
77 1.0 16.90578733542276
78 1.4771212547196624 15.342485760021395
7 1.3010299956639813 20.662205334068826
803 1.3010299956639813 16.74751991200512
807 1.0 24.483238969908477
815 1.0 20.604951603302737
817 1.0 16.90578733542276
821 1.0 19.344122607461724
823 1.4771212547196624 30.983771998615772
825 1.4771212547196624 16.614286248179223
831 1.6020599913279625 27.79974623106974
83 1.6989700043360187 16.202098073055122
84 2.3010299956639813 25.365184410989947
907 1.0 16.02381405871867
917 1.0 21.083151146519995
922 1.6020599913279625 21.35873785771627
931 1.0 19.569247311356932
932 1.4771212547196624 22.35128407421646
934 1.0 16.479445906159526
946 1.3010299956639813 19.482666389137716
953 1.0 19.129941566095997
955 1.0 19.358190264880896
960 1.3010299956639813 20.844073091142132
971 1.0 19.694865931417798
973 1.6989700043360187 18.869638675773842
981 1.0 19.04032511818754
982 1.0 19.85729433713603
983 1.0 15.99285048892566
985 1.3010299956639813 20.023207099137547
986 1.6020599913279625 21.11229795390388
987 1.0 15.618327832578043
988 1.4771212547196624 18.29479303891827
990 1.0 19.267169356987246
