1.3279021420642825
119 1.0 22.648675884415564
121 1.0 25.97780851667672
137 1.0 22.26891535791042
140 1.4771212547196624 22.06065850896495
187 1.0 18.36761931536485
188 1.4771212547196624 22.772628792451215
196 1.0 21.713143045615993
220 1.0 14.895870535814339
26 1.0 18.618919907073398
285 1.0 30.562929415100232
2 1.0 25.653725024939046
330 1.0 26.423852520632007
332 1.4771212547196624 24.231012577485338
347 1.0 18.41382190706093
351 1.0 22.293535126779712
397 1.0 15.59311007460044
3 1.0 25.653725024939046
432 1.0 24.66037937080602
433 1.9542425094393248 26.035075059878718
434 1.0 24.448105419498397
440 1.9542425094393248 31.719953794102054
443 2.0413926851582254 29.509952060039822
485 1.3010299956639813 18.6714979484428
499 1.3010299956639813 27.781754633425805
526 1.0 20.589360185649852
559 1.0 32.39203154477896
568 1.4771212547196624 21.196876683380644
647 1.4771212547196624 22.772628792451215
650 1.0 21.713143045615993
66 1.0 17.276058696601304
670 1.0 20.6370767184495
674 1.0 18.14076911717772
679 1.0 15.743631599218444
685 1.0 17.175414668708417
690 1.6020599913279625 20.22818021406503
731 1.6989700043360187 28.951588555136127
732 1.0 24.075837860598885
734 1.0 14.964711114676133
735 1.0 26.464092456397857
750 1.0 24.739780818458456
753 1.7781512503836436 21.70542592404138
768 1.0 15.59311007460044
769 1.0 19.37976637155202
817 1.0 18.36761931536485
828 1.3010299956639813 27.781754633425805
90 1.0 21.713143045615993
959 1.0 20.989047238821517
