1.7695510786217261
1000 1.0 16.797636183579463
161 1.3010299956639813 40.68786868352573
237 1.0 18.99543449459334
253 1.0 16.431910230774704
256 1.0 16.797636183579463
375 1.3010299956639813 18.075636329874662
397 1.0 34.76173337398946
549 1.0 19.672691459680365
616 1.0 23.902881671535816
631 1.0 16.9948601162417
634 1.0 20.53889892996114
635 1.0 21.5228993608598
782 1.3010299956639813 28.670617617530514
810 1.0 15.100671070076253
908 1.0 18.24824091238585
921 1.0 16.37330158288374
997 1.0 16.431910230774704
