1.4436974992327127
137 1.0 22.922196064917607
138 1.0 22.291356872514033
140 1.0 21.068838098294076
141 1.0 22.083311659467373
146 1.0 38.443348131520054
155 1.0 39.65608647202028
164 1.0 29.060873897358988
174 1.0 25.443847031718235
175 1.0 18.88811507135678
191 1.0 30.983771998615772
200 1.0 22.625506653399253
230 1.0 22.625506653399253
261 1.0 40.472400145134394
270 1.6989700043360187 26.10422328297102
335 1.7781512503836436 26.592389103304416
397 1.0 34.76173337398946
416 1.0 19.445006257673224
437 1.0 16.518134272484215
438 1.0 16.53113721916283
472 2.204119982655925 26.198430887398857
494 1.0 22.47464478924292
503 1.0 24.96783731854743
506 1.0 20.117459620901656
510 1.0 21.594628676437562
515 1.3010299956639813 23.20380250236597
517 1.0 16.626536411088022
573 1.0 34.62164344212061
654 1.0 22.625506653399253
655 1.0 22.47464478924292
732 1.3010299956639813 28.96885361670166
771 1.3010299956639813 19.405549325281637
823 1.0 30.983771998615772
874 1.0 15.628378267266886
918 1.0 24.222096258795588
93 1.0 19.110011561305157
99 1.0 15.628378267266886
