1.6197887582883939
107 1.0 21.261407681253527
135 1.0 29.53008637972915
146 1.0 38.443348131520054
158 1.3010299956639813 40.36801588254125
159 1.0 34.663276209978875
231 1.0 19.843697587754125
23 1.3010299956639813 18.927700473196293
27 1.0 16.156094595531805
353 1.0 25.406505472371265
390 1.9030899869919435 23.009670542854348
396 1.0 14.792239883501855
418 1.6020599913279625 15.939621763732179
472 1.0 26.198430887398857
499 1.0 19.843697587754125
502 1.0 18.60296721930803
503 1.0 24.96783731854743
656 1.0 19.843697587754125
69 1.0 26.43449543906486
749 1.0 22.58723493033533
763 1.0 12.854652307615794
773 1.0 25.098242467704086
864 1.0 22.523102482333243
867 1.9030899869919435 36.43404557128479
942 1.3010299956639813 19.45006435459591
