1.8239087409443189
135 1.3010299956639813 23.727421112255122
24 1.0 22.69262746225858
284 1.0 27.31523209193297
348 1.0 16.926861864319864
352 1.3010299956639813 25.386817845441577
486 1.0 19.08673079463014
685 1.3010299956639813 17.175414668708417
689 1.0 16.928793195831474
69 1.3010299956639813 26.41557398804616
745 1.0 19.115864173216895
748 1.0 22.56508767539272
771 1.6989700043360187 25.078312841330952
850 1.0 21.84153000413391
871 1.3010299956639813 25.16854217073077
91 1.0 21.379518228894476
