1.494850021680094
136 1.0 23.748484428238577
138 1.0 22.291356872514033
140 1.0 21.068838098294076
154 1.0 38.92312411360697
156 1.0 32.80078913912944
158 1.0 40.36801588254125
162 1.0 29.200185832126223
174 1.0 25.443847031718235
197 1.0 21.73615837537494
23 1.0 18.927700473196293
285 1.0 27.333530767834674
353 1.0 25.406505472371265
432 1.4771212547196624 20.140245569349506
438 1.0 16.53113721916283
439 1.3010299956639813 16.150783000266802
440 1.3010299956639813 16.088747357134647
453 1.3010299956639813 19.168795308535405
471 1.0 24.01537280312254
498 1.0 22.596184090364247
518 1.3010299956639813 17.902990023252144
651 1.0 21.73615837537494
686 1.0 17.204501418003492
69 1.0 26.43449543906486
7 1.6020599913279625 20.662205334068826
830 1.0 22.596184090364247
852 1.0 21.864410189197464
867 1.9542425094393248 36.43404557128479
877 1.3010299956639813 22.452284526648562
878 1.9542425094393248 27.134111744574057
879 1.3010299956639813 22.452284526648562
91 1.0 21.73615837537494
92 1.0 21.402892320890444
