1.6989700043360187
117 1.3010299956639813 14.688235307452093
133 1.0 27.54885932499107
173 1.0 25.424188320838816
174 1.3010299956639813 18.86162482260781
187 1.0 18.36761931536485
190 1.4771212547196624 30.967630313961816
260 1.4771212547196624 40.46004416097286
398 1.3010299956639813 31.04754842191709
493 1.3010299956639813 22.45238647455196
499 1.0 27.781754633425805
505 1.0 20.09259021626153
524 1.0 20.518967135692183
571 1.3010299956639813 29.826229749704215
654 1.3010299956639813 22.45238647455196
770 1.3010299956639813 31.04754842191709
817 1.0 18.36761931536485
820 1.4771212547196624 30.967630313961816
828 1.0 27.781754633425805
91 1.0 21.379518228894476
993 1.7781512503836436 33.541218365030296
