0.9871627752948278
1000 1.0 16.797636183579463
133 1.0 31.18619433249154
135 1.3010299956639813 29.53008637972915
137 1.0 22.922196064917607
138 1.3010299956639813 22.291356872514033
141 1.0 22.083311659467373
143 1.3010299956639813 21.629493927449314
144 1.0 19.628955678670632
146 1.4771212547196624 38.443348131520054
147 1.845098040014257 38.27432982034523
148 1.6020599913279625 39.73153365749456
149 1.6989700043360187 36.714155384577936
150 1.4771212547196624 30.64451579794581
151 1.4771212547196624 28.69713041845068
153 1.0 27.124579821694358
154 1.845098040014257 38.92312411360697
155 1.0 39.65608647202028
156 1.0 32.80078913912944
158 2.0 40.36801588254125
159 2.113943352306837 34.663276209978875
160 1.9542425094393248 33.51414632402991
161 2.6127838567197355 40.68786868352573
162 2.146128035678238 29.200185832126223
163 1.7781512503836436 27.444701699266258
164 1.7781512503836436 29.060873897358988
189 1.3010299956639813 22.794574400913437
199 1.0 19.95515608969582
21 1.0 18.049400889846094
229 1.0 19.919432784468437
249 1.0 22.75668213035031
24 1.0 22.714650363605696
256 1.0 16.797636183579463
261 1.0 40.472400145134394
296 1.0 21.560794875219035
321 1.0 14.004614743358394
324 1.0 14.075838664530483
331 1.6989700043360187 26.442768047844584
335 1.3010299956639813 26.592389103304416
339 1.0 21.777753188456284
375 1.3010299956639813 18.075636329874662
379 1.3010299956639813 24.673753214847594
381 1.0 17.128445544541883
383 1.0 23.402720804995248
390 1.0 23.009670542854348
397 1.3010299956639813 34.76173337398946
399 1.0 31.06364857854412
402 1.4771212547196624 24.177242781351655
413 1.0 19.441687508621293
421 1.0 22.714705200606023
436 1.3010299956639813 18.15542263413017
444 1.0 29.526890635247195
451 1.0 15.797072840726699
482 1.3010299956639813 19.755861749534457
487 1.0 19.112909051912595
514 1.0 19.011194543423425
527 1.0 20.61363026869414
539 1.3010299956639813 20.581818087864594
544 1.3010299956639813 21.7329857487666
546 1.3010299956639813 23.31908484052949
568 1.0 16.29063286533528
571 1.0 19.508904785615407
616 1.0 23.902881671535816
619 1.0 16.011110159818838
631 1.0 16.9948601162417
634 1.0 20.53889892996114
635 1.0 21.5228993608598
636 1.0 18.05674668124595
641 1.0 14.171141946750199
642 1.0 13.861069010357436
648 1.3010299956639813 22.794574400913437
653 1.0 19.95515608969582
713 1.0 16.184280047905055
732 1.0 28.96885361670166
736 1.6989700043360187 26.48297924216182
738 1.6020599913279625 23.256531591422583
742 1.0 21.68833801617828
749 1.0 22.58723493033533
750 1.3010299956639813 20.234721635985533
772 1.0 31.06364857854412
776 1.3010299956639813 20.10376748540877
777 1.4771212547196624 24.177242781351655
779 1.3010299956639813 28.58117033955364
780 1.4771212547196624 29.39263705080337
781 1.3010299956639813 26.78123592188267
782 1.6989700043360187 28.670617617530514
783 1.7781512503836436 24.23640676791617
784 2.230448921378274 28.829559825624525
809 1.0 23.93775068948324
816 1.0 26.40168560543113
87 1.3010299956639813 24.835731385689954
882 1.0 18.91930081490118
901 1.0 13.303804660743335
908 1.0 18.24824091238585
909 1.0 17.04982557935131
921 1.0 16.37330158288374
926 1.0 15.604094532541186
930 1.0 22.37231226242215
935 1.3010299956639813 21.549494779071786
938 1.0 17.906540871879564
94 1.0 40.42228834338309
953 1.4771212547196624 19.129941566095997
980 1.0 18.174623439227215
982 1.4771212547196624 19.85729433713603
