1.5528419686577808
113 1.0 16.83451201033724
120 1.0 16.42166336328676
127 1.0 18.613796434027876
184 1.0 24.619860170608522
199 1.0 22.603396897878287
229 1.0 22.603396897878287
257 1.0 32.04340428656301
328 1.0 24.20016866097684
380 1.0 17.099229420425257
388 1.0 17.383230863411256
494 1.0 16.83451201033724
495 1.0 17.04471738567224
500 1.0 24.619860170608522
511 1.0 21.085117241154542
512 1.3010299956639813 17.487616504038936
514 1.0 23.1822442953396
566 1.0 23.04859528725498
570 1.0 19.48325860666556
582 1.0 24.99171329470656
653 1.0 22.603396897878287
731 1.0 28.951588555136127
734 1.0 14.964711114676133
735 1.0 26.464092456397857
825 1.0 17.04471738567224
829 1.0 24.619860170608522
889 1.0 15.099016185383055
923 1.0 21.33531539196555
933 1.0 22.32890278912787
