1.2291479883578558
105 1.0 21.33892101876266
122 1.0 25.99704858881334
123 1.0 21.94118068747015
138 1.0 22.291356872514033
139 1.0 17.437449700363672
146 1.0 38.443348131520054
174 1.0 25.443847031718235
187 1.0 25.365184410989947
207 1.0 18.798742484766407
227 1.0 16.92409468367376
233 1.0 18.798742484766407
242 1.0 20.34767568477578
247 1.0 17.92587263398071
249 1.0 22.75668213035031
258 1.0 32.05900432440354
259 1.3010299956639813 34.168322910342354
261 1.3010299956639813 40.472400145134394
265 1.0 16.744108528521995
266 1.0 24.006561347142163
289 1.0 19.41814822026422
290 1.0 19.344122607461724
326 1.4771212547196624 26.265110333168654
332 1.3010299956639813 26.156648054217282
342 1.0 19.41814822026422
397 1.0 34.76173337398946
400 1.0 19.159509087472838
409 1.0 18.798742484766407
411 1.0 18.356977856408704
414 1.0 19.240697556286563
432 1.6020599913279625 20.140245569349506
452 1.3010299956639813 15.65046621316542
536 1.0 17.80770137278335
540 1.3010299956639813 23.36967033208018
548 1.0 19.056516086799924
563 1.3010299956639813 23.476641362660768
567 1.3010299956639813 23.07027838400899
584 1.0 23.292766275876946
585 1.3010299956639813 30.96669564390913
594 1.3010299956639813 21.479558238529965
62 1.0 20.34767568477578
659 1.0 18.798742484766407
665 1.3010299956639813 20.62218664974217
666 1.0 21.979048869070308
69 1.0 26.43449543906486
7 1.0 20.662205334068826
807 1.3010299956639813 24.483238969908477
821 1.0 19.344122607461724
83 1.0 16.202098073055122
84 1.0 25.365184410989947
894 1.0 16.898218574553624
922 1.6020599913279625 21.35873785771627
930 1.0 22.37231226242215
932 1.4771212547196624 22.35128407421646
933 1.0 19.069899742909588
954 1.3010299956639813 20.62218664974217
966 1.0 20.37474443529265
986 1.0 21.11229795390388
987 1.3010299956639813 15.618327832578043
992 1.6989700043360187 33.556122085405605
