1.5528419686577808
107 1.0 21.261407681253527
132 1.3010299956639813 31.9240224086541
134 1.0 27.567002922119546
141 1.0 22.083311659467373
146 1.0 38.443348131520054
148 1.0 39.73153365749456
155 1.3010299956639813 39.65608647202028
159 1.0 34.663276209978875
161 1.3010299956639813 40.68786868352573
162 1.0 29.200185832126223
164 1.0 29.060873897358988
471 1.0 24.01537280312254
486 1.0 18.698257556219072
488 1.3010299956639813 18.91692636651541
497 1.0 21.557388215952543
512 1.0 21.108817330045582
513 1.0 17.51618482981768
829 1.0 21.557388215952543
852 1.0 21.864410189197464
867 1.0 36.43404557128479
873 1.7781512503836436 25.188400405739408
877 1.0 22.452284526648562
879 1.0 22.452284526648562
880 1.0 33.12096543823041
922 1.0 21.35873785771627
92 1.0 21.402892320890444
932 1.0 22.35128407421646
94 2.0413926851582254 40.42228834338309
