1.585026652029182
173 1.0 18.85938858887468
185 1.3010299956639813 24.640160608655044
187 1.7781512503836436 25.365184410989947
1 1.3010299956639813 24.099314783282633
206 1.0 18.054340943557705
250 1.0 21.593723016307443
258 1.0 32.05900432440354
42 1.0 17.36771058332882
446 1.0 21.762871720842014
448 1.0 18.647997157938995
501 1.3010299956639813 24.640160608655044
508 1.0 17.36771058332882
561 1.4771212547196624 26.19567707123272
562 1.0 20.63816033660684
565 1.0 25.067378635529828
60 1.6020599913279625 20.310156825129837
658 1.0 18.054340943557705
81 1.3010299956639813 15.777603950735331
832 1.3010299956639813 15.777603950735331
84 1.7781512503836436 25.365184410989947
85 1.6020599913279625 20.97110134921298
945 1.0 16.481630601170867
951 1.0 25.40756427571084
970 1.0 18.816376936112132
974 1.0 17.88251712427213
992 1.3010299956639813 33.556122085405605
