1.3979400086720377
132 1.6020599913279625 31.9240224086541
133 1.3010299956639813 31.18619433249154
134 1.6020599913279625 27.567002922119546
135 1.4771212547196624 29.53008637972915
136 1.3010299956639813 23.748484428238577
137 1.0 22.922196064917607
138 1.0 22.291356872514033
140 1.0 21.068838098294076
141 1.3010299956639813 22.083311659467373
146 1.845098040014257 38.443348131520054
147 1.6989700043360187 38.27432982034523
148 1.4771212547196624 39.73153365749456
149 1.6989700043360187 36.714155384577936
150 1.6020599913279625 30.64451579794581
151 1.3010299956639813 28.69713041845068
152 1.3010299956639813 26.43569384136088
153 1.0 27.124579821694358
154 1.6989700043360187 38.92312411360697
155 1.9542425094393248 39.65608647202028
156 2.079181246047625 32.80078913912944
157 1.0 27.318575173705053
158 1.845098040014257 40.36801588254125
159 1.4771212547196624 34.663276209978875
160 1.0 33.51414632402991
161 1.3010299956639813 40.68786868352573
162 1.6020599913279625 29.200185832126223
163 1.3010299956639813 27.444701699266258
192 1.0 16.982274168574502
22 1.0 20.042266187907835
383 1.0 23.402720804995248
390 1.0 23.009670542854348
405 1.0 14.765194378080146
406 1.0 17.13803809591465
742 1.0 21.68833801617828
749 1.0 22.58723493033533
750 1.0 20.234721635985533
773 1.3010299956639813 25.098242467704086
778 1.0 25.828938051552868
824 1.0 16.982274168574502
883 1.0 16.982274168574502
