0.7033348097384688
107 1.6020599913279625 21.261407681253527
122 1.0 25.99704858881334
133 1.4771212547196624 31.18619433249154
134 1.0 27.567002922119546
135 1.4771212547196624 29.53008637972915
140 1.0 21.068838098294076
154 1.0 38.92312411360697
155 1.0 39.65608647202028
161 1.0 40.68786868352573
163 1.0 27.444701699266258
176 1.0 22.379256958057034
185 1.0 24.640160608655044
187 1.845098040014257 25.365184410989947
188 1.0 18.394820991631416
191 1.0 30.983771998615772
192 1.0 16.982274168574502
193 1.0 19.923584188401467
203 1.0 18.47845587465186
205 1.0 18.460464588544884
210 1.0 20.74943729156614
211 1.0 19.87652496554322
212 1.3010299956639813 22.053003739358804
213 1.0 19.298818028563065
215 1.0 18.71227143762001
217 1.4771212547196624 16.75160018454076
224 1.0 18.47845587465186
231 1.3010299956639813 19.843697587754125
232 1.0 18.460464588544884
234 1.0 20.74943729156614
236 1.4771212547196624 23.511023087218234
238 1.0 17.79360469731602
244 2.0 25.829961126625353
248 1.7781512503836436 16.370386131129504
249 1.3010299956639813 22.75668213035031
250 1.4771212547196624 21.593723016307443
252 1.0 15.94853123487721
258 1.0 32.05900432440354
259 1.6020599913279625 34.168322910342354
25 1.0 18.174910176754217
261 1.6020599913279625 40.472400145134394
270 1.3010299956639813 26.10422328297102
271 1.6989700043360187 27.296216475399984
276 1.0 20.303531424387252
278 1.3010299956639813 24.438116936080927
280 1.0 19.375567339230585
281 1.0 20.385373369801357
286 1.845098040014257 30.579284727285547
289 1.0 19.41814822026422
296 1.4771212547196624 21.560794875219035
297 1.4771212547196624 18.44466466993366
302 1.0 15.880314132670478
313 1.0 16.271444758929782
328 1.6020599913279625 32.88047364596294
329 1.0 24.220820861806594
330 1.0 25.015154858124397
331 1.4771212547196624 26.442768047844584
333 1.3010299956639813 24.251638512278973
336 1.6020599913279625 27.213017312486674
338 2.0 25.829961126625353
341 1.0 20.951702374187988
342 1.0 19.41814822026422
343 1.0 22.828476621056783
344 1.3010299956639813 20.86119657744264
379 1.0 24.673753214847594
387 1.0 21.87923801272718
397 1.3010299956639813 34.76173337398946
399 1.0 31.06364857854412
400 1.3010299956639813 19.159509087472838
406 1.0 17.13803809591465
407 1.4771212547196624 16.206807375934993
410 1.0 20.74943729156614
411 1.0 18.356977856408704
412 1.0 21.758302257583633
416 1.0 19.445006257673224
417 1.0 18.642503692692046
41 1.0 20.898009485572526
423 1.0 15.351295233681704
431 1.0 21.076784861203542
441 1.0 31.735712827979288
444 1.4771212547196624 29.526890635247195
445 1.845098040014257 16.923811634708713
446 2.113943352306837 21.762871720842014
448 1.0 18.647997157938995
449 1.0 16.13298238638009
450 1.0 16.00461083590737
451 1.4771212547196624 15.797072840726699
471 1.4771212547196624 24.01537280312254
476 1.0 15.745555167328087
47 1.0 19.549619832587243
482 1.0 19.755861749534457
497 1.0 21.557388215952543
499 1.3010299956639813 19.843697587754125
501 1.0 24.640160608655044
502 1.0 18.60296721930803
503 1.0 24.96783731854743
512 1.0 21.108817330045582
517 1.3010299956639813 16.626536411088022
51 1.0 16.49843751688567
524 1.0 18.188013959901607
528 1.4771212547196624 21.12339116570097
530 1.0 17.01946628290197
531 1.6020599913279625 20.572525808084006
532 2.113943352306837 19.229822454648716
534 1.6020599913279625 19.72223251625476
535 1.3010299956639813 18.139512907437105
536 1.3010299956639813 17.80770137278335
538 1.0 16.052093028525185
539 1.6020599913279625 20.581818087864594
546 1.3010299956639813 23.31908484052949
550 1.0 22.418090015600434
551 1.3010299956639813 15.64922422599311
557 1.0 32.03860327247943
569 1.3010299956639813 21.220451953962858
577 1.0 21.541085769479377
580 1.0 16.49843751688567
592 1.0 15.957605833185818
594 1.6020599913279625 21.479558238529965
59 1.0 17.054311793451188
605 1.0 16.87814769144019
606 1.0 18.53110082385229
60 1.3010299956639813 20.310156825129837
61 1.0 18.47845587465186
643 1.0 19.64025085319644
644 1.4771212547196624 19.655188678913582
649 1.0 19.923584188401467
656 1.3010299956639813 19.843697587754125
657 1.0 18.460464588544884
660 1.0 17.054311793451188
664 1.0 17.88199680559741
665 1.3010299956639813 20.62218664974217
672 1.4771212547196624 19.607432276969973
67 1.3010299956639813 17.777478226009574
69 1.6020599913279625 26.43449543906486
713 1.0 16.184280047905055
772 1.0 31.06364857854412
778 1.0 25.828938051552868
779 1.0 28.58117033955364
780 1.6020599913279625 29.39263705080337
782 1.0 28.670617617530514
800 1.0 19.870179928383198
801 1.3010299956639813 21.773953133516383
802 1.3010299956639813 21.49817099427365
803 1.0 16.74751991200512
807 1.4771212547196624 24.483238969908477
808 1.0 27.292695599132404
809 1.6020599913279625 23.93775068948324
80 1.3010299956639813 15.71248572680523
812 1.845098040014257 18.445184780380607
814 1.3010299956639813 21.49817099427365
815 1.6020599913279625 20.604951603302737
816 1.6020599913279625 26.40168560543113
820 1.0 18.394820991631416
823 1.0 30.983771998615772
824 1.0 16.982274168574502
829 1.0 21.557388215952543
84 1.845098040014257 25.365184410989947
85 1.3010299956639813 20.97110134921298
864 1.0 22.523102482333243
867 1.0 36.43404557128479
869 1.0 20.353723559156737
871 1.0 13.074202270093174
873 1.3010299956639813 25.188400405739408
878 1.0 27.134111744574057
880 1.4771212547196624 33.12096543823041
881 1.0 15.999505166650179
883 1.0 16.982274168574502
895 1.4771212547196624 15.682046710929198
908 1.0 18.24824091238585
909 1.0 17.04982557935131
92 1.3010299956639813 21.402892320890444
931 1.0 19.569247311356932
935 1.6989700043360187 21.549494779071786
936 1.6020599913279625 20.64389709578883
943 1.0 19.402058534341666
947 1.4771212547196624 19.409288369513817
948 1.0 14.526214577737626
949 1.3010299956639813 16.36144171601765
94 1.6020599913279625 40.42228834338309
951 1.4771212547196624 25.40756427571084
954 1.3010299956639813 20.62218664974217
955 1.0 19.358190264880896
956 1.3010299956639813 20.484965365855015
957 1.0 18.152757365381166
959 1.7781512503836436 19.190356568188804
960 1.4771212547196624 20.844073091142132
961 1.6020599913279625 18.914849636919964
963 1.0 18.42775682251999
969 1.3010299956639813 20.598971129752556
970 1.0 18.816376936112132
971 1.3010299956639813 19.694865931417798
973 1.0 18.869638675773842
974 1.7781512503836436 17.88251712427213
977 1.0 17.376734020918096
983 1.0 15.99285048892566
986 1.3010299956639813 21.11229795390388
991 1.4771212547196624 20.996461847748183
992 1.6020599913279625 33.556122085405605
996 1.0 15.94853123487721
