1.431798275933005
212 1.6989700043360187 22.053003739358804
215 1.3010299956639813 18.71227143762001
280 1.4771212547196624 19.375567339230585
281 1.3010299956639813 20.385373369801357
282 1.0 18.824144686242487
283 1.3010299956639813 19.116081351354293
284 1.0 16.021430614511992
321 1.0 14.004614743358394
324 1.0 14.075838664530483
343 1.6020599913279625 22.828476621056783
344 1.6989700043360187 20.86119657744264
399 1.0 31.06364857854412
400 1.0 19.159509087472838
511 1.4771212547196624 18.55968024231519
539 1.3010299956639813 20.581818087864594
540 1.0 23.36967033208018
541 1.6020599913279625 18.888440514559967
544 1.0 21.7329857487666
546 1.3010299956639813 23.31908484052949
59 1.0 17.054311793451188
5 1.0 18.48385548625501
641 1.0 14.171141946750199
642 1.0 13.861069010357436
646 1.6989700043360187 21.019109611528222
660 1.0 17.054311793451188
772 1.0 31.06364857854412
801 1.0 21.773953133516383
802 1.0 21.49817099427365
814 1.0 21.49817099427365
816 1.0 26.40168560543113
902 1.0 16.786437281709325
969 1.3010299956639813 20.598971129752556
971 1.6020599913279625 19.694865931417798
981 1.3010299956639813 19.04032511818754
986 1.6989700043360187 21.11229795390388
987 1.0 15.618327832578043
991 1.4771212547196624 20.996461847748183
