1.5228787452803376
173 1.3010299956639813 25.424188320838816
216 1.0 16.721725650862297
241 1.0 20.323087997959746
260 1.0 40.46004416097286
273 1.3010299956639813 16.369637361529076
333 1.3010299956639813 14.33117686870987
372 1.3010299956639813 15.898864564577854
396 1.6020599913279625 34.747346764383785
398 1.3010299956639813 31.04754842191709
430 1.0 21.053048712370824
431 1.0 20.115404335824383
433 1.0 26.035075059878718
519 2.278753600952829 25.19479562289961
533 1.0 19.696864101303447
535 1.6989700043360187 17.779601462975204
572 1.4771212547196624 34.607198595571596
62 1.0 20.323087997959746
642 1.4771212547196624 19.614776409036214
643 1.0 19.629733620293802
714 1.0 13.074202270093174
716 1.0 13.074202270093174
770 1.3010299956639813 31.04754842191709
928 1.0 18.737561566460872
937 1.7781512503836436 20.6196626379172
960 1.9030899869919435 19.164284103879986
961 1.6020599913279625 20.820071638418433
962 1.0 18.888396882406173
963 1.0 17.01734493522861
964 1.0 18.40060383547051
987 1.0 21.088601776656837
