1.3565473235138126
132 1.0 31.170157473839097
133 1.0 27.54885932499107
134 1.0 29.51314963866556
135 1.0 23.727421112255122
139 1.0 21.045092986540304
148 1.0 36.70053413239285
152 1.0 27.106140088612186
154 1.3010299956639813 39.64347606197456
155 1.3010299956639813 32.78554205971943
161 1.0 29.183057629910973
162 1.3010299956639813 27.42647719561716
174 1.0 18.86162482260781
1 1.0 24.469666509833758
217 1.0 15.95864382959388
243 1.3010299956639813 25.8105965022697
337 1.3010299956639813 25.8105965022697
344 1.0 19.429659374481616
349 1.0 18.22236264627707
378 1.3010299956639813 24.653480438007165
416 1.0 18.61566394013484
435 1.0 18.127861733361883
443 1.0 29.509952060039822
523 1.0 18.160502520733715
538 1.0 20.55751044757001
66 1.6989700043360187 17.276058696601304
731 1.0 28.951588555136127
735 1.0 26.464092456397857
737 1.3010299956639813 23.235022308206137
741 1.0 21.665271886223913
744 1.0 15.802376515156825
745 1.0 19.115864173216895
748 1.0 22.56508767539272
749 1.0 20.209996528594978
773 1.0 23.472958228275314
776 1.0 25.809572659595812
779 1.0 26.762559621671812
799 1.0 21.750977795505374
800 1.0 21.474900607430737
812 1.0 21.474900607430737
86 1.0 24.815590935179138
876 1.0 27.115678493576954
952 1.0 25.38787746985513
956 1.0 19.332344149929916
981 1.0 18.147091699710654
