1.0177287669604316
121 1.0 25.97780851667672
172 1.0 18.832857933573873
190 1.0 30.967630313961816
192 1.0 19.898472476859148
197 1.4771212547196624 17.97236948828946
198 1.0 19.930084158480717
19 1.0 22.88505492845388
21 1.0 18.02167784870146
228 1.0 19.894315832793946
22 1.0 20.017303363514117
230 1.3010299956639813 19.818484653329044
234 1.0 18.103713917062354
236 1.0 18.969094117495082
241 1.3010299956639813 20.323087997959746
243 1.3010299956639813 25.8105965022697
24 1.6020599913279625 22.69262746225858
258 1.3010299956639813 34.15368633845293
25 1.0 18.14737887225271
265 1.0 23.98572466518575
267 1.0 24.25543451426215
26 1.0 18.618919907073398
277 1.0 24.417648522770687
278 1.0 17.70612989299446
280 1.0 20.36083120666262
284 1.0 27.31523209193297
290 1.0 17.858124243150325
295 1.0 21.53759215073197
322 1.0 19.969477691964787
337 1.3010299956639813 25.8105965022697
347 1.0 18.41382190706093
348 1.0 16.926861864319864
350 1.0 19.30862768534024
351 1.0 22.293535126779712
352 1.3010299956639813 25.386817845441577
398 1.6020599913279625 31.04754842191709
431 1.7781512503836436 20.115404335824383
440 1.3010299956639813 31.719953794102054
441 1.0 13.217620103399069
443 1.6989700043360187 29.509952060039822
460 1.0 14.356967600895358
496 1.0 21.534181820846815
498 1.3010299956639813 19.818484653329044
501 1.3010299956639813 18.576070342315386
512 1.3010299956639813 17.487616504038936
519 1.3010299956639813 25.19479562289961
534 1.0 18.11192779687125
535 1.0 17.779601462975204
541 1.0 19.703508556272116
593 1.0 21.456267665239462
599 1.0 18.573663222245116
62 1.3010299956639813 20.323087997959746
648 1.0 19.898472476859148
651 1.4771212547196624 17.97236948828946
652 1.0 19.930084158480717
655 1.3010299956639813 19.818484653329044
65 1.6020599913279625 18.816428542926165
663 1.0 17.854013827579386
670 1.3010299956639813 20.6370767184495
671 1.0 19.58191513861614
676 1.0 20.23539889371069
679 1.0 15.743631599218444
680 1.0 17.012055796954062
685 1.0 17.175414668708417
686 1.0 17.162340194417848
688 1.0 16.363787416979306
68 1.0 17.554437536932625
69 1.3010299956639813 26.41557398804616
731 1.0 28.951588555136127
732 1.0 24.075837860598885
742 1.0 13.483669057421706
746 1.0 22.32660375113389
748 1.0 22.56508767539272
750 1.0 24.739780818458456
769 1.0 19.37976637155202
770 1.6020599913279625 31.04754842191709
771 1.9542425094393248 25.078312841330952
772 1.0 23.117420198200822
773 2.3010299956639813 23.472958228275314
774 1.0 20.078881121899666
783 1.3010299956639813 15.065543358973835
784 1.3010299956639813 16.427467569369398
785 1.0 16.33924581085099
79 1.0 14.176787327564806
813 1.0 20.580671285807178
820 1.0 30.967630313961816
826 1.0 21.534181820846815
836 1.3010299956639813 13.007485896563807
865 1.9542425094393248 36.420319557775116
878 1.0 33.105865818015594
91 1.4771212547196624 21.379518228894476
939 1.3010299956639813 17.878596309450398
93 1.0 40.4099170367325
961 1.3010299956639813 20.820071638418433
962 1.3010299956639813 18.888396882406173
965 1.0 15.571575634782315
973 1.4771212547196624 19.582782794447926
