1.6575773191777938
121 1.0 25.97780851667672
172 1.0 18.832857933573873
186 1.0 25.345464687070297
259 1.0 27.067295817703585
260 1.0 40.46004416097286
263 1.0 18.961368666684063
264 1.0 16.714220604471006
265 1.4771212547196624 23.98572466518575
267 1.0 24.25543451426215
268 1.0 28.048590371713367
284 1.0 27.31523209193297
325 1.3010299956639813 26.246066768442137
330 1.0 26.423852520632007
331 1.0 26.137525464974466
332 1.3010299956639813 24.231012577485338
580 1.3010299956639813 25.521710205582426
581 1.4771212547196624 26.831073433021917
583 1.3010299956639813 23.271290483826427
584 1.4771212547196624 30.950545053399313
591 1.0 15.92624199010319
731 1.0 28.951588555136127
83 1.0 25.345464687070297
