1.0555173278498313
1000 1.0 16.329300295473313
109 1.0 19.715945972128416
113 1.0 16.83451201033724
114 1.0 16.58655052158543
119 1.0 22.648675884415564
121 1.0 25.97780851667672
122 1.0 21.918380641831487
124 1.0 17.76930122808498
125 1.0 19.0809900086681
126 1.0 17.339097888099232
127 1.3010299956639813 18.613796434027876
184 1.0 24.619860170608522
250 1.0 16.070194442289612
251 1.0 15.91714951082178
252 1.0 16.401453406092962
253 1.0 16.396443136520976
254 1.0 16.329300295473313
255 1.0 16.767843670427574
258 1.3010299956639813 34.15368633845293
283 1.0 15.990191960562015
303 1.0 16.58655052158543
305 1.0 18.712967679843132
306 1.0 16.600338456632596
307 1.0 18.45025554098666
309 1.0 16.353960229243555
310 1.0 18.574581934797493
311 1.0 16.33409561676385
312 1.0 16.2406870095727
313 1.0 16.688807985466465
316 1.0 16.400885878921038
338 1.0 21.754781863703386
420 1.3010299956639813 22.69268235247738
456 1.0 17.667086492329588
457 1.4771212547196624 24.521319277035015
477 1.0 18.712967679843132
478 1.0 16.600338456632596
480 1.0 18.45025554098666
482 1.0 16.353960229243555
494 1.0 16.83451201033724
499 1.3010299956639813 27.781754633425805
500 1.0 24.619860170608522
512 1.4771212547196624 17.487616504038936
516 1.0 16.59643675700407
573 1.0 16.9403306571999
574 1.0 16.601117775791995
575 1.0 16.359093907045278
577 1.0 16.12113380419118
611 1.0 16.37139499661555
613 1.0 16.24635806045507
615 1.0 23.88195453063762
616 1.0 16.2837123301042
617 1.0 16.258590605316485
618 1.0 15.979851330655551
619 1.0 16.002509983007247
620 1.0 15.900698718230329
621 1.0 16.187886783484302
624 1.0 16.24926695969382
731 1.3010299956639813 28.951588555136127
732 1.3010299956639813 24.075837860598885
733 1.0 16.680401854673583
739 1.0 14.836842538057565
751 1.0 15.689454122764054
753 1.0 21.70542592404138
754 1.0 14.74786118683863
773 1.0 23.472958228275314
828 1.3010299956639813 27.781754633425805
829 1.0 24.619860170608522
862 1.3010299956639813 22.500892102974184
881 1.0 16.868603706098174
883 1.0 18.574581934797493
884 1.0 16.33409561676385
885 1.0 16.2406870095727
886 1.0 16.688807985466465
891 1.0 20.556957071190386
892 1.0 19.44244897613975
893 1.0 19.650125642603225
904 1.0 13.348934049756208
909 1.0 18.220820409533506
910 1.0 17.02047450238395
915 1.0 15.830828169778773
919 1.0 24.20144514632048
923 1.3010299956639813 21.33531539196555
933 1.0 22.32890278912787
994 1.0 16.070194442289612
995 1.0 16.341134900020474
997 1.0 15.91714951082178
998 1.0 16.401453406092962
999 1.0 16.396443136520976
