1.3279021420642825
132 1.7781512503836436 31.9240224086541
133 1.4771212547196624 31.18619433249154
134 1.6020599913279625 27.567002922119546
135 1.4771212547196624 29.53008637972915
136 1.4771212547196624 23.748484428238577
140 1.0 21.068838098294076
146 2.146128035678238 38.443348131520054
147 2.146128035678238 38.27432982034523
148 2.0 39.73153365749456
149 1.9030899869919435 36.714155384577936
150 1.4771212547196624 30.64451579794581
151 1.6020599913279625 28.69713041845068
153 1.0 27.124579821694358
156 1.3010299956639813 32.80078913912944
157 1.0 27.318575173705053
158 1.6989700043360187 40.36801588254125
161 1.9542425094393248 40.68786868352573
162 1.3010299956639813 29.200185832126223
164 1.3010299956639813 29.060873897358988
189 1.0 22.794574400913437
21 1.0 18.049400889846094
238 1.3010299956639813 17.79360469731602
379 1.3010299956639813 24.673753214847594
383 1.0 23.402720804995248
387 1.0 21.87923801272718
390 1.3010299956639813 23.009670542854348
402 1.6020599913279625 24.177242781351655
416 1.0 19.445006257673224
459 1.0 24.541701226408268
487 1.0 19.112909051912595
527 1.0 20.61363026869414
546 1.0 23.31908484052949
648 1.0 22.794574400913437
732 1.0 28.96885361670166
736 1.3010299956639813 26.48297924216182
738 1.3010299956639813 23.256531591422583
741 1.0 16.52566545054529
742 1.3010299956639813 21.68833801617828
749 1.3010299956639813 22.58723493033533
750 1.0 20.234721635985533
773 1.0 25.098242467704086
777 1.6020599913279625 24.177242781351655
780 1.0 29.39263705080337
783 1.0 24.23640676791617
87 1.0 24.835731385689954
882 1.0 18.91930081490118
935 1.0 21.549494779071786
