0.958607314841775
117 1.845098040014257 21.166129822732998
120 1.3010299956639813 22.67074148141845
122 1.6020599913279625 25.99704858881334
123 1.3010299956639813 21.94118068747015
126 1.0 19.10717613125738
134 1.0 27.567002922119546
153 1.0 27.124579821694358
164 1.0 29.060873897358988
174 1.4771212547196624 25.443847031718235
188 1.0 18.394820991631416
191 1.3010299956639813 30.983771998615772
200 1.0 22.625506653399253
206 1.0 18.054340943557705
212 1.0 22.053003739358804
214 1.0 18.044528672125754
223 2.230448921378274 19.5018082949504
227 1.3010299956639813 16.92409468367376
230 1.0 22.625506653399253
237 1.0 18.99543449459334
239 1.0 16.864483145006986
242 1.0 20.34767568477578
243 1.0 17.509187404878464
249 1.0 22.75668213035031
260 1.0 27.085761995614487
261 1.6020599913279625 40.472400145134394
263 1.3010299956639813 21.157562303591927
267 1.0 20.272569941821523
269 1.6020599913279625 28.06641091839446
270 1.845098040014257 26.10422328297102
271 1.0 27.296216475399984
276 1.0 20.303531424387252
285 1.0 27.333530767834674
296 1.0 21.560794875219035
2 1.0 25.673207973589584
318 1.0 15.856318953483731
323 1.0 19.99450022605915
328 1.0 32.88047364596294
332 1.0 26.156648054217282
336 1.0 27.213017312486674
337 1.0 17.509187404878464
3 1.0 25.673207973589584
406 1.0 17.13803809591465
407 1.0 16.206807375934993
417 1.0 18.642503692692046
434 1.6020599913279625 26.054272842923844
437 1.3010299956639813 16.518134272484215
438 1.3010299956639813 16.53113721916283
444 1.0 29.526890635247195
45 1.0 13.98764616202497
472 1.0 26.198430887398857
506 1.0 20.117459620901656
510 1.0 21.594628676437562
514 1.3010299956639813 19.011194543423425
525 1.0 20.543320381954224
527 1.0 20.61363026869414
531 1.3010299956639813 20.572525808084006
532 1.0 19.229822454648716
548 1.3010299956639813 19.056516086799924
550 1.0 22.418090015600434
552 1.3010299956639813 21.18617303846442
555 1.0 22.42238581080986
556 1.3010299956639813 21.34923713779162
557 1.3010299956639813 32.03860327247943
559 1.3010299956639813 21.174473649853873
560 1.0 32.40746376373745
570 1.6020599913279625 35.00523577088447
572 1.0 29.842988809469816
573 1.4771212547196624 34.62164344212061
581 1.0 25.541293855592556
582 1.3010299956639813 26.849702075967517
583 1.6020599913279625 25.011711924712642
584 1.0 23.292766275876946
585 1.4771212547196624 30.96669564390913
619 1.3010299956639813 16.011110159818838
62 1.0 20.34767568477578
636 1.0 18.05674668124595
639 1.0 18.00030745664779
646 1.4771212547196624 21.019109611528222
654 1.0 22.625506653399253
658 1.0 18.054340943557705
666 1.0 21.979048869070308
667 1.0 20.441369254248713
733 1.3010299956639813 24.09659662047416
739 1.0 13.587768177626778
741 1.0 16.52566545054529
746 1.0 19.14200258825803
751 1.0 24.759982935078224
754 1.6989700043360187 21.72844942797455
801 1.0 21.773953133516383
802 1.0 21.49817099427365
808 1.0 27.292695599132404
809 1.0 23.93775068948324
814 1.0 21.49817099427365
820 1.0 18.394820991631416
823 1.3010299956639813 30.983771998615772
909 1.0 17.04982557935131
922 1.0 21.35873785771627
927 1.0 18.7642269613462
932 1.0 22.35128407421646
943 1.0 19.402058534341666
944 1.0 19.917140587765708
94 1.4771212547196624 40.42228834338309
951 1.0 25.40756427571084
956 1.0 20.484965365855015
968 1.0 20.745195199857015
979 1.3010299956639813 17.6480879383687
984 1.0 17.695911660502205
988 1.3010299956639813 18.29479303891827
991 1.0 20.996461847748183
992 1.0 33.556122085405605
