1.744727494896694
200 1.0 22.625506653399253
213 1.0 19.298818028563065
227 1.0 16.92409468367376
230 1.0 22.625506653399253
291 1.0 17.88610079038451
297 1.0 18.44466466993366
343 1.0 22.828476621056783
416 1.0 19.445006257673224
540 1.0 23.36967033208018
600 1.0 18.60056357999351
60 1.0 20.310156825129837
635 1.6020599913279625 21.5228993608598
646 1.3010299956639813 21.019109611528222
654 1.0 22.625506653399253
666 1.0 21.979048869070308
944 1.0 19.917140587765708
979 1.0 17.6480879383687
981 1.3010299956639813 19.04032511818754
