1.0705810742857074
120 1.0 22.67074148141845
122 1.0 25.99704858881334
123 1.0 21.94118068747015
125 1.0 17.797417400691103
126 1.0 19.10717613125738
128 1.0 18.640638875516817
132 1.0 31.9240224086541
135 1.0 29.53008637972915
136 1.4771212547196624 23.748484428238577
138 1.4771212547196624 22.291356872514033
139 1.4771212547196624 17.437449700363672
140 1.0 21.068838098294076
142 1.6020599913279625 19.04038571666816
143 1.3010299956639813 21.629493927449314
146 1.4771212547196624 38.443348131520054
149 1.4771212547196624 36.714155384577936
150 1.3010299956639813 30.64451579794581
151 1.3010299956639813 28.69713041845068
152 1.0 26.43569384136088
154 1.7781512503836436 38.92312411360697
155 2.0413926851582254 39.65608647202028
156 1.845098040014257 32.80078913912944
157 1.4771212547196624 27.318575173705053
158 1.0 40.36801588254125
162 2.0 29.200185832126223
163 1.9542425094393248 27.444701699266258
164 1.9030899869919435 29.060873897358988
187 1.3010299956639813 25.365184410989947
18 1.0 14.30779009010065
210 1.0 20.74943729156614
21 1.0 18.049400889846094
22 1.0 20.042266187907835
234 1.0 20.74943729156614
251 1.0 16.101277881366933
259 1.4771212547196624 34.168322910342354
25 1.0 18.174910176754217
261 1.0 40.472400145134394
271 1.3010299956639813 27.296216475399984
317 1.0 16.431343755560334
318 1.0 15.856318953483731
326 1.3010299956639813 26.265110333168654
328 1.0 32.88047364596294
335 1.0 26.592389103304416
372 1.0 16.799196227548762
379 1.4771212547196624 24.673753214847594
383 1.0 23.402720804995248
387 1.0 21.87923801272718
390 1.0 23.009670542854348
410 1.0 20.74943729156614
412 1.4771212547196624 21.758302257583633
446 1.3010299956639813 21.762871720842014
487 1.4771212547196624 19.112909051912595
489 1.4771212547196624 18.813161782127867
532 1.4771212547196624 19.229822454648716
560 1.0 32.40746376373745
576 1.3010299956639813 16.389629448511823
616 1.3010299956639813 23.902881671535816
625 1.0 16.28000849899647
632 1.3010299956639813 19.9752240481514
709 1.0 13.047685080108735
732 1.0 28.96885361670166
736 1.4771212547196624 26.48297924216182
738 1.3010299956639813 23.256531591422583
749 1.0 22.58723493033533
750 1.0 20.234721635985533
773 1.0 25.098242467704086
776 1.3010299956639813 20.10376748540877
778 1.0 25.828938051552868
780 1.0 29.39263705080337
782 1.6989700043360187 28.670617617530514
783 1.0 24.23640676791617
784 1.4771212547196624 28.829559825624525
816 1.0 26.40168560543113
84 1.3010299956639813 25.365184410989947
87 1.0 24.835731385689954
897 1.3010299956639813 15.971940710676494
914 1.0 15.862380670664196
925 1.0 17.14677502578712
94 1.4771212547196624 40.42228834338309
968 1.9030899869919435 20.745195199857015
973 1.6020599913279625 18.869638675773842
978 1.3010299956639813 19.932540595234652
980 1.0 18.174623439227215
993 1.0 16.101277881366933
994 1.0 16.371703937607325
