1.5086383061657274
101 1.0 13.047685080108735
107 1.0 13.08594994448978
1 1.3010299956639813 24.469666509833758
200 1.0 16.645211904679204
206 1.4771212547196624 18.772126118491787
216 1.0 16.721725650862297
232 1.4771212547196624 18.772126118491787
345 1.0 17.350406766716183
370 1.0 13.016779750010134
408 1.4771212547196624 18.772126118491787
43 1.0 17.11189632348561
469 1.0 13.009307666040192
471 1.3010299956639813 26.179338818270686
475 1.4771212547196624 15.713768088124892
49 1.0 16.335513669309126
502 1.3010299956639813 24.947803517854027
528 1.4771212547196624 16.600990941589497
536 1.0 17.11189632348561
64 1.0 16.707558357235154
658 1.4771212547196624 18.772126118491787
711 1.0 16.707558357235154
77 1.0 16.876185748875265
815 1.0 16.876185748875265
831 1.0 15.854309531641922
862 1.0 22.500892102974184
868 1.0 13.08594994448978
870 1.0 13.100665786475393
872 1.6020599913279625 15.596352370499325
873 1.4771212547196624 15.748324655176601
879 1.6020599913279625 15.968223619979328
98 1.6020599913279625 15.596352370499325
