1.7958800173440752
113 1.3010299956639813 16.83451201033724
184 1.6989700043360187 24.619860170608522
188 1.0 22.772628792451215
208 1.0 19.715082278253885
401 1.4771212547196624 24.1565533242725
494 1.3010299956639813 16.83451201033724
500 1.6989700043360187 24.619860170608522
519 1.0 25.19479562289961
570 1.0 19.48325860666556
582 1.0 24.99171329470656
647 1.0 22.772628792451215
731 1.0 28.951588555136127
746 1.0 22.32660375113389
775 1.4771212547196624 24.1565533242725
779 1.0 26.762559621671812
829 1.6989700043360187 24.619860170608522
