1.408935392973501
131 1.6020599913279625 31.908356378043813
133 1.3010299956639813 27.54885932499107
137 1.0 22.26891535791042
140 1.0 22.06065850896495
157 1.0 40.355627938282694
159 1.0 33.49922392874927
160 1.4771212547196624 40.68185651929256
199 1.0 22.603396897878287
211 1.0 22.03031942410671
229 1.0 22.603396897878287
246 1.0 17.897958254775837
249 1.6020599913279625 21.570555711548227
277 1.0 24.417648522770687
27 1.0 16.125116823755786
282 1.0 19.08990744429096
352 1.0 25.386817845441577
357 1.0 14.997192520377267
405 1.0 17.108838352647496
412 1.0 19.41595254379453
416 1.0 18.61566394013484
448 1.0 16.101960150219295
470 1.4771212547196624 23.994543772969674
533 1.0 19.696864101303447
539 1.0 23.34826527667759
593 1.0 21.456267665239462
619 1.0 16.002509983007247
653 1.0 22.603396897878287
663 1.0 17.854013827579386
689 1.3010299956639813 16.928793195831474
780 1.3010299956639813 28.653172853466874
799 1.3010299956639813 21.750977795505374
800 1.3010299956639813 21.474900607430737
807 1.0 23.916854058840084
812 1.3010299956639813 21.474900607430737
871 1.3010299956639813 25.16854217073077
875 1.3010299956639813 22.430004022861485
877 1.3010299956639813 22.430004022861485
944 1.0 19.37627093560627
957 1.0 20.46054266240951
