0.9829666607012196
104 1.0 21.315476777332258
112 1.0 16.952806137528757
131 2.079181246047625 31.908356378043813
132 2.0413926851582254 31.170157473839097
133 2.1760912590556813 27.54885932499107
134 1.4771212547196624 29.51314963866556
135 1.6020599913279625 23.727421112255122
136 1.6020599913279625 22.900372757632663
138 1.0 17.408752168168547
139 1.0 21.045092986540304
140 1.0 22.06065850896495
141 1.6020599913279625 19.014107610916184
142 1.3010299956639813 21.606364977884798
153 1.0 38.91027615891787
154 1.0 39.64347606197456
157 2.278753600952829 40.355627938282694
158 1.3010299956639813 34.64884871982456
159 1.7781512503836436 33.49922392874927
160 1.9030899869919435 40.68185651929256
161 1.6020599913279625 29.183057629910973
162 1.7781512503836436 27.42647719561716
163 1.6989700043360187 29.043663537477517
175 1.0 22.356903676375765
191 1.0 16.952806137528757
1 1.0 24.469666509833758
22 1.3010299956639813 20.017303363514117
23 1.4771212547196624 18.90126570373093
24 1.6989700043360187 22.69262746225858
25 1.3010299956639813 18.14737887225271
277 1.4771212547196624 24.417648522770687
27 1.3010299956639813 16.125116823755786
2 1.0 25.653725024939046
334 1.6020599913279625 26.57358007912264
338 2.0 21.754781863703386
352 1.3010299956639813 25.386817845441577
356 1.4771212547196624 16.341214190652384
389 1.6020599913279625 22.987930278533103
395 1.0 14.758399668360488
399 1.3010299956639813 19.13339458833571
3 1.0 25.653725024939046
401 1.4771212547196624 24.1565533242725
405 1.0 17.108838352647496
413 1.0 19.214693399908615
416 1.0 18.61566394013484
440 1.0 31.719953794102054
471 1.6020599913279625 26.179338818270686
476 1.0 14.187121428619786
486 1.3010299956639813 19.08673079463014
487 1.0 18.890476520092495
488 1.0 18.786565844786978
490 1.4771212547196624 18.129559630239218
497 1.3010299956639813 22.57404561538827
502 1.3010299956639813 24.947803517854027
524 1.0 20.518967135692183
544 1.0 16.338553508044296
571 1.0 29.826229749704215
59 1.0 17.024968450726956
615 1.3010299956639813 23.88195453063762
632 1.0 22.247424428787344
659 1.0 17.024968450726956
65 1.0 18.816428542926165
670 1.4771212547196624 20.6370767184495
671 1.0 19.58191513861614
672 1.0 17.43535257958473
674 1.4771212547196624 18.14076911717772
676 1.9030899869919435 20.23539889371069
677 1.0 19.89770402247368
678 1.6989700043360187 17.392347547587537
67 1.0 17.749330468393577
681 1.6020599913279625 18.065059521538757
683 1.0 16.907222831124663
686 1.4771212547196624 17.162340194417848
748 1.3010299956639813 22.56508767539272
764 1.0 12.881566868953074
771 2.1760912590556813 25.078312841330952
775 1.4771212547196624 24.1565533242725
776 1.3010299956639813 25.809572659595812
777 1.3010299956639813 28.5636709471766
778 1.3010299956639813 29.375621062375156
779 1.3010299956639813 26.762559621671812
780 1.4771212547196624 28.653172853466874
782 1.6020599913279625 28.8122112955473
799 1.6989700043360187 21.750977795505374
800 1.4771212547196624 21.474900607430737
809 1.0 19.258313969819948
812 1.4771212547196624 21.474900607430737
814 1.3010299956639813 26.382740623521833
821 1.0 16.952806137528757
827 1.3010299956639813 22.57404561538827
82 1.0 16.54101827897147
850 1.0 21.84153000413391
853 1.0 16.54101827897147
857 1.3010299956639813 17.00209968149465
865 1.3010299956639813 36.420319557775116
871 1.4771212547196624 25.16854217073077
873 1.0 15.748324655176601
875 1.0 22.430004022861485
876 1.845098040014257 27.115678493576954
877 1.0 22.430004022861485
879 1.0 15.968223619979328
91 1.3010299956639813 21.379518228894476
922 1.0 16.34273553368784
954 1.0 19.103786648783725
976 1.0 19.01089422974206
