1.2441251443275085
176 1.0 22.379256958057034
19 1.4771212547196624 22.906892828979473
200 1.3010299956639813 22.625506653399253
210 1.0 20.74943729156614
211 1.0 19.87652496554322
223 1.3010299956639813 19.5018082949504
228 1.0 19.271408794907185
230 1.3010299956639813 22.625506653399253
234 1.0 20.74943729156614
244 1.4771212547196624 25.829961126625353
250 1.6020599913279625 21.593723016307443
285 1.0 27.333530767834674
297 1.0 18.44466466993366
323 1.0 19.99450022605915
328 1.3010299956639813 32.88047364596294
336 1.0 27.213017312486674
338 1.4771212547196624 25.829961126625353
349 1.0 16.95637498328479
410 1.0 20.74943729156614
414 1.0 19.240697556286563
441 1.3010299956639813 31.735712827979288
444 1.0 29.526890635247195
494 1.0 22.47464478924292
496 1.0 17.074026788002808
518 1.3010299956639813 17.902990023252144
531 1.0 20.572525808084006
539 1.0 20.581818087864594
550 1.0 22.418090015600434
557 1.0 32.03860327247943
558 1.0 29.49056558466878
573 1.0 34.62164344212061
577 1.3010299956639813 21.541085769479377
594 1.3010299956639813 21.479558238529965
644 1.0 19.655188678913582
654 1.3010299956639813 22.625506653399253
655 1.0 22.47464478924292
665 1.0 20.62218664974217
774 1.0 23.139038800697477
812 1.0 18.445184780380607
816 1.0 26.40168560543113
828 1.0 17.074026788002808
869 1.0 20.353723559156737
930 1.3010299956639813 22.37231226242215
931 1.0 19.569247311356932
946 1.3010299956639813 19.482666389137716
950 1.0 16.21290906039629
951 1.0 25.40756427571084
952 1.0 19.20083241364576
954 1.0 20.62218664974217
957 1.0 18.152757365381166
960 1.4771212547196624 20.844073091142132
966 1.0 20.37474443529265
970 1.0 18.816376936112132
972 1.0 19.608298803683244
975 1.0 19.03717677110868
982 1.0 19.85729433713603
985 1.0 20.023207099137547
