1.2839966563652008
126 1.3010299956639813 17.339097888099232
202 1.3010299956639813 18.45137749631327
206 1.0 18.772126118491787
207 1.0 18.0557751805786
218 1.0 20.03551983762025
223 1.3010299956639813 18.45137749631327
224 1.0 18.0557751805786
227 1.0 19.245446135136124
232 1.0 18.772126118491787
235 1.0 23.489746840008912
243 1.6020599913279625 25.8105965022697
262 1.0 21.133916878571615
265 1.0 23.98572466518575
270 1.0 27.27789276817213
275 1.0 20.27889021374396
277 1.0 24.417648522770687
280 1.0 20.36083120666262
284 1.4771212547196624 27.31523209193297
289 1.0 19.318257671242296
295 1.0 21.53759215073197
337 1.6020599913279625 25.8105965022697
408 1.0 18.772126118491787
412 1.0 19.41595254379453
443 1.0 29.509952060039822
444 1.0 16.89424162983062
449 1.0 15.973339287977442
47 1.3010299956639813 19.524027135780376
497 1.0 22.57404561538827
517 1.0 17.875039909680364
541 1.0 19.703508556272116
580 1.0 25.521710205582426
584 1.3010299956639813 30.950545053399313
597 1.0 19.894981669475758
607 1.0 15.451856847580665
61 1.3010299956639813 18.45137749631327
658 1.0 18.772126118491787
666 1.0 20.41689440117043
731 1.0 28.951588555136127
818 1.0 19.318257671242296
827 1.0 22.57404561538827
93 1.0 40.4099170367325
940 1.0 19.551908923253773
946 1.0 16.45126582587042
948 1.3010299956639813 19.383510389270164
956 1.0 19.332344149929916
961 1.0 20.820071638418433
962 1.0 18.888396882406173
969 1.0 20.721079216106737
973 1.0 19.582782794447926
977 1.0 19.099167857362065
978 1.0 17.34793605111952
992 1.3010299956639813 20.972634792127216
