1.744727494896694
104 1.0 21.315476777332258
210 1.0 19.851353724768064
222 1.0 19.47615277135082
249 1.0 21.570555711548227
288 1.0 19.392382017280667
341 1.0 19.392382017280667
538 1.0 20.55751044757001
549 1.3010299956639813 22.395775493328287
642 1.0 19.614776409036214
662 1.0 19.41917384237332
941 1.0 16.02177904462421
952 1.3010299956639813 25.38787746985513
953 1.4771212547196624 19.174774193635493
956 1.0 19.332344149929916
957 1.0 20.46054266240951
974 1.3010299956639813 18.84312245235009
978 1.0 17.34793605111952
993 1.3010299956639813 33.541218365030296
