1.721246399047171
190 1.0 30.967630313961816
211 1.0 22.03031942410671
258 1.0 34.15368633845293
327 1.0 32.86526353435894
331 1.0 26.137525464974466
440 1.0 31.719953794102054
545 1.0 23.297633308982533
576 1.0 21.517861792661158
676 1.0 20.23539889371069
692 1.3010299956639813 16.40475707549024
731 1.0 28.951588555136127
805 1.3010299956639813 24.462808310936932
814 1.0 26.382740623521833
820 1.0 30.967630313961816
850 1.3010299956639813 21.84153000413391
852 1.0 20.31196842893302
871 1.0 25.16854217073077
919 1.3010299956639813 24.20144514632048
93 1.4771212547196624 40.4099170367325
