0.26360349772335756
1000 2.113943352306837 16.329300295473313
104 1.0 21.315476777332258
108 1.3010299956639813 15.676749598065259
109 1.3010299956639813 19.715945972128416
110 1.4771212547196624 14.809660053849848
111 1.3010299956639813 18.8928542926875
112 1.3010299956639813 16.952806137528757
113 1.6020599913279625 16.83451201033724
114 2.255272505103306 16.58655052158543
115 2.4771212547196626 17.956167137974
116 1.3010299956639813 21.142493979490386
117 1.3010299956639813 14.688235307452093
119 1.0 22.648675884415564
120 1.0 16.42166336328676
121 1.0 25.97780851667672
122 1.0 21.918380641831487
124 1.4771212547196624 17.76930122808498
125 1.3010299956639813 19.0809900086681
127 1.3010299956639813 18.613796434027876
132 1.0 31.170157473839097
136 1.0 22.900372757632663
14 1.0 14.489359616347349
153 2.690196080028514 38.91027615891787
154 2.9084850188786495 39.64347606197456
156 2.5185139398778875 27.300266473449927
15 1.0 14.489359616347349
163 1.0 29.043663537477517
169 1.4771212547196624 16.893122029317794
172 1.0 18.832857933573873
173 1.0 25.424188320838816
175 1.0 22.356903676375765
181 1.0 13.363384580582165
182 1.3010299956639813 13.336112800340645
184 1.4771212547196624 24.619860170608522
185 1.3010299956639813 17.044758885154558
186 1.0 25.345464687070297
187 1.6020599913279625 18.36761931536485
188 1.3010299956639813 22.772628792451215
189 1.3010299956639813 20.697181124016947
190 1.4771212547196624 30.967630313961816
191 1.3010299956639813 16.952806137528757
192 1.3010299956639813 19.898472476859148
193 1.0 17.74702978158316
194 1.3010299956639813 16.794834479301993
195 1.3010299956639813 16.794834479301993
196 1.6989700043360187 21.713143045615993
197 1.0 17.97236948828946
198 1.0 19.930084158480717
199 1.0 22.603396897878287
19 1.3010299956639813 22.88505492845388
1 1.6020599913279625 24.469666509833758
202 1.0 18.45137749631327
203 1.0 17.809686811690188
204 1.0 18.43335978124768
206 1.0 18.772126118491787
207 1.0 18.0557751805786
208 1.6020599913279625 19.715082278253885
209 1.0 20.72532624391316
210 1.3010299956639813 19.851353724768064
211 1.0 22.03031942410671
212 1.0 19.272892292014472
213 1.0 18.016798133940682
214 1.0 18.685531899177228
215 1.3010299956639813 16.390784482423456
218 1.3010299956639813 20.03551983762025
222 1.6989700043360187 19.47615277135082
223 1.0 18.45137749631327
224 1.0 18.0557751805786
225 1.3010299956639813 16.31314212731362
226 1.0 16.894525174208198
227 1.0 19.245446135136124
228 1.0 19.894315832793946
229 1.0 22.603396897878287
230 1.0 19.818484653329044
231 1.0 18.43335978124768
232 1.0 18.772126118491787
233 1.0 20.72532624391316
234 1.0 18.103713917062354
235 1.0 23.489746840008912
236 1.0 18.969094117495082
237 1.0 17.76548249061496
241 1.3010299956639813 20.323087997959746
242 1.0 17.48060764330447
243 1.0 25.8105965022697
244 1.4771212547196624 16.48858847797927
245 1.4771212547196624 15.579322499796028
246 1.0 17.897958254775837
247 1.0 16.339814628149156
248 1.0 22.73469994483774
249 1.0 21.570555711548227
250 1.6020599913279625 16.070194442289612
251 1.6020599913279625 15.91714951082178
252 2.1760912590556813 16.401453406092962
253 2.146128035678238 16.396443136520976
254 2.113943352306837 16.329300295473313
255 2.113943352306837 16.767843670427574
258 1.9542425094393248 34.15368633845293
25 1.0 18.14737887225271
260 1.7781512503836436 40.46004416097286
267 1.0 24.25543451426215
268 1.6020599913279625 28.048590371713367
269 1.0 26.08506226190013
270 1.845098040014257 27.27789276817213
272 1.4771212547196624 15.457778110651116
273 1.0 16.369637361529076
274 1.3010299956639813 17.324647965269033
275 1.0 20.27889021374396
277 1.3010299956639813 24.417648522770687
278 1.0 17.70612989299446
279 1.3010299956639813 19.349744435445626
27 2.146128035678238 16.125116823755786
280 1.0 20.36083120666262
281 1.3010299956639813 18.79756428818881
282 1.0 19.08990744429096
283 1.3010299956639813 15.990191960562015
284 1.4771212547196624 27.31523209193297
285 1.3010299956639813 30.562929415100232
287 1.4771212547196624 16.48858847797927
288 1.3010299956639813 19.392382017280667
289 1.4771212547196624 19.318257671242296
290 1.3010299956639813 17.858124243150325
291 1.3010299956639813 16.58416436051082
294 1.0 18.739543300973466
295 1.0 21.53759215073197
296 1.0 18.417536610152265
2 1.0 25.653725024939046
303 2.255272505103306 16.58655052158543
304 2.4771212547196626 17.956167137974
305 2.4771212547196626 18.712967679843132
306 2.1760912590556813 16.600338456632596
307 2.0 18.45025554098666
308 1.7781512503836436 17.69895328701503
309 1.6020599913279625 16.353960229243555
310 2.5051499783199063 18.574581934797493
311 2.1760912590556813 16.33409561676385
312 2.1760912590556813 16.2406870095727
313 2.1760912590556813 16.688807985466465
314 2.146128035678238 16.038281372083322
315 2.255272505103306 16.836578834986856
316 1.6020599913279625 16.400885878921038
317 1.0 15.824754366327694
318 1.0 15.762695037388225
319 1.0 13.968866600762256
320 1.0 13.968866600762256
321 1.0 19.38943069849081
322 1.0 19.969477691964787
323 1.0 14.040271867378184
327 1.3010299956639813 32.86526353435894
328 1.0 24.20016866097684
329 1.0 24.995158982809944
330 1.0 26.423852520632007
331 1.0 26.137525464974466
333 1.3010299956639813 14.33117686870987
334 1.7781512503836436 26.57358007912264
335 1.0 27.194637545841633
336 1.0 17.48060764330447
337 1.0 25.8105965022697
338 1.3010299956639813 21.754781863703386
339 1.0 17.809686811690188
340 1.0 20.927824358412284
341 1.3010299956639813 19.392382017280667
342 1.0 22.806563635018236
343 1.0 20.837214848503734
344 1.0 19.429659374481616
347 1.0 18.41382190706093
348 1.0 16.926861864319864
349 1.0 18.22236264627707
350 1.4771212547196624 19.30862768534024
351 1.0 22.293535126779712
352 1.845098040014257 25.386817845441577
353 1.0 20.13770837631265
354 1.0 20.692190670577144
355 1.0 19.66138132966731
374 2.0 18.047953588423393
378 1.0 24.653480438007165
379 1.0 15.583202002844317
384 1.4771212547196624 18.637274062594784
388 1.0 17.383230863411256
38 1.0 15.242601505439389
396 1.3010299956639813 34.747346764383785
398 1.4771212547196624 31.04754842191709
399 1.7781512503836436 19.13339458833571
3 1.0 25.653725024939046
408 1.0 18.772126118491787
409 1.0 20.72532624391316
410 1.0 18.329720020247976
411 1.0 21.73531037580023
412 1.0 19.41595254379453
413 1.3010299956639813 19.214693399908615
414 1.0 16.825205266315407
415 1.0 19.419275690945604
416 1.4771212547196624 18.61566394013484
417 1.0 15.908222464211535
418 1.0 17.08472326939475
419 1.3010299956639813 16.410243719356703
420 1.6020599913279625 22.69268235247738
421 1.845098040014257 19.170545066323047
430 1.7781512503836436 21.053048712370824
431 1.4771212547196624 20.115404335824383
432 1.6989700043360187 24.66037937080602
433 1.3010299956639813 26.035075059878718
434 1.6989700043360187 24.448105419498397
435 1.0 18.127861733361883
440 1.6020599913279625 31.719953794102054
443 1.4771212547196624 29.509952060039822
444 1.3010299956639813 16.89424162983062
445 1.0 21.739884671677192
446 1.3010299956639813 17.40906918615375
447 1.0 18.6211653234297
448 1.0 16.101960150219295
449 1.3010299956639813 15.973339287977442
450 1.0 15.76538963474183
451 1.0 15.618485608068163
452 2.0 19.142693477683043
453 1.3010299956639813 15.044342067483518
455 1.3010299956639813 18.409755324317654
456 1.4771212547196624 17.667086492329588
457 1.6020599913279625 24.521319277035015
458 1.4771212547196624 15.457778110651116
470 1.0 23.994543772969674
477 2.4771212547196626 18.712967679843132
478 2.1760912590556813 16.600338456632596
479 1.3010299956639813 17.044758885154558
47 1.0 19.524027135780376
480 2.0 18.45025554098666
481 1.7781512503836436 17.69895328701503
482 1.6020599913279625 16.353960229243555
483 1.0 16.072305173973206
490 1.3010299956639813 18.129559630239218
492 1.0 15.242601505439389
493 1.3010299956639813 22.45238647455196
494 1.6020599913279625 16.83451201033724
495 1.4771212547196624 17.04471738567224
496 1.4771212547196624 21.534181820846815
497 1.0 22.57404561538827
498 1.0 19.818484653329044
499 2.079181246047625 27.781754633425805
500 1.4771212547196624 24.619860170608522
501 1.4771212547196624 18.576070342315386
502 1.4771212547196624 24.947803517854027
503 1.4771212547196624 18.364443485111277
504 1.4771212547196624 17.799185167779708
505 1.9030899869919435 20.09259021626153
509 1.0 21.57146234433863
511 1.4771212547196624 21.085117241154542
512 1.6989700043360187 17.487616504038936
513 1.0 18.984876032460487
514 1.845098040014257 23.1822442953396
515 1.3010299956639813 20.34226440586786
516 1.3010299956639813 16.59643675700407
518 2.653212513775344 20.682013519960595
519 2.204119982655925 25.19479562289961
520 1.6020599913279625 15.091216218944323
521 1.0 16.13648804769188
522 1.0 19.672274363144883
523 1.0 18.160502520733715
524 1.0 20.518967135692183
525 1.0 17.7242281093306
526 1.7781512503836436 20.589360185649852
527 1.0 21.0997074467684
528 1.3010299956639813 16.600990941589497
529 1.3010299956639813 16.990062759002303
530 1.3010299956639813 20.54820717542731
531 1.0 19.203803572139346
532 1.0 15.834509410850428
533 1.0 19.696864101303447
534 1.0 18.11192779687125
535 1.0 17.779601462975204
538 1.0 20.55751044757001
539 1.0 23.34826527667759
540 1.0 18.8619507228725
541 1.0 19.703508556272116
542 1.0 18.27453227223341
543 1.0 21.709967055619686
544 1.0 16.338553508044296
545 1.0 23.297633308982533
546 1.0 20.3971096387274
547 1.3010299956639813 19.03026025482742
548 1.0 19.647259077738575
549 1.0 22.395775493328287
551 1.0 21.162559580914515
552 1.0 20.441020454368555
554 1.0 22.40007556792627
560 1.0 26.176582993590046
561 1.0 20.6139191343978
562 1.0 23.455333927936188
564 1.0 25.047424451568215
565 1.0 24.415044307928472
566 1.0 23.04859528725498
572 1.4771212547196624 34.607198595571596
573 2.113943352306837 16.9403306571999
574 2.3010299956639813 16.601117775791995
575 2.278753600952829 16.359093907045278
576 1.0 21.517861792661158
577 1.6020599913279625 16.12113380419118
578 1.3010299956639813 17.196077893890912
57 1.4771212547196624 16.138865172414302
582 1.7781512503836436 24.99171329470656
584 1.6020599913279625 30.950545053399313
591 1.0 15.92624199010319
592 1.0 18.068207751312215
593 1.0 21.456267665239462
596 1.0 19.971318757650213
597 1.0 19.894981669475758
599 1.0 18.573663222245116
605 1.0 18.5040994848109
607 1.0 15.451856847580665
60 1.0 20.28552366248819
611 1.6020599913279625 16.37139499661555
612 2.9444826721501687 22.300659992929845
613 2.278753600952829 16.24635806045507
614 1.7781512503836436 17.258283162732244
615 3.0043213737826426 23.88195453063762
616 1.6020599913279625 16.2837123301042
617 1.6020599913279625 16.258590605316485
618 1.6020599913279625 15.979851330655551
619 1.6020599913279625 16.002509983007247
61 1.0 18.45137749631327
620 1.6020599913279625 15.900698718230329
621 1.6020599913279625 16.187886783484302
622 2.204119982655925 16.29894691934756
623 2.230448921378274 16.469393434006214
624 1.6020599913279625 16.24926695969382
627 1.6989700043360187 15.56115616891949
628 1.4771212547196624 17.4321572644572
629 1.4771212547196624 15.448408287851615
62 1.3010299956639813 20.323087997959746
630 1.4771212547196624 16.96541394633868
631 1.4771212547196624 19.950177336902193
632 1.6020599913279625 22.247424428787344
633 1.4771212547196624 20.514540434900287
634 1.4771212547196624 21.49965573905078
635 1.4771212547196624 18.02903493564441
636 1.7781512503836436 15.995025442232151
637 1.7781512503836436 15.345166756496607
638 1.7781512503836436 17.972508687822355
640 1.0 14.135814942016715
641 1.0 13.824949696468746
642 1.0 19.614776409036214
643 1.0 19.629733620293802
644 1.4771212547196624 16.138865172414302
645 1.0 20.99530825830948
646 1.3010299956639813 18.504078859130104
647 1.3010299956639813 22.772628792451215
648 1.3010299956639813 19.898472476859148
649 1.0 17.74702978158316
650 1.6989700043360187 21.713143045615993
651 1.0 17.97236948828946
652 1.0 19.930084158480717
653 1.0 22.603396897878287
654 1.3010299956639813 22.45238647455196
655 1.0 19.818484653329044
656 1.0 18.43335978124768
658 1.0 18.772126118491787
65 1.0 18.816428542926165
661 1.0 19.589103365088256
662 1.0 19.41917384237332
664 1.0 20.597926648495577
665 1.0 21.956288146883587
666 1.0 20.41689440117043
668 1.0 17.727873548642012
669 1.0 16.622470868958438
66 1.6020599913279625 17.276058696601304
671 1.0 19.58191513861614
672 1.0 17.43535257958473
673 1.0 19.039369057845647
674 1.0 18.14076911717772
675 1.0 19.124732638200378
676 1.0 20.23539889371069
677 1.0 19.89770402247368
678 1.0 17.392347547587537
679 1.0 15.743631599218444
67 1.0 17.749330468393577
680 1.0 17.012055796954062
681 1.0 18.065059521538757
684 1.0 17.964183562785355
685 1.0 17.175414668708417
686 1.6020599913279625 17.162340194417848
687 1.3010299956639813 19.452684111934385
688 1.3010299956639813 16.363787416979306
689 1.0 16.928793195831474
68 1.0 17.554437536932625
690 1.845098040014257 20.22818021406503
691 1.0 17.91548424436275
692 1.4771212547196624 16.40475707549024
693 1.0 18.104685257403954
694 1.0 13.711776039162897
695 1.0 19.76083134382925
696 1.845098040014257 13.487648030688744
69 1.845098040014257 26.41557398804616
731 1.9542425094393248 28.951588555136127
732 1.6989700043360187 24.075837860598885
733 1.3010299956639813 16.680401854673583
735 1.0 26.464092456397857
739 1.0 14.836842538057565
746 1.4771212547196624 22.32660375113389
750 1.6989700043360187 24.739780818458456
751 1.0 15.689454122764054
753 1.6989700043360187 21.70542592404138
754 1.0 14.74786118683863
769 1.0 19.37976637155202
770 1.4771212547196624 31.04754842191709
772 1.0 23.117420198200822
773 2.5051499783199063 23.472958228275314
776 2.7160033436347994 25.809572659595812
777 2.8750612633917 28.5636709471766
778 3.0681858617461617 29.375621062375156
779 2.9190780923760737 26.762559621671812
780 2.6627578316815743 28.653172853466874
781 2.792391689498254 24.215767859390553
800 1.0 21.474900607430737
801 1.0 16.7176380868533
806 1.0 27.27436952647854
807 1.6020599913279625 23.916854058840084
808 1.0 15.067523577769435
809 1.0 19.258313969819948
810 1.0 18.41805748667281
811 1.0 16.52497719495689
812 1.0 21.474900607430737
813 1.0 20.580671285807178
814 1.3010299956639813 26.382740623521833
817 1.6020599913279625 18.36761931536485
818 1.4771212547196624 19.318257671242296
819 1.3010299956639813 20.697181124016947
820 1.4771212547196624 30.967630313961816
821 1.3010299956639813 16.952806137528757
822 1.3010299956639813 16.58416436051082
823 1.3010299956639813 16.794834479301993
825 1.4771212547196624 17.04471738567224
826 1.4771212547196624 21.534181820846815
827 1.0 22.57404561538827
828 2.079181246047625 27.781754633425805
829 1.4771212547196624 24.619860170608522
832 1.0 14.292410634951741
83 1.0 25.345464687070297
844 1.0 15.562398568103088
84 2.146128035678238 20.94724544657274
850 1.7781512503836436 21.84153000413391
852 1.6989700043360187 20.31196842893302
857 1.0 17.00209968149465
862 1.7781512503836436 22.500892102974184
865 1.6989700043360187 36.420319557775116
86 1.4771212547196624 24.815590935179138
871 1.0 25.16854217073077
875 1.4771212547196624 22.430004022861485
876 1.4771212547196624 27.115678493576954
877 1.4771212547196624 22.430004022861485
878 1.3010299956639813 33.105865818015594
880 1.3010299956639813 15.076218839772537
881 2.255272505103306 16.868603706098174
882 1.3010299956639813 15.650130639830621
883 2.5051499783199063 18.574581934797493
884 2.1760912590556813 16.33409561676385
885 2.1760912590556813 16.2406870095727
886 2.1760912590556813 16.688807985466465
887 2.146128035678238 16.038281372083322
888 2.255272505103306 16.836578834986856
889 1.0 15.099016185383055
88 1.4771212547196624 17.71948261455228
890 1.0 15.846061238571657
891 2.146128035678238 20.556957071190386
892 2.079181246047625 19.44244897613975
893 2.0 19.650125642603225
89 1.4771212547196624 16.48858847797927
904 1.0 13.348934049756208
909 1.3010299956639813 18.220820409533506
90 1.6989700043360187 21.713143045615993
910 1.3010299956639813 17.02047450238395
912 1.9542425094393248 21.510199531662707
914 1.3010299956639813 18.44622626314255
915 1.3010299956639813 15.830828169778773
917 1.7781512503836436 20.297410938444266
918 1.3010299956639813 21.05942217315108
919 1.7781512503836436 24.20144514632048
91 1.3010299956639813 21.379518228894476
923 1.6020599913279625 21.33531539196555
926 1.6020599913279625 17.117590186266202
927 1.6020599913279625 15.57201869317147
928 1.4771212547196624 18.737561566460872
929 1.4771212547196624 13.493772362594454
931 1.6020599913279625 22.349952035011718
932 1.0 19.543680316998906
933 1.4771212547196624 22.32890278912787
935 1.0 16.449077097941938
936 1.0 21.526279874452115
937 1.0 20.6196626379172
938 1.0 17.459496507758143
939 1.0 17.878596309450398
93 1.3010299956639813 40.4099170367325
940 1.0 19.551908923253773
941 1.0 16.02177904462421
942 1.3010299956639813 17.99083394469146
944 1.3010299956639813 19.37627093560627
945 1.0 19.892020741815653
946 1.0 16.45126582587042
947 1.0 19.45698562548774
948 1.0 19.383510389270164
949 1.0 14.49175317063043
950 1.0 16.33085346902123
951 1.0 16.18204005064504
952 1.0 25.38787746985513
953 1.0 19.174774193635493
954 1.0 19.103786648783725
955 1.0 20.597926648495577
956 1.0 19.332344149929916
957 1.3010299956639813 20.46054266240951
958 1.0 18.125192411844907
959 1.0 20.989047238821517
960 1.0 19.164284103879986
961 1.0 20.820071638418433
962 1.0 18.888396882406173
963 1.3010299956639813 17.01734493522861
964 1.0 18.40060383547051
967 1.0 20.350189453749287
969 1.6020599913279625 20.721079216106737
970 1.0 20.574683754662654
971 1.0 18.789785549650443
972 1.0 19.669462220826514
973 1.0 19.582782794447926
974 1.0 18.84312245235009
975 1.0 17.854534961736917
976 1.0 19.01089422974206
977 1.0 19.099167857362065
978 1.0 17.34793605111952
979 1.0 19.907440181516993
980 1.0 17.619733479266785
981 1.0 18.147091699710654
982 1.0 19.01404692868626
983 1.0 19.832098688531545
984 1.0 15.961555900385454
985 1.0 17.667633952974512
986 1.3010299956639813 19.998220484206893
987 1.0 21.088601776656837
988 1.0 15.586281284702965
989 1.7781512503836436 18.267442413672814
990 1.0 17.043147830109415
991 1.0 19.241200976831678
992 1.0 20.972634792127216
993 1.9542425094393248 33.541218365030296
994 1.6020599913279625 16.070194442289612
995 2.204119982655925 16.341134900020474
996 1.6020599913279625 16.28971068168109
997 1.6020599913279625 15.91714951082178
998 2.1760912590556813 16.401453406092962
999 2.146128035678238 16.396443136520976
