1.585026652029182
186 1.0 25.345464687070297
192 1.0 19.898472476859148
194 1.0 16.794834479301993
195 1.0 16.794834479301993
243 1.3010299956639813 25.8105965022697
257 1.0 32.04340428656301
275 1.0 20.27889021374396
279 1.0 19.349744435445626
285 1.3010299956639813 30.562929415100232
2 1.0 25.653725024939046
325 1.0 26.246066768442137
332 1.0 24.231012577485338
337 1.3010299956639813 25.8105965022697
3 1.0 25.653725024939046
415 1.0 19.419275690945604
447 1.0 18.6211653234297
512 1.0 17.487616504038936
541 1.0 19.703508556272116
576 1.0 21.517861792661158
646 1.3010299956639813 18.504078859130104
648 1.0 19.898472476859148
666 1.0 20.41689440117043
823 1.0 16.794834479301993
83 1.0 25.345464687070297
876 1.0 27.115678493576954
964 1.0 18.40060383547051
