1.744727494896694
384 1.0 18.637274062594784
396 1.0 34.747346764383785
419 1.0 16.410243719356703
421 1.0 19.170545066323047
569 1.0 34.990949277994865
571 1.0 29.826229749704215
773 1.0 23.472958228275314
875 1.0 22.430004022861485
877 1.0 22.430004022861485
88 1.0 17.71948261455228
912 1.0 21.510199531662707
917 1.0 20.297410938444266
930 1.0 15.25216652316149
934 1.0 19.043662363227906
939 1.0 17.878596309450398
960 1.0 19.164284103879986
973 1.0 19.582782794447926
983 1.0 19.832098688531545
