1.4202164033831899
146 2.6627578316815743 38.443348131520054
147 1.0 38.27432982034523
148 1.0 39.73153365749456
149 1.0 36.714155384577936
197 1.3010299956639813 21.73615837537494
19 1.0 22.906892828979473
1 1.0 24.099314783282633
21 1.0 18.049400889846094
22 1.3010299956639813 20.042266187907835
236 1.0 23.511023087218234
23 1.0 18.927700473196293
24 1.4771212547196624 22.714650363605696
2 1.4771212547196624 25.673207973589584
31 1.6020599913279625 15.977249114874716
349 1.0 16.95637498328479
350 1.0 18.249780831901347
352 1.0 22.315951883102834
397 1.3010299956639813 34.76173337398946
3 1.4771212547196624 25.673207973589584
471 1.0 24.01537280312254
502 1.0 18.60296721930803
651 1.3010299956639813 21.73615837537494
65 1.0 18.842982330593173
661 1.0 17.17957125410552
669 1.0 17.756055320837486
672 1.4771212547196624 19.607432276969973
675 1.3010299956639813 18.16831043775807
677 1.3010299956639813 20.260093000467393
679 1.3010299956639813 17.421072102946884
682 1.3010299956639813 18.092716090093774
68 1.0 17.582897293622267
7 2.0413926851582254 20.662205334068826
82 1.0 16.571218594456724
852 1.3010299956639813 21.864410189197464
854 1.4771212547196624 20.336569559735775
855 1.0 16.571218594456724
91 1.3010299956639813 21.73615837537494
93 1.4771212547196624 19.110011561305157
