1.6989700043360187
153 1.0 38.91027615891787
160 1.0 40.68185651929256
192 1.0 19.898472476859148
199 1.4771212547196624 22.603396897878287
210 1.3010299956639813 19.851353724768064
225 1.0 16.31314212731362
229 1.4771212547196624 22.603396897878287
235 1.0 23.489746840008912
243 1.0 25.8105965022697
337 1.0 25.8105965022697
527 1.0 21.0997074467684
531 1.0 19.203803572139346
533 1.0 19.696864101303447
607 1.0 15.451856847580665
648 1.0 19.898472476859148
653 1.4771212547196624 22.603396897878287
93 1.0 40.4099170367325
958 1.0 18.125192411844907
971 1.0 18.789785549650443
979 1.0 19.907440181516993
