1.6989700043360187
108 1.0 15.676749598065259
121 1.0 25.97780851667672
260 1.3010299956639813 40.46004416097286
269 1.0 26.08506226190013
513 1.0 18.984876032460487
555 1.0 21.325804237253536
558 1.0 21.15084713075001
627 1.3010299956639813 15.56115616891949
628 1.3010299956639813 17.4321572644572
629 1.3010299956639813 15.448408287851615
630 1.3010299956639813 16.96541394633868
631 1.3010299956639813 19.950177336902193
632 1.3010299956639813 22.247424428787344
633 1.3010299956639813 20.514540434900287
634 1.3010299956639813 21.49965573905078
635 1.3010299956639813 18.02903493564441
636 1.3010299956639813 15.995025442232151
637 1.3010299956639813 15.345166756496607
638 1.3010299956639813 17.972508687822355
928 1.3010299956639813 18.737561566460872
