0.9871627752948278
176 1.0 22.379256958057034
193 1.4771212547196624 19.923584188401467
200 1.0 22.625506653399253
201 1.3010299956639813 16.675223517292782
203 1.3010299956639813 18.47845587465186
204 1.0 17.837739327910686
207 1.0 18.798742484766407
208 1.4771212547196624 18.083445948480012
219 1.0 20.060459993820544
224 1.3010299956639813 18.47845587465186
225 1.4771212547196624 18.083445948480012
226 1.3010299956639813 16.343763522087997
230 1.0 22.625506653399253
231 1.4771212547196624 19.843697587754125
233 1.0 18.798742484766407
236 1.0 23.511023087218234
237 1.0 18.99543449459334
244 1.0 25.829961126625353
248 1.0 16.370386131129504
249 1.0 22.75668213035031
274 1.0 16.400153272087692
278 1.3010299956639813 24.438116936080927
286 1.0 30.579284727285547
322 1.0 19.415200818214007
323 1.0 19.99450022605915
328 1.0 32.88047364596294
333 1.0 24.251638512278973
338 1.0 25.829961126625353
339 1.0 21.777753188456284
340 1.0 17.837739327910686
346 1.3010299956639813 17.379200642449316
347 1.3010299956639813 14.556617982255124
369 1.0 13.150466341514642
409 1.0 18.798742484766407
413 1.4771212547196624 19.441687508621293
418 1.0 15.939621763732179
419 1.0 17.11396415772215
43 1.3010299956639813 17.141090857518964
441 1.0 31.735712827979288
444 1.3010299956639813 29.526890635247195
472 1.4771212547196624 26.198430887398857
48 1.0 14.721765395784356
491 1.0 18.157117953750248
494 1.0 22.47464478924292
499 1.4771212547196624 19.843697587754125
49 1.3010299956639813 16.36609320638818
507 1.0 13.209920904369145
509 1.0 16.17664537722168
529 1.0 16.631082353314728
531 1.0 20.572525808084006
532 1.3010299956639813 19.229822454648716
535 1.0 18.139512907437105
537 1.3010299956639813 17.141090857518964
539 1.0 20.581818087864594
540 1.0 23.36967033208018
542 1.0 19.728868427436186
543 1.0 18.30187230227827
550 1.0 22.418090015600434
551 1.0 15.64922422599311
57 1.0 16.169816605433944
594 1.3010299956639813 21.479558238529965
61 1.3010299956639813 18.47845587465186
643 1.3010299956639813 19.64025085319644
644 1.0 19.655188678913582
645 1.0 16.169816605433944
649 1.4771212547196624 19.923584188401467
64 1.0 16.737458178003557
654 1.0 22.625506653399253
655 1.0 22.47464478924292
656 1.4771212547196624 19.843697587754125
659 1.0 18.798742484766407
661 1.0 17.17957125410552
665 1.0 20.62218664974217
666 1.0 21.979048869070308
667 1.0 20.441369254248713
66 1.0 17.304976281070527
672 1.0 19.607432276969973
673 1.3010299956639813 17.464006401007527
678 1.0 19.909993307821388
691 1.3010299956639813 20.252883122476465
712 1.0 16.737458178003557
77 1.0 16.90578733542276
810 1.0 15.100671070076253
817 1.0 16.90578733542276
875 1.0 15.780042124305094
910 1.0 13.172016182031092
921 1.0 16.37330158288374
931 1.0 19.569247311356932
935 1.0 21.549494779071786
938 1.0 17.906540871879564
93 1.0 19.110011561305157
94 1.0 40.42228834338309
951 1.6020599913279625 25.40756427571084
954 1.0 20.62218664974217
955 1.0 19.358190264880896
958 1.0 21.012855683925522
959 1.0 19.190356568188804
962 1.0 17.046701400697756
970 1.0 18.816376936112132
971 1.0 19.694865931417798
972 1.0 19.608298803683244
985 1.4771212547196624 20.023207099137547
986 1.0 21.11229795390388
