0.9355420107730815
173 1.0 25.424188320838816
174 1.0 18.86162482260781
187 1.0 18.36761931536485
192 1.0 19.898472476859148
198 1.0 19.930084158480717
1 1.0 24.469666509833758
214 1.0 18.685531899177228
218 1.0 20.03551983762025
220 1.0 14.895870535814339
228 1.0 19.894315832793946
260 1.0 40.46004416097286
277 1.3010299956639813 24.417648522770687
282 1.0 19.08990744429096
283 1.0 15.990191960562015
2 1.3010299956639813 25.653725024939046
317 1.0 15.824754366327694
327 1.3010299956639813 32.86526353435894
392 1.3010299956639813 14.283168530322774
393 1.3010299956639813 15.71714517392524
394 1.3010299956639813 13.494009199570673
395 1.3010299956639813 14.758399668360488
396 1.4771212547196624 34.747346764383785
397 1.3010299956639813 15.59311007460044
398 1.6989700043360187 31.04754842191709
399 1.3010299956639813 19.13339458833571
3 1.3010299956639813 25.653725024939046
400 1.3010299956639813 14.08378662149524
401 1.6020599913279625 24.1565533242725
402 1.3010299956639813 16.368602790560463
403 1.3010299956639813 13.500926207151714
411 1.0 21.73531037580023
41 1.0 20.87407005016222
432 1.3010299956639813 24.66037937080602
433 1.7781512503836436 26.035075059878718
434 1.3010299956639813 24.448105419498397
440 1.6020599913279625 31.719953794102054
441 1.0 13.217620103399069
443 1.4771212547196624 29.509952060039822
44 1.0 15.69981269395225
452 1.0 19.142693477683043
470 1.0 23.994543772969674
471 1.6989700043360187 26.179338818270686
472 1.0 20.431753744712537
483 1.0 16.072305173973206
493 1.0 22.45238647455196
499 1.0 27.781754633425805
505 1.3010299956639813 20.09259021626153
513 1.0 18.984876032460487
514 1.0 23.1822442953396
519 1.3010299956639813 25.19479562289961
521 1.0 16.13648804769188
552 1.0 20.441020454368555
559 1.0 32.39203154477896
563 1.0 15.69981269395225
570 1.3010299956639813 19.48325860666556
572 1.0 34.607198595571596
597 1.9030899869919435 19.894981669475758
611 1.0 16.37139499661555
612 1.4771212547196624 22.300659992929845
633 1.3010299956639813 20.514540434900287
634 1.0 21.49965573905078
639 1.4771212547196624 16.56038138552629
648 1.0 19.898472476859148
652 1.0 19.930084158480717
654 1.0 22.45238647455196
666 1.0 20.41689440117043
680 1.0 17.012055796954062
731 1.4771212547196624 28.951588555136127
746 1.4771212547196624 22.32660375113389
768 1.3010299956639813 15.59311007460044
769 1.3010299956639813 19.37976637155202
76 1.4771212547196624 13.459310544023309
770 1.6989700043360187 31.04754842191709
771 1.3010299956639813 25.078312841330952
772 1.3010299956639813 23.117420198200822
775 1.6020599913279625 24.1565533242725
776 2.4913616938342726 25.809572659595812
777 2.623249290397901 28.5636709471766
778 1.3010299956639813 29.375621062375156
779 2.079181246047625 26.762559621671812
780 1.3010299956639813 28.653172853466874
781 1.3010299956639813 24.215767859390553
782 1.3010299956639813 28.8122112955473
783 1.3010299956639813 15.065543358973835
784 1.3010299956639813 16.427467569369398
785 1.3010299956639813 16.33924581085099
786 1.3010299956639813 16.674504799836235
787 1.3010299956639813 16.853403753588953
788 1.3010299956639813 16.44195035074378
789 1.3010299956639813 16.247732650957825
790 1.3010299956639813 16.35543624625182
791 1.3010299956639813 15.027617842401222
792 1.3010299956639813 15.296720290112676
793 1.3010299956639813 15.283359784295454
794 1.3010299956639813 15.391766171743628
795 1.3010299956639813 13.470927861124082
796 1.3010299956639813 16.41623255841033
797 1.3010299956639813 17.68690492205947
798 1.3010299956639813 19.84500063961507
79 1.0 14.176787327564806
817 1.0 18.36761931536485
828 1.0 27.781754633425805
84 1.0 20.94724544657274
862 1.0 22.500892102974184
865 1.3010299956639813 36.420319557775116
871 1.7781512503836436 25.16854217073077
876 1.0 27.115678493576954
878 1.4771212547196624 33.105865818015594
891 1.9542425094393248 20.556957071190386
895 1.0 16.22969191138666
912 1.0 21.510199531662707
917 1.0 20.297410938444266
918 1.0 21.05942217315108
926 1.3010299956639813 17.117590186266202
959 1.0 20.989047238821517
969 1.3010299956639813 20.721079216106737
