1.3279021420642825
208 1.0 19.715082278253885
236 1.0 18.969094117495082
416 1.3010299956639813 18.61566394013484
417 1.0 15.908222464211535
418 1.0 17.08472326939475
419 1.3010299956639813 16.410243719356703
433 1.3010299956639813 26.035075059878718
446 1.0 17.40906918615375
447 1.0 18.6211653234297
448 1.0 16.101960150219295
449 1.0 15.973339287977442
451 1.0 15.618485608068163
452 1.0 19.142693477683043
47 1.0 19.524027135780376
502 1.0 24.947803517854027
510 1.6020599913279625 18.532720542245944
518 1.9542425094393248 20.682013519960595
522 1.0 19.672274363144883
533 1.0 19.696864101303447
538 1.0 20.55751044757001
539 1.3010299956639813 23.34826527667759
542 1.0 18.27453227223341
546 1.0 20.3971096387274
548 1.0 19.647259077738575
549 1.0 22.395775493328287
550 1.0 15.617241077585044
663 1.0 17.854013827579386
666 1.0 20.41689440117043
731 1.0 28.951588555136127
746 1.0 22.32660375113389
750 1.3010299956639813 24.739780818458456
753 1.4771212547196624 21.70542592404138
808 1.0 15.067523577769435
813 1.0 20.580671285807178
84 1.0 20.94724544657274
862 1.0 22.500892102974184
924 1.0 13.266168190220418
937 1.0 20.6196626379172
943 1.0 19.424340488107244
944 1.0 19.37627093560627
952 1.0 25.38787746985513
956 1.3010299956639813 19.332344149929916
957 1.0 20.46054266240951
961 1.0 20.820071638418433
978 1.0 17.34793605111952
985 1.0 17.667633952974512
990 1.0 17.043147830109415
