1.721246399047171
140 1.0 22.06065850896495
143 1.0 19.603466556586774
148 1.3010299956639813 36.70053413239285
153 1.0 38.91027615891787
154 1.3010299956639813 39.64347606197456
157 1.3010299956639813 40.355627938282694
158 1.845098040014257 34.64884871982456
159 1.4771212547196624 33.49922392874927
160 1.6020599913279625 40.68185651929256
161 1.0 29.183057629910973
162 1.3010299956639813 27.42647719561716
163 1.0 29.043663537477517
173 1.4771212547196624 25.424188320838816
174 1.4771212547196624 18.86162482260781
235 1.0 23.489746840008912
550 1.0 15.617241077585044
671 1.0 19.58191513861614
686 1.0 17.162340194417848
951 1.0 16.18204005064504
