1.2441251443275085
105 1.0 21.33892101876266
193 1.0 19.923584188401467
198 1.0 18.00016847208931
199 1.4771212547196624 19.95515608969582
200 1.0 22.625506653399253
203 1.0 18.47845587465186
210 1.6020599913279625 20.74943729156614
214 1.0 18.044528672125754
219 1.0 20.060459993820544
224 1.0 18.47845587465186
229 1.4771212547196624 19.919432784468437
230 1.0 22.625506653399253
231 1.3010299956639813 19.843697587754125
234 1.6020599913279625 20.74943729156614
236 1.0 23.511023087218234
283 1.0 19.116081351354293
346 1.0 17.379200642449316
410 1.6020599913279625 20.74943729156614
413 1.0 19.441687508621293
42 1.0 17.36771058332882
441 1.0 31.735712827979288
444 1.0 29.526890635247195
471 1.0 24.01537280312254
472 1.0 26.198430887398857
498 1.0 22.596184090364247
499 1.3010299956639813 19.843697587754125
49 1.0 16.36609320638818
508 1.0 17.36771058332882
541 1.0 18.888440514559967
550 1.0 22.418090015600434
560 1.0 32.40746376373745
573 1.0 34.62164344212061
594 1.0 21.479558238529965
598 1.0 19.920097781606806
608 1.0 15.484181606986061
61 1.0 18.47845587465186
644 1.0 19.655188678913582
649 1.0 19.923584188401467
652 1.0 18.00016847208931
653 1.4771212547196624 19.95515608969582
654 1.0 22.625506653399253
656 1.3010299956639813 19.843697587754125
666 1.0 21.979048869070308
667 1.0 20.441369254248713
830 1.0 22.596184090364247
873 1.0 25.188400405739408
911 1.0 21.53343177229172
916 1.0 20.322029692038072
918 1.3010299956639813 24.222096258795588
933 1.0 19.069899742909588
938 1.3010299956639813 17.906540871879564
939 1.0 19.57746517154891
941 1.0 18.01860444167257
961 1.0 18.914849636919964
990 1.3010299956639813 19.267169356987246
991 1.3010299956639813 20.996461847748183
992 1.0 33.556122085405605
