1.6989700043360187
132 1.0 31.170157473839097
133 1.0 27.54885932499107
134 1.3010299956639813 29.51314963866556
135 1.0 23.727421112255122
136 1.4771212547196624 22.900372757632663
137 1.0 22.26891535791042
139 1.6020599913279625 21.045092986540304
140 1.3010299956639813 22.06065850896495
142 1.0 21.606364977884798
145 1.7781512503836436 38.43033977941447
146 1.6989700043360187 38.26126400416704
147 1.9542425094393248 39.718947201261805
148 1.4771212547196624 36.70053413239285
153 1.0 38.91027615891787
157 1.6020599913279625 40.355627938282694
159 1.4771212547196624 33.49922392874927
21 1.0 18.02167784870146
683 1.0 16.907222831124663
93 1.9030899869919435 40.4099170367325
973 1.0 19.582782794447926
