1.337242168318426
120 1.0 22.67074148141845
123 1.0 21.94118068747015
132 1.0 31.9240224086541
135 1.0 29.53008637972915
137 1.0 22.922196064917607
138 1.3010299956639813 22.291356872514033
146 1.6020599913279625 38.443348131520054
147 1.7781512503836436 38.27432982034523
148 2.079181246047625 39.73153365749456
149 1.0 36.714155384577936
154 1.0 38.92312411360697
155 1.0 39.65608647202028
157 1.3010299956639813 27.318575173705053
158 1.3010299956639813 40.36801588254125
160 1.9542425094393248 33.51414632402991
161 1.0 40.68786868352573
188 1.3010299956639813 18.394820991631416
247 1.0 17.92587263398071
258 1.3010299956639813 32.05900432440354
266 1.3010299956639813 24.006561347142163
286 1.3010299956639813 30.579284727285547
2 1.0 25.673207973589584
328 1.0 32.88047364596294
333 1.3010299956639813 24.251638512278973
351 1.3010299956639813 19.334505504177955
3 1.0 25.673207973589584
472 1.0 26.198430887398857
506 1.0 20.117459620901656
567 1.0 23.07027838400899
582 1.0 26.849702075967517
644 1.0 19.655188678913582
646 1.0 21.019109611528222
68 1.0 17.582897293622267
69 1.0 26.43449543906486
773 1.3010299956639813 25.098242467704086
803 1.0 16.74751991200512
807 1.0 24.483238969908477
816 1.0 26.40168560543113
820 1.3010299956639813 18.394820991631416
852 1.0 21.864410189197464
864 1.0 22.523102482333243
867 1.0 36.43404557128479
873 1.0 25.188400405739408
880 1.0 33.12096543823041
94 1.7781512503836436 40.42228834338309
986 1.0 21.11229795390388
