1.6777807052660807
133 1.0 31.18619433249154
147 1.0 38.27432982034523
150 1.0 30.64451579794581
153 1.0 27.124579821694358
155 1.0 39.65608647202028
160 1.0 33.51414632402991
22 1.0 20.042266187907835
379 1.0 24.673753214847594
390 1.0 23.009670542854348
397 1.0 34.76173337398946
406 1.0 17.13803809591465
560 1.0 32.40746376373745
566 1.0 24.435514902659826
644 1.0 19.655188678913582
738 1.0 23.256531591422583
742 1.0 21.68833801617828
746 1.0 19.14200258825803
749 1.0 22.58723493033533
780 1.0 29.39263705080337
971 1.0 19.694865931417798
992 1.4771212547196624 33.556122085405605
