0.6968039425795111
109 1.0 15.561030750337954
111 1.0 16.152248564614663
132 2.0 31.9240224086541
133 1.7781512503836436 31.18619433249154
134 1.9030899869919435 27.567002922119546
135 1.3010299956639813 29.53008637972915
136 1.845098040014257 23.748484428238577
137 1.9030899869919435 22.922196064917607
138 1.0 22.291356872514033
140 1.6989700043360187 21.068838098294076
141 1.3010299956639813 22.083311659467373
142 1.0 19.04038571666816
143 1.0 21.629493927449314
146 2.690196080028514 38.443348131520054
147 2.7323937598229686 38.27432982034523
148 2.778151250383644 39.73153365749456
149 2.4913616938342726 36.714155384577936
150 2.230448921378274 30.64451579794581
151 2.146128035678238 28.69713041845068
152 1.6020599913279625 26.43569384136088
153 1.6020599913279625 27.124579821694358
154 2.6127838567197355 38.92312411360697
155 2.5051499783199063 39.65608647202028
156 2.3222192947339195 32.80078913912944
157 1.9542425094393248 27.318575173705053
158 2.278753600952829 40.36801588254125
159 2.361727836017593 34.663276209978875
160 2.0 33.51414632402991
161 2.7160033436347994 40.68786868352573
162 2.414973347970818 29.200185832126223
163 2.230448921378274 27.444701699266258
164 2.230448921378274 29.060873897358988
170 1.4771212547196624 16.92269399053892
175 1.0 18.88811507135678
176 1.6020599913279625 22.379256958057034
183 1.3010299956639813 13.37355243095153
186 1.0 17.074068216246978
189 1.0 22.794574400913437
193 1.3010299956639813 19.923584188401467
194 1.4771212547196624 17.77518118243523
195 1.0 16.82457919792204
196 1.0 16.82457919792204
198 1.3010299956639813 18.00016847208931
199 1.0 19.95515608969582
200 1.4771212547196624 22.625506653399253
204 1.0 17.837739327910686
205 1.4771212547196624 18.460464588544884
206 1.0 18.054340943557705
207 1.3010299956639813 18.798742484766407
209 1.0 19.7404272810474
211 1.6989700043360187 19.87652496554322
212 1.3010299956639813 22.053003739358804
213 1.4771212547196624 19.298818028563065
214 1.0 18.044528672125754
215 1.3010299956639813 18.71227143762001
21 1.4771212547196624 18.049400889846094
229 1.0 19.919432784468437
22 1.3010299956639813 20.042266187907835
230 1.4771212547196624 22.625506653399253
231 1.3010299956639813 19.843697587754125
232 1.4771212547196624 18.460464588544884
233 1.3010299956639813 18.798742484766407
235 1.3010299956639813 18.131311524289607
236 1.0 23.511023087218234
242 1.6020599913279625 20.34767568477578
243 1.3010299956639813 17.509187404878464
244 1.4771212547196624 25.829961126625353
24 1.0 22.714650363605696
251 1.0 16.101277881366933
254 1.3010299956639813 16.42690925065229
283 1.0 19.116081351354293
296 1.0 21.560794875219035
308 1.0 18.477335563541324
317 1.0 16.431343755560334
319 1.0 15.794383648680418
320 1.0 14.004614743358394
325 1.0 15.755311297820837
335 1.6989700043360187 26.592389103304416
336 1.6989700043360187 27.213017312486674
337 1.3010299956639813 17.509187404878464
338 1.4771212547196624 25.829961126625353
340 1.0 17.837739327910686
341 1.0 20.951702374187988
343 1.0 22.828476621056783
344 1.4771212547196624 20.86119657744264
345 1.4771212547196624 19.45537620834872
379 1.9030899869919435 24.673753214847594
383 1.6989700043360187 23.402720804995248
387 1.7781512503836436 21.87923801272718
38 1.0 15.275369084039284
390 1.6989700043360187 23.009670542854348
399 1.0 31.06364857854412
402 1.6020599913279625 24.177242781351655
406 1.0 17.13803809591465
409 1.3010299956639813 18.798742484766407
416 1.0 19.445006257673224
41 1.0 20.898009485572526
436 1.6020599913279625 18.15542263413017
448 1.0 18.647997157938995
459 1.4771212547196624 24.541701226408268
482 1.6020599913279625 19.755861749534457
483 1.3010299956639813 14.843383405093189
487 1.3010299956639813 19.112909051912595
488 1.0 18.91692636651541
489 1.3010299956639813 18.813161782127867
491 1.3010299956639813 18.157117953750248
493 1.0 15.275369084039284
494 1.0 22.47464478924292
496 1.0 17.074026788002808
499 1.3010299956639813 19.843697587754125
503 1.0 24.96783731854743
504 1.0 18.391649858504977
505 1.3010299956639813 17.827254209129045
511 1.0 18.55968024231519
519 1.0 20.706175002637085
51 1.0 16.49843751688567
525 1.6989700043360187 20.543320381954224
528 1.0 21.12339116570097
534 1.4771212547196624 19.72223251625476
536 1.4771212547196624 17.80770137278335
544 1.0 21.7329857487666
580 1.0 16.49843751688567
597 1.0 19.996338987916545
5 1.0 18.48385548625501
606 1.3010299956639813 18.53110082385229
60 1.9030899869919435 20.310156825129837
612 1.0 16.40190763707712
613 1.6020599913279625 22.32306959448592
616 1.6989700043360187 23.902881671535816
617 1.0 16.314388963414707
618 1.0 16.289314548847216
625 1.0 16.28000849899647
627 1.0 15.516211807091997
62 1.6020599913279625 20.34767568477578
632 1.0 19.9752240481514
633 1.3010299956639813 22.269887599954423
638 1.3010299956639813 15.377715785664936
640 1.0 16.590546453751475
646 1.0 21.019109611528222
648 1.0 22.794574400913437
649 1.3010299956639813 19.923584188401467
650 1.4771212547196624 17.77518118243523
652 1.3010299956639813 18.00016847208931
653 1.0 19.95515608969582
654 1.4771212547196624 22.625506653399253
655 1.0 22.47464478924292
656 1.3010299956639813 19.843697587754125
657 1.4771212547196624 18.460464588544884
658 1.0 18.054340943557705
659 1.3010299956639813 18.798742484766407
663 1.3010299956639813 19.44490454387257
665 1.0 20.62218664974217
666 1.4771212547196624 21.979048869070308
67 1.3010299956639813 17.777478226009574
732 1.6020599913279625 28.96885361670166
736 2.204119982655925 26.48297924216182
738 1.9542425094393248 23.256531591422583
742 1.6989700043360187 21.68833801617828
746 1.0 19.14200258825803
749 1.845098040014257 22.58723493033533
750 1.845098040014257 20.234721635985533
772 1.0 31.06364857854412
773 2.0413926851582254 25.098242467704086
776 1.0 20.10376748540877
777 1.6020599913279625 24.177242781351655
778 1.845098040014257 25.828938051552868
779 1.6020599913279625 28.58117033955364
780 2.113943352306837 29.39263705080337
781 1.6020599913279625 26.78123592188267
782 1.9030899869919435 28.670617617530514
783 1.6989700043360187 24.23640676791617
784 2.146128035678238 28.829559825624525
809 1.6989700043360187 23.93775068948324
813 1.4771212547196624 16.555206772911212
815 1.3010299956639813 20.604951603302737
816 1.7781512503836436 26.40168560543113
826 1.0 16.82457919792204
828 1.0 17.074026788002808
836 1.3010299956639813 19.384867469169826
854 1.0 20.336569559735775
87 1.7781512503836436 24.835731385689954
882 1.0 18.91930081490118
889 1.0 17.074068216246978
890 1.0 18.477335563541324
907 1.0 16.02381405871867
908 1.6020599913279625 18.24824091238585
909 1.3010299956639813 17.04982557935131
925 1.0 17.14677502578712
935 1.4771212547196624 21.549494779071786
943 1.3010299956639813 19.402058534341666
94 1.9030899869919435 40.42228834338309
953 1.0 19.129941566095997
954 1.0 20.62218664974217
960 1.6020599913279625 20.844073091142132
980 1.6020599913279625 18.174623439227215
984 1.3010299956639813 17.695911660502205
985 1.6020599913279625 20.023207099137547
993 1.0 16.101277881366933
994 1.0 16.371703937607325
995 1.0 16.320376040179806
998 1.3010299956639813 16.42690925065229
