1.6989700043360187
134 1.0 27.567002922119546
137 1.0 22.922196064917607
138 1.0 22.291356872514033
141 1.0 22.083311659467373
142 1.0 19.04038571666816
144 1.6020599913279625 19.628955678670632
148 1.0 39.73153365749456
150 1.4771212547196624 30.64451579794581
155 1.0 39.65608647202028
157 1.0 27.318575173705053
160 1.3010299956639813 33.51414632402991
161 1.6020599913279625 40.68786868352573
162 2.146128035678238 29.200185832126223
163 2.204119982655925 27.444701699266258
164 2.146128035678238 29.060873897358988
237 1.0 18.99543449459334
487 1.3010299956639813 19.112909051912595
489 1.0 18.813161782127867
773 1.3010299956639813 25.098242467704086
782 1.0 28.670617617530514
