1.5528419686577808
131 1.4771212547196624 31.908356378043813
132 1.0 31.170157473839097
134 1.3010299956639813 29.51314963866556
135 1.0 23.727421112255122
136 1.0 22.900372757632663
137 1.3010299956639813 22.26891535791042
145 2.0 38.43033977941447
146 2.1760912590556813 38.26126400416704
147 2.0 39.718947201261805
148 1.4771212547196624 36.70053413239285
150 1.0 28.679701781112843
151 1.0 26.41677324871767
153 1.3010299956639813 38.91027615891787
157 1.6020599913279625 40.355627938282694
158 1.3010299956639813 34.64884871982456
160 1.6020599913279625 40.68185651929256
19 1.3010299956639813 22.88505492845388
21 1.0 18.02167784870146
273 1.3010299956639813 16.369637361529076
382 1.0 23.381346006518903
389 1.0 22.987930278533103
415 1.0 19.419275690945604
741 1.0 21.665271886223913
748 1.0 22.56508767539272
749 1.0 20.209996528594978
881 1.0 16.868603706098174
93 1.3010299956639813 40.4099170367325
973 1.4771212547196624 19.582782794447926
