1.2441251443275085
109 1.3010299956639813 19.715945972128416
112 1.0 16.952806137528757
116 1.0 21.142493979490386
125 1.0 19.0809900086681
127 1.0 18.613796434027876
157 1.0 40.355627938282694
191 1.0 16.952806137528757
211 1.7781512503836436 22.03031942410671
219 1.3010299956639813 15.855377524671088
220 1.0 14.895870535814339
258 1.4771212547196624 34.15368633845293
259 1.3010299956639813 27.067295817703585
262 1.6989700043360187 21.133916878571615
263 1.3010299956639813 18.961368666684063
264 1.0 16.714220604471006
265 1.0 23.98572466518575
271 1.0 14.256693170752603
281 1.0 18.79756428818881
331 1.0 26.137525464974466
332 1.0 24.231012577485338
398 1.7781512503836436 31.04754842191709
435 1.3010299956639813 18.127861733361883
47 1.0 19.524027135780376
484 1.0 14.841497874872914
496 1.0 21.534181820846815
519 1.3010299956639813 25.19479562289961
520 1.0 15.091216218944323
53 1.6020599913279625 15.484623446241047
545 1.6020599913279625 23.297633308982533
552 1.0 20.441020454368555
554 1.0 22.40007556792627
555 1.3010299956639813 21.325804237253536
559 1.0 32.39203154477896
560 1.0 26.176582993590046
561 1.0 20.6139191343978
565 1.0 24.415044307928472
566 1.0 23.04859528725498
569 1.6020599913279625 34.990949277994865
570 1.3010299956639813 19.48325860666556
572 1.0 34.607198595571596
57 1.0 16.138865172414302
580 1.3010299956639813 25.521710205582426
581 1.0 26.831073433021917
583 1.0 23.271290483826427
585 1.6020599913279625 15.484623446241047
644 1.0 16.138865172414302
770 1.7781512503836436 31.04754842191709
772 1.3010299956639813 23.117420198200822
821 1.0 16.952806137528757
826 1.0 21.534181820846815
87 1.0 14.185473624911529
906 1.0 12.881566868953074
908 1.0 15.998023604552252
909 1.3010299956639813 18.220820409533506
918 1.0 21.05942217315108
927 1.0 15.57201869317147
935 1.0 16.449077097941938
