1.6777807052660807
131 1.0 31.908356378043813
132 1.4771212547196624 31.170157473839097
133 1.3010299956639813 27.54885932499107
134 1.3010299956639813 29.51314963866556
135 1.0 23.727421112255122
136 1.0 22.900372757632663
137 1.0 22.26891535791042
139 1.3010299956639813 21.045092986540304
140 1.0 22.06065850896495
142 1.0 21.606364977884798
147 1.0 39.718947201261805
148 1.0 36.70053413239285
196 1.0 21.713143045615993
265 1.0 23.98572466518575
396 1.3010299956639813 34.747346764383785
485 1.0 18.6714979484428
487 1.0 18.890476520092495
566 1.0 23.04859528725498
650 1.0 21.713143045615993
806 1.0 27.27436952647854
90 1.0 21.713143045615993
