0.7958800173440752
106 1.0 21.237877873941795
108 1.0 15.676749598065259
109 1.3010299956639813 19.715945972128416
117 1.0 14.688235307452093
118 1.0 14.550756333462834
131 2.3979400086720375 31.908356378043813
132 1.845098040014257 31.170157473839097
133 1.0 27.54885932499107
134 1.3010299956639813 29.51314963866556
135 1.3010299956639813 23.727421112255122
136 1.3010299956639813 22.900372757632663
139 1.0 21.045092986540304
140 1.0 22.06065850896495
142 1.3010299956639813 21.606364977884798
143 1.0 19.603466556586774
146 1.6020599913279625 38.26126400416704
147 1.9030899869919435 39.718947201261805
148 1.3010299956639813 36.70053413239285
149 1.0 30.628195318865107
150 1.0 28.679701781112843
151 1.3010299956639813 26.41677324871767
152 1.0 27.106140088612186
153 2.0413926851582254 38.91027615891787
154 2.0 39.64347606197456
155 1.6020599913279625 32.78554205971943
156 1.0 27.300266473449927
157 2.414973347970818 40.355627938282694
158 2.342422680822206 34.64884871982456
159 1.6020599913279625 33.49922392874927
160 2.079181246047625 40.68185651929256
161 2.380211241711606 29.183057629910973
162 2.146128035678238 27.42647719561716
163 2.255272505103306 29.043663537477517
169 1.0 16.893122029317794
185 1.0 17.044758885154558
188 1.3010299956639813 22.772628792451215
199 1.0 22.603396897878287
202 1.3010299956639813 18.45137749631327
207 1.6020599913279625 18.0557751805786
208 1.0 19.715082278253885
223 1.3010299956639813 18.45137749631327
224 1.6020599913279625 18.0557751805786
229 1.0 22.603396897878287
22 1.3010299956639813 20.017303363514117
230 1.3010299956639813 19.818484653329044
235 1.3010299956639813 23.489746840008912
236 1.3010299956639813 18.969094117495082
23 1.0 18.90126570373093
243 1.0 25.8105965022697
246 1.0 17.897958254775837
247 1.4771212547196624 16.339814628149156
249 1.0 21.570555711548227
258 1.3010299956639813 34.15368633845293
26 1.0 18.618919907073398
277 1.0 24.417648522770687
278 1.7781512503836436 17.70612989299446
288 1.0 19.392382017280667
295 1.0 21.53759215073197
305 1.3010299956639813 18.712967679843132
319 1.0 13.968866600762256
320 1.0 13.968866600762256
323 1.0 14.040271867378184
324 1.0 15.723543941848508
337 1.0 25.8105965022697
341 1.0 19.392382017280667
344 1.0 19.429659374481616
352 1.3010299956639813 25.386817845441577
368 1.0 13.112389751655092
378 1.6989700043360187 24.653480438007165
380 1.0 17.099229420425257
382 1.4771212547196624 23.381346006518903
386 1.6989700043360187 21.856373350068075
389 1.3010299956639813 22.987930278533103
398 1.0 31.04754842191709
401 1.4771212547196624 24.1565533242725
405 1.0 17.108838352647496
411 1.0 21.73531037580023
412 1.3010299956639813 19.41595254379453
413 1.3010299956639813 19.214693399908615
415 1.0 19.419275690945604
41 1.0 20.87407005016222
435 1.3010299956639813 18.127861733361883
444 1.0 16.89424162983062
446 1.0 17.40906918615375
449 1.0 15.973339287977442
457 1.0 24.521319277035015
477 1.3010299956639813 18.712967679843132
479 1.0 17.044758885154558
486 1.3010299956639813 19.08673079463014
490 1.3010299956639813 18.129559630239218
498 1.3010299956639813 19.818484653329044
501 1.0 18.576070342315386
510 1.0 18.532720542245944
524 1.4771212547196624 20.518967135692183
525 1.4771212547196624 17.7242281093306
527 1.0 21.0997074467684
530 1.3010299956639813 20.54820717542731
533 1.3010299956639813 19.696864101303447
535 1.3010299956639813 17.779601462975204
538 1.3010299956639813 20.55751044757001
543 1.3010299956639813 21.709967055619686
545 1.4771212547196624 23.297633308982533
546 1.3010299956639813 20.3971096387274
56 1.0 16.008658872883498
576 1.6020599913279625 21.517861792661158
578 1.6020599913279625 17.196077893890912
592 1.0 18.068207751312215
596 1.6020599913279625 19.971318757650213
599 1.6989700043360187 18.573663222245116
615 1.0 23.88195453063762
61 1.3010299956639813 18.45137749631327
625 1.0 16.008658872883498
632 1.0 22.247424428787344
640 1.0 14.135814942016715
641 1.0 13.824949696468746
647 1.3010299956639813 22.772628792451215
653 1.0 22.603396897878287
655 1.3010299956639813 19.818484653329044
69 1.3010299956639813 26.41557398804616
712 1.0 16.15335632829963
71 1.0 13.077186323829824
735 1.6020599913279625 26.464092456397857
737 1.6020599913279625 23.235022308206137
73 1.0 12.997490719339234
741 1.3010299956639813 21.665271886223913
748 1.4771212547196624 22.56508767539272
749 1.6020599913279625 20.209996528594978
770 1.0 31.04754842191709
771 1.7781512503836436 25.078312841330952
774 1.3010299956639813 20.078881121899666
775 1.4771212547196624 24.1565533242725
776 1.3010299956639813 25.809572659595812
777 1.6989700043360187 28.5636709471766
778 1.6989700043360187 29.375621062375156
779 1.0 26.762559621671812
780 1.4771212547196624 28.653172853466874
781 1.6020599913279625 24.215767859390553
782 1.9542425094393248 28.8122112955473
807 1.0 23.916854058840084
813 1.0 20.580671285807178
814 1.4771212547196624 26.382740623521833
834 1.6989700043360187 19.359056970763802
86 1.4771212547196624 24.815590935179138
88 1.0 17.71948261455228
890 1.0 15.846061238571657
894 1.0 16.508326051842978
903 1.0 16.756624857433575
910 1.0 17.02047450238395
915 1.0 15.830828169778773
926 1.0 17.117590186266202
934 1.0 19.043662363227906
936 1.6020599913279625 21.526279874452115
939 1.0 17.878596309450398
93 1.3010299956639813 40.4099170367325
944 1.3010299956639813 19.37627093560627
945 1.0 19.892020741815653
948 1.3010299956639813 19.383510389270164
981 1.0 18.147091699710654
986 1.0 19.998220484206893
99 1.0 16.508326051842978
