1.5528419686577808
139 1.0 17.437449700363672
144 1.0 19.628955678670632
218 1.0 15.989944117470667
285 1.3010299956639813 27.333530767834674
335 1.3010299956639813 26.592389103304416
402 1.845098040014257 24.177242781351655
498 1.0 22.596184090364247
540 1.0 23.36967033208018
544 1.4771212547196624 21.7329857487666
59 1.0 17.054311793451188
616 1.0 23.902881671535816
632 1.0 19.9752240481514
633 1.0 22.269887599954423
660 1.0 17.054311793451188
777 1.845098040014257 24.177242781351655
778 1.7781512503836436 25.828938051552868
779 2.681241237375587 28.58117033955364
780 2.838849090737255 29.39263705080337
781 2.8129133566428557 26.78123592188267
782 2.230448921378274 28.670617617530514
783 2.6627578316815743 24.23640676791617
784 2.0413926851582254 28.829559825624525
830 1.0 22.596184090364247
87 1.0 24.835731385689954
921 1.0 16.37330158288374
934 1.0 16.479445906159526
949 1.3010299956639813 16.36144171601765
958 1.0 21.012855683925522
