1.2676062401770316
140 1.0 21.068838098294076
153 1.0 27.124579821694358
154 1.3010299956639813 38.92312411360697
155 1.4771212547196624 39.65608647202028
159 1.0 34.663276209978875
164 1.0 29.060873897358988
171 1.0 17.299828196424077
199 1.7781512503836436 19.95515608969582
21 1.0 18.049400889846094
229 1.7781512503836436 19.919432784468437
238 1.0 17.79360469731602
309 1.3010299956639813 17.72718103523344
313 1.0 16.271444758929782
335 1.0 26.592389103304416
341 1.0 20.951702374187988
346 1.0 17.379200642449316
379 1.9030899869919435 24.673753214847594
387 1.3010299956639813 21.87923801272718
389 1.0 17.411970458585486
413 1.0 19.441687508621293
42 1.0 17.36771058332882
478 1.0 16.265225052820202
482 1.0 19.755861749534457
484 1.0 16.33121855046969
49 1.0 16.36609320638818
508 1.0 17.36771058332882
511 1.0 18.55968024231519
523 1.0 19.697674446970826
544 1.0 21.7329857487666
56 1.0 16.039861561383614
613 1.0 22.32306959448592
622 1.0 16.21874466519853
626 1.0 16.039861561383614
653 1.7781512503836436 19.95515608969582
736 1.6989700043360187 26.48297924216182
738 1.6989700043360187 23.256531591422583
778 1.4771212547196624 25.828938051552868
779 1.845098040014257 28.58117033955364
780 1.4771212547196624 29.39263705080337
781 1.4771212547196624 26.78123592188267
782 1.845098040014257 28.670617617530514
783 1.0 24.23640676791617
784 2.0 28.829559825624525
816 1.3010299956639813 26.40168560543113
836 1.0 19.384867469169826
87 1.4771212547196624 24.835731385689954
882 1.3010299956639813 18.91930081490118
891 1.3010299956639813 17.72718103523344
908 1.0 18.24824091238585
909 1.0 17.04982557935131
935 1.0 21.549494779071786
943 1.0 19.402058534341666
980 1.0 18.174623439227215
985 1.3010299956639813 20.023207099137547
