1.721246399047171
137 1.4771212547196624 22.26891535791042
153 1.0 38.91027615891787
154 1.0 39.64347606197456
157 1.3010299956639813 40.355627938282694
158 1.3010299956639813 34.64884871982456
159 1.3010299956639813 33.49922392874927
160 1.4771212547196624 40.68185651929256
162 1.0 27.42647719561716
338 1.0 21.754781863703386
430 1.0 21.053048712370824
431 1.0 20.115404335824383
432 1.0 24.66037937080602
433 1.0 26.035075059878718
434 1.0 24.448105419498397
513 1.0 18.984876032460487
559 1.0 32.39203154477896
850 1.0 21.84153000413391
876 1.0 27.115678493576954
928 1.4771212547196624 18.737561566460872
