1.3979400086720377
1000 1.0 16.797636183579463
170 1.4771212547196624 16.92269399053892
172 1.0 13.820669166643537
173 1.845098040014257 18.85938858887468
217 1.3010299956639813 16.75160018454076
256 1.0 16.797636183579463
286 1.0 30.579284727285547
296 1.6989700043360187 21.560794875219035
311 1.0 18.601480963958362
359 1.0 13.553227307353156
360 1.0 13.596759086117835
361 1.4771212547196624 13.596759086117833
362 1.0 13.983516145523103
372 1.0 16.799196227548762
373 1.4771212547196624 15.930282308948243
38 1.4771212547196624 15.275369084039284
44 1.0 15.731627971229939
458 1.4771212547196624 17.695365074715316
482 1.4771212547196624 19.755861749534457
493 1.4771212547196624 15.275369084039284
523 1.6020599913279625 19.697674446970826
530 1.6020599913279625 17.01946628290197
55 1.0 16.140070803745896
564 1.0 15.731627971229939
565 1.0 25.067378635529828
566 1.0 24.435514902659826
604 1.0 16.140070803745896
616 1.3010299956639813 23.902881671535816
64 1.0 16.737458178003557
661 1.0 17.17957125410552
665 1.4771212547196624 20.62218664974217
712 1.0 16.737458178003557
713 2.3222192947339195 16.184280047905055
714 1.0 12.854652307615794
716 1.0 12.854652307615794
726 1.0 15.370445248663776
811 1.0 19.284259305458484
908 1.4771212547196624 18.24824091238585
926 1.3010299956639813 15.604094532541186
954 1.4771212547196624 20.62218664974217
