1.0177287669604316
121 1.3010299956639813 25.97780851667672
135 1.3010299956639813 23.727421112255122
136 1.0 22.900372757632663
154 1.0 39.64347606197456
172 1.0 18.832857933573873
184 1.7781512503836436 24.619860170608522
190 1.6989700043360187 30.967630313961816
196 1.0 21.713143045615993
235 1.0 23.489746840008912
242 1.0 17.48060764330447
243 1.0 25.8105965022697
250 1.0 16.070194442289612
251 1.0 15.91714951082178
257 1.3010299956639813 32.04340428656301
258 1.3010299956639813 34.15368633845293
262 1.0 21.133916878571615
267 1.0 24.25543451426215
268 1.0 28.048590371713367
285 1.4771212547196624 30.562929415100232
289 1.0 19.318257671242296
307 1.6020599913279625 18.45025554098666
308 1.3010299956639813 17.69895328701503
309 1.0 16.353960229243555
316 1.0 16.400885878921038
322 1.0 19.969477691964787
327 1.0 32.86526353435894
336 1.0 17.48060764330447
337 1.0 25.8105965022697
374 1.7781512503836436 18.047953588423393
396 2.079181246047625 34.747346764383785
398 1.0 31.04754842191709
431 1.0 20.115404335824383
433 1.4771212547196624 26.035075059878718
440 1.4771212547196624 31.719953794102054
443 1.4771212547196624 29.509952060039822
480 1.6020599913279625 18.45025554098666
481 1.3010299956639813 17.69895328701503
482 1.0 16.353960229243555
486 1.0 19.08673079463014
497 1.0 22.57404561538827
500 1.7781512503836436 24.619860170608522
513 1.0 18.984876032460487
519 1.0 25.19479562289961
541 1.0 19.703508556272116
560 1.0 26.176582993590046
562 1.3010299956639813 23.455333927936188
564 1.0 25.047424451568215
572 1.4771212547196624 34.607198595571596
577 1.0 16.12113380419118
580 1.0 25.521710205582426
583 1.0 23.271290483826427
584 1.0 30.950545053399313
599 1.0 18.573663222245116
611 1.0 16.37139499661555
614 1.3010299956639813 17.258283162732244
616 1.0 16.2837123301042
617 1.0 16.258590605316485
618 1.0 15.979851330655551
619 1.0 16.002509983007247
620 1.0 15.900698718230329
621 1.0 16.187886783484302
624 1.0 16.24926695969382
631 1.0 19.950177336902193
634 1.6020599913279625 21.49965573905078
638 1.0 17.972508687822355
650 1.0 21.713143045615993
674 1.0 18.14076911717772
677 1.0 19.89770402247368
67 1.3010299956639813 17.749330468393577
770 1.0 31.04754842191709
818 1.0 19.318257671242296
820 1.6989700043360187 30.967630313961816
827 1.0 22.57404561538827
829 1.7781512503836436 24.619860170608522
850 1.3010299956639813 21.84153000413391
865 1.3010299956639813 36.420319557775116
875 1.0 22.430004022861485
877 1.0 22.430004022861485
878 1.0 33.105865818015594
891 1.7781512503836436 20.556957071190386
892 1.6020599913279625 19.44244897613975
893 1.6020599913279625 19.650125642603225
90 1.0 21.713143045615993
914 1.3010299956639813 18.44622626314255
93 1.3010299956639813 40.4099170367325
971 1.0 18.789785549650443
975 1.0 17.854534961736917
979 1.0 19.907440181516993
980 1.0 17.619733479266785
982 1.0 19.01404692868626
984 1.0 15.961555900385454
991 1.0 19.241200976831678
993 1.0 33.541218365030296
994 1.0 16.070194442289612
996 1.0 16.28971068168109
997 1.0 15.91714951082178
