1.1870866433571445
131 1.0 31.908356378043813
132 1.0 31.170157473839097
133 1.0 27.54885932499107
136 1.0 22.900372757632663
140 1.0 22.06065850896495
142 1.3010299956639813 21.606364977884798
145 1.4771212547196624 38.43033977941447
146 1.6020599913279625 38.26126400416704
148 1.0 36.70053413239285
149 1.7781512503836436 30.628195318865107
150 1.0 28.679701781112843
151 1.0 26.41677324871767
152 1.0 27.106140088612186
153 1.6989700043360187 38.91027615891787
154 1.4771212547196624 39.64347606197456
155 1.9030899869919435 32.78554205971943
156 1.6989700043360187 27.300266473449927
159 1.0 33.49922392874927
161 1.9030899869919435 29.183057629910973
162 1.9030899869919435 27.42647719561716
163 1.4771212547196624 29.043663537477517
196 1.6989700043360187 21.713143045615993
1 1.0 24.469666509833758
211 1.0 22.03031942410671
21 1.4771212547196624 18.02167784870146
237 1.0 17.76548249061496
242 1.0 17.48060764330447
244 1.0 16.48858847797927
245 1.0 15.579322499796028
272 1.3010299956639813 15.457778110651116
287 1.0 16.48858847797927
290 1.4771212547196624 17.858124243150325
291 1.0 16.58416436051082
336 1.0 17.48060764330447
345 1.0 17.350406766716183
382 1.0 23.381346006518903
386 1.0 21.856373350068075
389 1.0 22.987930278533103
398 1.0 31.04754842191709
415 1.0 19.419275690945604
42 1.0 17.338897626616056
458 1.3010299956639813 15.457778110651116
507 1.0 17.338897626616056
532 1.0 15.834509410850428
578 1.3010299956639813 17.196077893890912
60 1.6020599913279625 20.28552366248819
615 1.0 23.88195453063762
628 1.0 17.4321572644572
632 1.0 22.247424428787344
650 1.6989700043360187 21.713143045615993
731 1.0 28.951588555136127
741 1.0 21.665271886223913
748 1.0 22.56508767539272
749 1.0 20.209996528594978
770 1.0 31.04754842191709
782 1.0 28.8122112955473
822 1.0 16.58416436051082
82 1.0 16.54101827897147
84 1.0 20.94724544657274
853 1.0 16.54101827897147
89 1.0 16.48858847797927
909 1.3010299956639813 18.220820409533506
90 1.6989700043360187 21.713143045615993
936 1.0 21.526279874452115
93 1.845098040014257 40.4099170367325
