1.494850021680094
185 1.0 24.640160608655044
189 1.0 22.794574400913437
1 1.3010299956639813 24.099314783282633
200 1.0 22.625506653399253
212 1.3010299956639813 22.053003739358804
217 1.0 16.75160018454076
230 1.0 22.625506653399253
239 1.3010299956639813 16.864483145006986
240 1.3010299956639813 15.060097196541419
242 1.4771212547196624 20.34767568477578
247 1.0 17.92587263398071
248 1.0 16.370386131129504
258 1.0 32.05900432440354
259 1.0 34.168322910342354
276 1.0 20.303531424387252
336 1.0 27.213017312486674
343 1.0 22.828476621056783
344 1.3010299956639813 20.86119657744264
412 1.0 21.758302257583633
41 1.0 20.898009485572526
501 1.0 24.640160608655044
50 1.4771212547196624 14.485665386192277
528 1.4771212547196624 21.12339116570097
59 1.0 17.054311793451188
62 1.4771212547196624 20.34767568477578
646 1.0 21.019109611528222
648 1.0 22.794574400913437
654 1.0 22.625506653399253
660 1.0 17.054311793451188
69 1.0 26.43449543906486
732 1.0 28.96885361670166
819 1.0 14.38700094710823
