1.275724130399211
120 1.0 22.67074148141845
173 1.0 18.85938858887468
187 1.0 25.365184410989947
200 1.3010299956639813 22.625506653399253
207 1.0 18.798742484766407
213 1.0 19.298818028563065
215 1.0 18.71227143762001
230 1.3010299956639813 22.625506653399253
231 1.0 19.843697587754125
233 1.0 18.798742484766407
236 1.3010299956639813 23.511023087218234
237 1.0 18.99543449459334
242 1.3010299956639813 20.34767568477578
250 1.0 21.593723016307443
258 1.0 32.05900432440354
259 1.4771212547196624 34.168322910342354
280 1.0 19.375567339230585
286 1.0 30.579284727285547
296 1.0 21.560794875219035
326 1.6020599913279625 26.265110333168654
328 1.0 32.88047364596294
331 1.0 26.442768047844584
332 1.0 26.156648054217282
399 1.0 31.06364857854412
409 1.0 18.798742484766407
412 1.0 21.758302257583633
499 1.0 19.843697587754125
505 1.0 17.827254209129045
520 1.3010299956639813 25.214633181541256
523 1.3010299956639813 19.697674446970826
534 1.0 19.72223251625476
546 1.0 23.31908484052949
562 1.0 20.63816033660684
565 1.3010299956639813 25.067378635529828
566 1.4771212547196624 24.435514902659826
567 1.3010299956639813 23.07027838400899
572 1.0 29.842988809469816
577 1.0 21.541085769479377
582 1.0 26.849702075967517
62 1.3010299956639813 20.34767568477578
643 1.0 19.64025085319644
644 1.0 19.655188678913582
654 1.3010299956639813 22.625506653399253
656 1.0 19.843697587754125
659 1.0 18.798742484766407
665 1.0 20.62218664974217
733 1.0 24.09659662047416
772 1.0 31.06364857854412
84 1.0 25.365184410989947
954 1.0 20.62218664974217
978 1.0 19.932540595234652
982 1.3010299956639813 19.85729433713603
990 1.0 19.267169356987246
