0.8794260687941502
104 1.0 21.315476777332258
122 1.0 21.918380641831487
159 1.0 33.49922392874927
186 1.0 25.345464687070297
189 1.0 20.697181124016947
190 1.0 30.967630313961816
193 1.0 17.74702978158316
200 1.0 16.645211904679204
204 1.0 18.43335978124768
208 1.3010299956639813 19.715082278253885
209 1.0 20.72532624391316
210 1.845098040014257 19.851353724768064
216 1.0 16.721725650862297
231 1.0 18.43335978124768
233 1.0 20.72532624391316
235 1.3010299956639813 23.489746840008912
243 1.0 25.8105965022697
244 1.4771212547196624 16.48858847797927
257 1.3010299956639813 32.04340428656301
258 1.3010299956639813 34.15368633845293
260 1.6020599913279625 40.46004416097286
262 2.3222192947339195 21.133916878571615
263 2.4471580313422194 18.961368666684063
264 2.0413926851582254 16.714220604471006
265 2.0413926851582254 23.98572466518575
278 1.0 17.70612989299446
280 1.0 20.36083120666262
284 1.0 27.31523209193297
287 1.4771212547196624 16.48858847797927
288 1.4771212547196624 19.392382017280667
289 1.6989700043360187 19.318257671242296
290 1.4771212547196624 17.858124243150325
291 1.0 16.58416436051082
292 1.0 13.016779750010134
294 1.4771212547196624 18.739543300973466
296 1.4771212547196624 18.417536610152265
298 1.0 12.997490719339234
300 1.0 12.803701222666417
301 1.6020599913279625 15.848797334570648
305 1.0 18.712967679843132
314 1.0 16.038281372083322
315 1.3010299956639813 16.836578834986856
324 1.0 15.723543941848508
325 1.0 26.246066768442137
326 1.0 21.385169256471997
327 1.0 32.86526353435894
328 1.3010299956639813 24.20016866097684
334 1.4771212547196624 26.57358007912264
335 1.6989700043360187 27.194637545841633
337 1.0 25.8105965022697
341 1.4771212547196624 19.392382017280667
396 1.3010299956639813 34.747346764383785
409 1.0 20.72532624391316
43 1.3010299956639813 17.11189632348561
455 1.0 18.409755324317654
457 1.0 24.521319277035015
459 1.0 16.318175390056652
471 1.7781512503836436 26.179338818270686
477 1.0 18.712967679843132
47 1.0 19.524027135780376
499 1.6020599913279625 27.781754633425805
503 1.4771212547196624 18.364443485111277
512 1.3010299956639813 17.487616504038936
514 1.0 23.1822442953396
519 1.0 25.19479562289961
523 1.0 18.160502520733715
530 1.0 20.54820717542731
531 1.0 19.203803572139346
534 1.6020599913279625 18.11192779687125
536 1.3010299956639813 17.11189632348561
545 1.0 23.297633308982533
546 1.0 20.3971096387274
551 1.0 21.162559580914515
553 1.6020599913279625 17.922498457011667
554 1.6989700043360187 22.40007556792627
555 1.3010299956639813 21.325804237253536
558 1.0 21.15084713075001
55 1.9030899869919435 16.109062218202855
560 1.0 26.176582993590046
567 1.0 16.259911412831926
570 1.3010299956639813 19.48325860666556
572 2.0 34.607198595571596
581 1.0 26.831073433021917
584 1.3010299956639813 30.950545053399313
591 1.3010299956639813 15.92624199010319
593 1.3010299956639813 21.456267665239462
595 1.0 12.803701222666417
599 1.4771212547196624 18.573663222245116
59 1.0 17.024968450726956
5 1.0 18.45678502981382
602 1.0 12.803701222666417
603 1.9030899869919435 16.109062218202855
604 1.3010299956639813 16.848497544115553
610 1.3010299956639813 16.926793752845303
612 1.0 22.300659992929845
615 1.6020599913279625 23.88195453063762
646 1.6020599913279625 18.504078859130104
649 1.0 17.74702978158316
656 1.0 18.43335978124768
659 1.0 17.024968450726956
660 1.3010299956639813 17.15044222388708
689 1.0 16.928793195831474
805 1.3010299956639813 24.462808310936932
806 1.0 27.27436952647854
818 1.6989700043360187 19.318257671242296
819 1.0 20.697181124016947
820 1.0 30.967630313961816
822 1.0 16.58416436051082
828 1.6020599913279625 27.781754633425805
831 1.0 15.854309531641922
83 1.0 25.345464687070297
865 1.0 36.420319557775116
86 1.6020599913279625 24.815590935179138
887 1.0 16.038281372083322
888 1.3010299956639813 16.836578834986856
89 1.4771212547196624 16.48858847797927
912 1.845098040014257 21.510199531662707
917 1.0 20.297410938444266
928 1.0 18.737561566460872
936 1.0 21.526279874452115
941 1.0 16.02177904462421
948 1.6020599913279625 19.383510389270164
952 1.3010299956639813 25.38787746985513
959 1.0 20.989047238821517
967 1.3010299956639813 20.350189453749287
971 1.4771212547196624 18.789785549650443
972 1.3010299956639813 19.669462220826514
975 1.6020599913279625 17.854534961736917
979 1.0 19.907440181516993
980 1.0 17.619733479266785
991 1.6020599913279625 19.241200976831678
993 1.0 33.541218365030296
