1.3565473235138126
189 1.6020599913279625 20.697181124016947
190 1.6989700043360187 30.967630313961816
1 1.0 24.469666509833758
206 1.0 18.772126118491787
232 1.0 18.772126118491787
246 1.0 17.897958254775837
277 1.3010299956639813 24.417648522770687
2 1.4771212547196624 25.653725024939046
399 1.0 19.13339458833571
3 1.4771212547196624 25.653725024939046
404 1.3010299956639813 14.731292035069075
405 1.3010299956639813 17.108838352647496
406 1.3010299956639813 16.1759267221591
407 1.845098040014257 14.742151426884002
408 1.0 18.772126118491787
410 1.4771212547196624 18.329720020247976
412 1.6989700043360187 19.41595254379453
413 1.3010299956639813 19.214693399908615
416 1.0 18.61566394013484
41 1.0 20.87407005016222
420 1.0 22.69268235247738
421 1.0 19.170545066323047
422 1.845098040014257 15.318690066440361
433 1.0 26.035075059878718
440 1.0 31.719953794102054
539 1.0 23.34826527667759
543 1.0 21.709967055619686
658 1.0 18.772126118491787
77 1.6020599913279625 16.876185748875265
799 1.3010299956639813 21.750977795505374
7 1.3010299956639813 20.637992374919182
800 1.0 21.474900607430737
801 1.845098040014257 16.7176380868533
805 1.9030899869919435 24.462808310936932
806 1.9542425094393248 27.27436952647854
807 2.113943352306837 23.916854058840084
812 1.0 21.474900607430737
813 2.0 20.580671285807178
814 2.0413926851582254 26.382740623521833
815 1.6020599913279625 16.876185748875265
819 1.6020599913279625 20.697181124016947
820 1.6989700043360187 30.967630313961816
987 1.0 21.088601776656837
992 1.0 20.972634792127216
