1.4436974992327127
199 1.6020599913279625 19.95515608969582
204 1.4771212547196624 17.837739327910686
205 1.0 18.460464588544884
210 1.4771212547196624 20.74943729156614
229 1.6020599913279625 19.919432784468437
232 1.0 18.460464588544884
234 1.4771212547196624 20.74943729156614
237 1.0 18.99543449459334
258 1.0 32.05900432440354
278 1.0 24.438116936080927
290 1.0 19.344122607461724
340 1.4771212547196624 17.837739327910686
346 1.0 17.379200642449316
397 1.0 34.76173337398946
410 1.4771212547196624 20.74943729156614
41 1.0 20.898009485572526
42 1.0 17.36771058332882
43 1.0 17.141090857518964
494 1.0 22.47464478924292
49 1.0 16.36609320638818
500 1.0 27.79974623106974
508 1.0 17.36771058332882
520 1.0 25.214633181541256
525 1.0 20.543320381954224
537 1.0 17.141090857518964
562 1.0 20.63816033660684
59 1.0 17.054311793451188
5 1.0 18.48385548625501
653 1.6020599913279625 19.95515608969582
655 1.0 22.47464478924292
657 1.0 18.460464588544884
660 1.0 17.054311793451188
774 1.0 23.139038800697477
821 1.0 19.344122607461724
831 1.0 27.79974623106974
991 1.0 20.996461847748183
