1.721246399047171
110 1.0 14.809660053849848
257 1.0 32.04340428656301
258 1.0 34.15368633845293
259 1.6020599913279625 27.067295817703585
260 1.6020599913279625 40.46004416097286
262 1.0 21.133916878571615
263 1.4771212547196624 18.961368666684063
282 1.0 19.08990744429096
324 1.0 15.723543941848508
325 1.0 26.246066768442137
335 1.0 27.194637545841633
576 1.4771212547196624 21.517861792661158
578 1.3010299956639813 17.196077893890912
580 1.0 25.521710205582426
581 1.845098040014257 26.831073433021917
584 1.3010299956639813 30.950545053399313
645 1.0 20.99530825830948
660 1.0 17.15044222388708
974 1.0 18.84312245235009
