1.7695510786217261
173 1.0 18.85938858887468
219 1.0 20.060459993820544
260 1.0 27.085761995614487
267 1.3010299956639813 20.272569941821523
326 1.0 26.265110333168654
327 1.0 21.408537178610665
329 1.0 24.220820861806594
520 1.0 25.214633181541256
565 1.0 25.067378635529828
566 1.0 24.435514902659826
570 1.4771212547196624 35.00523577088447
571 1.0 19.508904785615407
581 1.0 25.541293855592556
635 1.0 21.5228993608598
662 1.0 19.61461115210067
771 1.0 19.405549325281637
83 1.0 16.202098073055122
