1.6382721639824072
185 1.845098040014257 24.640160608655044
190 1.3010299956639813 20.72132492096882
191 1.9542425094393248 30.983771998615772
27 1.0 16.156094595531805
326 1.0 26.265110333168654
328 1.0 32.88047364596294
397 1.4771212547196624 34.76173337398946
459 1.0 24.541701226408268
501 1.845098040014257 24.640160608655044
510 1.3010299956639813 21.594628676437562
515 1.3010299956639813 23.20380250236597
555 1.4771212547196624 22.42238581080986
561 1.0 26.19567707123272
567 1.0 23.07027838400899
634 1.0 20.53889892996114
680 1.0 15.775358504069235
698 1.0 13.240850542867113
815 1.0 20.604951603302737
822 1.3010299956639813 20.72132492096882
823 1.9542425094393248 30.983771998615772
944 1.0 19.917140587765708
992 1.0 33.556122085405605
995 1.0 16.320376040179806
