1.1426675035687315
105 1.0 21.33892101876266
107 1.0 21.261407681253527
146 1.0 38.443348131520054
147 1.0 38.27432982034523
148 1.0 39.73153365749456
149 1.0 36.714155384577936
173 1.0 18.85938858887468
176 1.0 22.379256958057034
187 1.3010299956639813 25.365184410989947
19 1.0 22.906892828979473
211 1.0 19.87652496554322
213 1.0 19.298818028563065
223 1.0 19.5018082949504
22 1.0 20.042266187907835
248 1.0 16.370386131129504
249 1.0 22.75668213035031
250 1.0 21.593723016307443
258 1.3010299956639813 32.05900432440354
259 1.4771212547196624 34.168322910342354
25 1.0 18.174910176754217
261 1.0 40.472400145134394
266 1.0 24.006561347142163
276 1.0 20.303531424387252
286 1.3010299956639813 30.579284727285547
289 1.0 19.41814822026422
296 1.0 21.560794875219035
31 1.845098040014257 15.977249114874716
326 1.0 26.265110333168654
327 1.0 21.408537178610665
328 1.7781512503836436 32.88047364596294
331 1.0 26.442768047844584
332 1.3010299956639813 26.156648054217282
342 1.0 19.41814822026422
343 1.0 22.828476621056783
344 1.0 20.86119657744264
345 1.0 19.45537620834872
370 1.0 13.15738014197561
397 1.0 34.76173337398946
413 1.0 19.441687508621293
414 1.0 19.240697556286563
444 1.0 29.526890635247195
471 1.0 24.01537280312254
523 1.3010299956639813 19.697674446970826
530 1.0 17.01946628290197
555 1.0 22.42238581080986
558 1.0 29.49056558466878
605 1.0 16.87814769144019
606 1.0 18.53110082385229
64 1.0 16.737458178003557
65 1.0 18.842982330593173
678 1.0 19.909993307821388
67 1.0 17.777478226009574
685 1.0 17.991995194459328
694 1.0 18.13228138623654
712 1.0 16.737458178003557
812 1.0 18.445184780380607
84 1.3010299956639813 25.365184410989947
852 1.0 21.864410189197464
854 1.0 20.336569559735775
864 1.0 22.523102482333243
867 1.0 36.43404557128479
878 1.3010299956639813 27.134111744574057
87 1.0 24.835731385689954
880 1.0 33.12096543823041
966 1.0 20.37474443529265
968 1.7781512503836436 20.745195199857015
969 1.0 20.598971129752556
970 1.0 18.816376936112132
972 1.0 19.608298803683244
986 1.0 21.11229795390388
990 1.3010299956639813 19.267169356987246
991 1.0 20.996461847748183
