1.6020599913279623
161 1.0 40.68786868352573
190 1.6989700043360187 20.72132492096882
191 1.0 30.983771998615772
228 1.3010299956639813 19.271408794907185
259 1.0 34.168322910342354
260 1.0 27.085761995614487
261 1.3010299956639813 40.472400145134394
397 1.0 34.76173337398946
434 1.0 26.054272842923844
497 1.0 21.557388215952543
498 1.0 22.596184090364247
553 1.4771212547196624 20.46546645488232
561 1.6989700043360187 26.19567707123272
573 1.3010299956639813 34.62164344212061
583 1.3010299956639813 25.011711924712642
584 1.0 23.292766275876946
751 1.0 24.759982935078224
754 1.0 21.72844942797455
822 1.6989700043360187 20.72132492096882
823 1.0 30.983771998615772
829 1.0 21.557388215952543
830 1.0 22.596184090364247
917 1.3010299956639813 21.083151146519995
930 1.0 22.37231226242215
939 1.0 19.57746517154891
