1.6989700043360187
122 1.0 21.918380641831487
189 1.6020599913279625 20.697181124016947
190 1.3010299956639813 30.967630313961816
289 1.0 19.318257671242296
379 1.0 15.583202002844317
421 1.3010299956639813 19.170545066323047
457 1.4771212547196624 24.521319277035015
496 1.0 21.534181820846815
556 1.0 32.02299329624464
557 1.0 29.473606133346674
731 1.3010299956639813 28.951588555136127
773 1.0 23.472958228275314
818 1.0 19.318257671242296
819 1.6020599913279625 20.697181124016947
820 1.3010299956639813 30.967630313961816
826 1.0 21.534181820846815
850 1.3010299956639813 21.84153000413391
852 1.0 20.31196842893302
914 1.0 18.44622626314255
91 1.3010299956639813 21.379518228894476
