1.6777807052660807
107 1.3010299956639813 21.261407681253527
132 1.3010299956639813 31.9240224086541
134 1.0 27.567002922119546
141 1.0 22.083311659467373
146 1.0 38.443348131520054
148 1.3010299956639813 39.73153365749456
156 1.0 32.80078913912944
161 1.3010299956639813 40.68786868352573
348 1.0 18.44095543145629
432 1.0 20.140245569349506
68 1.0 17.582897293622267
852 1.4771212547196624 21.864410189197464
867 1.4771212547196624 36.43404557128479
877 1.4771212547196624 22.452284526648562
878 1.845098040014257 27.134111744574057
879 1.4771212547196624 22.452284526648562
880 1.845098040014257 33.12096543823041
92 1.0 21.402892320890444
94 1.6020599913279625 40.42228834338309
960 1.0 20.844073091142132
969 1.0 20.598971129752556
