1.6575773191777938
127 1.0 17.367910512582892
132 1.0 31.9240224086541
133 1.0 31.18619433249154
187 1.0 25.365184410989947
194 1.0 17.77518118243523
203 1.0 18.47845587465186
224 1.0 18.47845587465186
227 1.0 16.92409468367376
283 1.3010299956639813 19.116081351354293
286 1.0 30.579284727285547
448 1.0 18.647997157938995
546 1.0 23.31908484052949
597 1.0 19.996338987916545
61 1.0 18.47845587465186
650 1.0 17.77518118243523
83 1.6989700043360187 16.202098073055122
84 1.0 25.365184410989947
852 1.0 21.864410189197464
969 1.0 20.598971129752556
970 1.0 18.816376936112132
974 1.0 17.88251712427213
978 1.0 19.932540595234652
