1.5528419686577808
122 1.3010299956639813 25.99704858881334
123 1.0 21.94118068747015
160 1.0 33.51414632402991
173 1.0 18.85938858887468
193 1.0 19.923584188401467
260 1.3010299956639813 27.085761995614487
261 2.204119982655925 40.472400145134394
263 1.3010299956639813 21.157562303591927
264 1.0 18.98771976077981
267 1.0 20.272569941821523
268 1.0 24.276039699169623
269 1.4771212547196624 28.06641091839446
327 1.3010299956639813 21.408537178610665
328 1.0 32.88047364596294
330 1.0 25.015154858124397
558 1.0 29.49056558466878
560 1.7781512503836436 32.40746376373745
561 1.0 26.19567707123272
562 1.3010299956639813 20.63816033660684
566 1.0 24.435514902659826
570 1.6020599913279625 35.00523577088447
573 1.3010299956639813 34.62164344212061
583 1.3010299956639813 25.011711924712642
585 1.3010299956639813 30.96669564390913
60 1.0 20.310156825129837
649 1.0 19.923584188401467
732 1.0 28.96885361670166
754 1.4771212547196624 21.72844942797455
