1.7695510786217261
134 1.0 27.567002922119546
146 1.3010299956639813 38.443348131520054
147 1.3010299956639813 38.27432982034523
148 1.0 39.73153365749456
149 1.0 36.714155384577936
151 1.4771212547196624 28.69713041845068
158 1.3010299956639813 40.36801588254125
162 1.0 29.200185832126223
22 1.0 20.042266187907835
383 1.0 23.402720804995248
390 1.0 23.009670542854348
736 1.0 26.48297924216182
738 1.0 23.256531591422583
742 1.0 21.68833801617828
780 1.0 29.39263705080337
784 1.0 28.829559825624525
882 1.0 18.91930081490118
