1.4202164033831899
198 1.0 19.930084158480717
200 1.0 16.645211904679204
201 1.0 16.17188991882234
203 1.3010299956639813 17.809686811690188
216 1.0 16.721725650862297
218 1.0 20.03551983762025
228 1.0 19.894315832793946
230 1.0 19.818484653329044
237 1.0 17.76548249061496
296 1.0 18.417536610152265
335 1.3010299956639813 27.194637545841633
339 1.3010299956639813 17.809686811690188
345 1.0 17.350406766716183
365 1.0 13.207443168920843
47 1.0 19.524027135780376
493 1.7781512503836436 22.45238647455196
498 1.0 19.818484653329044
517 1.4771212547196624 17.875039909680364
522 1.0 19.672274363144883
524 1.0 20.518967135692183
533 1.4771212547196624 19.696864101303447
534 1.0 18.11192779687125
538 1.0 20.55751044757001
539 1.0 23.34826527667759
548 1.3010299956639813 19.647259077738575
550 1.0 15.617241077585044
592 1.0 18.068207751312215
64 1.3010299956639813 16.707558357235154
652 1.0 19.930084158480717
654 1.7781512503836436 22.45238647455196
655 1.0 19.818484653329044
660 1.0 17.15044222388708
711 1.3010299956639813 16.707558357235154
74 1.0 13.282942259163587
941 1.0 16.02177904462421
960 1.0 19.164284103879986
973 1.0 19.582782794447926
993 1.3010299956639813 33.541218365030296
