1.4685210829577449
132 1.6020599913279625 31.9240224086541
133 1.4771212547196624 31.18619433249154
134 1.6020599913279625 27.567002922119546
135 1.4771212547196624 29.53008637972915
141 1.0 22.083311659467373
142 1.0 19.04038571666816
143 1.4771212547196624 21.629493927449314
146 1.6020599913279625 38.443348131520054
147 1.4771212547196624 38.27432982034523
148 1.6020599913279625 39.73153365749456
149 1.3010299956639813 36.714155384577936
154 1.4771212547196624 38.92312411360697
155 1.7781512503836436 39.65608647202028
156 1.4771212547196624 32.80078913912944
157 1.0 27.318575173705053
158 1.6989700043360187 40.36801588254125
159 1.9030899869919435 34.663276209978875
160 1.7781512503836436 33.51414632402991
161 2.0 40.68786868352573
162 1.7781512503836436 29.200185832126223
163 1.6989700043360187 27.444701699266258
164 1.6989700043360187 29.060873897358988
192 1.0 16.982274168574502
244 1.3010299956639813 25.829961126625353
24 1.0 22.714650363605696
338 1.3010299956639813 25.829961126625353
486 1.3010299956639813 18.698257556219072
488 1.3010299956639813 18.91692636651541
672 1.0 19.607432276969973
773 1.3010299956639813 25.098242467704086
824 1.0 16.982274168574502
852 1.0 21.864410189197464
867 1.0 36.43404557128479
883 1.0 16.982274168574502
