1.494850021680094
135 1.0 29.53008637972915
141 1.0 22.083311659467373
146 1.0 38.443348131520054
147 1.0 38.27432982034523
148 1.0 39.73153365749456
149 1.3010299956639813 36.714155384577936
150 1.0 30.64451579794581
151 1.0 28.69713041845068
152 1.0 26.43569384136088
153 1.0 27.124579821694358
154 1.0 38.92312411360697
155 1.0 39.65608647202028
156 1.3010299956639813 32.80078913912944
158 1.0 40.36801588254125
159 1.4771212547196624 34.663276209978875
161 1.6020599913279625 40.68786868352573
162 1.0 29.200185832126223
164 1.0 29.060873897358988
285 1.0 27.333530767834674
29 1.6020599913279625 14.025015129906466
2 1.0 25.673207973589584
31 1.3010299956639813 15.977249114874716
348 1.0 18.44095543145629
353 1.0 25.406505472371265
3 1.0 25.673207973589584
486 1.0 18.698257556219072
489 1.3010299956639813 18.813161782127867
691 1.0 20.252883122476465
69 1.0 26.43449543906486
779 1.0 28.58117033955364
852 1.0 21.864410189197464
859 1.0 17.03148242460064
