1.6575773191777938
153 1.0 38.91027615891787
155 1.0 32.78554205971943
188 1.3010299956639813 22.772628792451215
256 1.0 14.651068157152437
307 1.3010299956639813 18.45025554098666
378 1.3010299956639813 24.653480438007165
401 1.0 24.1565533242725
421 1.0 19.170545066323047
480 1.3010299956639813 18.45025554098666
526 1.0 20.589360185649852
56 1.0 16.008658872883498
577 1.3010299956639813 16.12113380419118
625 1.0 16.008658872883498
647 1.3010299956639813 22.772628792451215
775 1.0 24.1565533242725
780 1.0 28.653172853466874
781 1.0 24.215767859390553
782 1.3010299956639813 28.8122112955473
807 1.3010299956639813 23.916854058840084
86 1.0 24.815590935179138
894 1.0 16.508326051842978
99 1.0 16.508326051842978
