1.3565473235138126
112 1.0 16.952806137528757
131 1.6989700043360187 31.908356378043813
132 1.3010299956639813 31.170157473839097
133 1.0 27.54885932499107
134 1.3010299956639813 29.51314963866556
135 1.4771212547196624 23.727421112255122
137 1.0 22.26891535791042
139 1.3010299956639813 21.045092986540304
140 1.0 22.06065850896495
142 1.4771212547196624 21.606364977884798
145 1.6989700043360187 38.43033977941447
146 1.7781512503836436 38.26126400416704
147 1.845098040014257 39.718947201261805
148 1.7781512503836436 36.70053413239285
153 1.3010299956639813 38.91027615891787
154 2.0 39.64347606197456
155 1.4771212547196624 32.78554205971943
157 2.0413926851582254 40.355627938282694
158 1.6020599913279625 34.64884871982456
159 1.6020599913279625 33.49922392874927
160 2.079181246047625 40.68185651929256
161 1.0 29.183057629910973
162 1.0 27.42647719561716
163 1.3010299956639813 29.043663537477517
191 1.0 16.952806137528757
19 1.6020599913279625 22.88505492845388
1 1.3010299956639813 24.469666509833758
347 1.3010299956639813 18.41382190706093
411 1.0 21.73531037580023
485 1.0 18.6714979484428
487 1.6020599913279625 18.890476520092495
63 1.0 17.343081378405795
65 1.6020599913279625 18.816428542926165
670 1.0 20.6370767184495
684 1.0 17.964183562785355
693 1.0 18.104685257403954
771 1.0 25.078312841330952
821 1.0 16.952806137528757
850 1.6020599913279625 21.84153000413391
865 1.6020599913279625 36.420319557775116
871 1.6989700043360187 25.16854217073077
875 1.0 22.430004022861485
877 1.0 22.430004022861485
93 2.4771212547196626 40.4099170367325
