1.3565473235138126
107 1.0 21.261407681253527
132 1.0 31.9240224086541
155 1.0 39.65608647202028
158 1.0 40.36801588254125
159 1.3010299956639813 34.663276209978875
162 1.0 29.200185832126223
164 1.0 29.060873897358988
176 1.3010299956639813 22.379256958057034
191 1.0 30.983771998615772
258 1.0 32.05900432440354
25 1.3010299956639813 18.174910176754217
26 1.0 18.64575497280853
2 1.0 25.673207973589584
398 1.0 15.625142616904517
399 1.3010299956639813 31.06364857854412
3 1.0 25.673207973589584
441 1.0 31.735712827979288
444 1.6020599913279625 29.526890635247195
448 1.0 18.647997157938995
486 1.0 18.698257556219072
500 1.3010299956639813 27.79974623106974
525 1.0 20.543320381954224
528 1.0 21.12339116570097
546 1.0 23.31908484052949
672 1.0 19.607432276969973
681 1.0 17.041421373778608
691 1.0 20.252883122476465
69 1.0 26.43449543906486
770 1.0 15.625142616904517
772 1.3010299956639813 31.06364857854412
774 1.3010299956639813 23.139038800697477
7 1.0 20.662205334068826
803 1.0 16.74751991200512
807 1.0 24.483238969908477
808 1.0 27.292695599132404
809 1.3010299956639813 23.93775068948324
816 1.0 26.40168560543113
823 1.0 30.983771998615772
831 1.3010299956639813 27.79974623106974
867 1.3010299956639813 36.43404557128479
880 1.3010299956639813 33.12096543823041
966 1.0 20.37474443529265
975 1.0 19.03717677110868
986 1.0 21.11229795390388
