1.721246399047171
145 1.0 38.43033977941447
146 1.0 38.26126400416704
147 1.0 39.718947201261805
153 1.3010299956639813 38.91027615891787
155 1.0 32.78554205971943
160 1.0 40.68185651929256
252 1.3010299956639813 16.401453406092962
389 1.6989700043360187 22.987930278533103
395 1.0 14.758399668360488
680 1.3010299956639813 17.012055796954062
685 1.0 17.175414668708417
686 1.0 17.162340194417848
745 1.0 19.115864173216895
748 1.0 22.56508767539272
765 1.0 12.803701222666417
771 1.9030899869919435 25.078312841330952
850 1.0 21.84153000413391
976 1.0 19.01089422974206
998 1.3010299956639813 16.401453406092962
