1.721246399047171
134 1.0 29.51314963866556
135 1.0 23.727421112255122
158 1.0 34.64884871982456
159 1.3010299956639813 33.49922392874927
190 1.0 30.967630313961816
204 1.0 18.43335978124768
231 1.0 18.43335978124768
338 1.0 21.754781863703386
452 1.4771212547196624 19.142693477683043
470 1.0 23.994543772969674
485 1.0 18.6714979484428
518 1.0 20.682013519960595
539 1.0 23.34826527667759
541 1.6989700043360187 19.703508556272116
656 1.0 18.43335978124768
776 1.0 25.809572659595812
778 1.0 29.375621062375156
820 1.0 30.967630313961816
920 1.3010299956639813 17.092496631953207
