1.6989700043360187
243 1.0 25.8105965022697
257 1.6020599913279625 32.04340428656301
258 1.0 34.15368633845293
266 1.0 20.247891051811926
270 1.3010299956639813 27.27789276817213
278 1.0 17.70612989299446
285 1.0 30.562929415100232
294 1.0 18.739543300973466
337 1.0 25.8105965022697
562 1.3010299956639813 23.455333927936188
583 1.0 23.271290483826427
60 1.0 20.28552366248819
634 1.0 21.49965573905078
662 1.0 19.41917384237332
969 1.0 20.721079216106737
975 1.0 17.854534961736917
977 1.3010299956639813 19.099167857362065
986 1.0 19.998220484206893
987 1.0 21.088601776656837
992 1.0 20.972634792127216
