1.4202164033831899
205 1.0 18.02662549969417
238 1.6989700043360187 16.834808931146938
257 1.4771212547196624 32.04340428656301
262 1.3010299956639813 21.133916878571615
281 1.0 18.79756428818881
324 1.0 15.723543941848508
326 1.6020599913279625 21.385169256471997
329 1.0 24.995158982809944
330 1.0 26.423852520632007
398 1.3010299956639813 31.04754842191709
415 1.3010299956639813 19.419275690945604
452 1.3010299956639813 19.142693477683043
471 1.0 26.179338818270686
540 1.0 18.8619507228725
549 1.0 22.395775493328287
551 1.0 21.162559580914515
569 1.0 34.990949277994865
642 1.0 19.614776409036214
657 1.0 18.02662549969417
65 1.0 18.816428542926165
664 1.0 20.597926648495577
673 1.0 19.039369057845647
681 1.0 18.065059521538757
68 1.0 17.554437536932625
690 1.0 20.22818021406503
770 1.3010299956639813 31.04754842191709
806 1.3010299956639813 27.27436952647854
80 1.0 15.680631610845849
814 1.0 26.382740623521833
871 1.0 25.16854217073077
878 1.0 33.105865818015594
919 1.3010299956639813 24.20144514632048
92 1.0 19.083829329388184
938 1.4771212547196624 17.459496507758143
952 1.0 25.38787746985513
955 1.0 20.597926648495577
956 1.0 19.332344149929916
982 1.0 19.01404692868626
