1.275724130399211
172 1.0 18.832857933573873
184 1.4771212547196624 24.619860170608522
190 1.0 30.967630313961816
202 1.0 18.45137749631327
207 1.0 18.0557751805786
223 1.0 18.45137749631327
224 1.0 18.0557751805786
227 1.0 19.245446135136124
230 1.0 19.818484653329044
235 1.0 23.489746840008912
236 1.0 18.969094117495082
243 1.0 25.8105965022697
258 1.0 34.15368633845293
266 1.0 20.247891051811926
267 1.0 24.25543451426215
284 1.0 27.31523209193297
322 1.0 19.969477691964787
325 1.3010299956639813 26.246066768442137
327 1.0 32.86526353435894
330 1.0 26.423852520632007
331 1.0 26.137525464974466
337 1.0 25.8105965022697
398 1.4771212547196624 31.04754842191709
413 1.0 19.214693399908615
496 1.0 21.534181820846815
498 1.0 19.818484653329044
500 1.4771212547196624 24.619860170608522
519 1.0 25.19479562289961
522 1.0 19.672274363144883
546 1.0 20.3971096387274
559 1.0 32.39203154477896
561 1.0 20.6139191343978
564 1.0 25.047424451568215
565 1.0 24.415044307928472
576 1.0 21.517861792661158
581 1.0 26.831073433021917
592 1.0 18.068207751312215
605 1.0 18.5040994848109
61 1.0 18.45137749631327
642 1.0 19.614776409036214
643 1.0 19.629733620293802
655 1.0 19.818484653329044
666 1.0 20.41689440117043
731 1.0 28.951588555136127
770 1.4771212547196624 31.04754842191709
772 1.0 23.117420198200822
820 1.0 30.967630313961816
826 1.0 21.534181820846815
829 1.4771212547196624 24.619860170608522
960 1.3010299956639813 19.164284103879986
971 1.0 18.789785549650443
974 1.0 18.84312245235009
991 1.0 19.241200976831678
