1.4436974992327127
131 1.3010299956639813 31.908356378043813
132 1.0 31.170157473839097
135 1.0 23.727421112255122
136 1.0 22.900372757632663
142 1.0 21.606364977884798
145 1.7781512503836436 38.43033977941447
146 1.845098040014257 38.26126400416704
147 2.079181246047625 39.718947201261805
148 1.0 36.70053413239285
150 1.0 28.679701781112843
151 1.0 26.41677324871767
152 1.3010299956639813 27.106140088612186
153 1.4771212547196624 38.91027615891787
158 1.0 34.64884871982456
159 1.0 33.49922392874927
162 1.0 27.42647719561716
184 1.0 24.619860170608522
21 1.0 18.02167784870146
382 1.0 23.381346006518903
389 1.0 22.987930278533103
430 1.3010299956639813 21.053048712370824
432 1.3010299956639813 24.66037937080602
434 1.3010299956639813 24.448105419498397
436 1.0 16.48783672419816
437 1.3010299956639813 16.500863545850883
443 1.4771212547196624 29.509952060039822
500 1.0 24.619860170608522
735 1.0 26.464092456397857
737 1.0 23.235022308206137
741 1.0 21.665271886223913
748 1.0 22.56508767539272
749 1.0 20.209996528594978
78 1.0 15.30986183139676
807 1.0 23.916854058840084
829 1.0 24.619860170608522
93 1.3010299956639813 40.4099170367325
