1.744727494896694
173 1.3010299956639813 18.85938858887468
341 1.0 20.951702374187988
375 1.4771212547196624 18.075636329874662
397 1.0 34.76173337398946
431 1.0 21.076784861203542
433 1.0 24.68064648083747
435 1.0 24.468548355039516
459 1.0 24.541701226408268
497 1.0 21.557388215952543
498 1.0 22.596184090364247
515 1.0 23.20380250236597
572 1.0 29.842988809469816
732 1.0 28.96885361670166
737 1.0 14.898514552522053
774 1.0 23.139038800697477
829 1.0 21.557388215952543
830 1.0 22.596184090364247
94 1.0 40.42228834338309
