1.408935392973501
189 1.6989700043360187 22.794574400913437
194 1.3010299956639813 17.77518118243523
199 1.0 19.95515608969582
209 1.6020599913279625 19.7404272810474
216 1.0 16.421261094972383
229 1.0 19.919432784468437
402 1.6989700043360187 24.177242781351655
500 1.4771212547196624 27.79974623106974
527 1.6989700043360187 20.61363026869414
541 1.9542425094393248 18.888440514559967
544 1.0 21.7329857487666
549 1.9542425094393248 19.672691459680365
550 1.0 22.418090015600434
551 1.0 15.64922422599311
553 1.0 20.46546645488232
555 1.4771212547196624 22.42238581080986
598 1.7781512503836436 19.920097781606806
633 1.0 22.269887599954423
648 1.6989700043360187 22.794574400913437
650 1.3010299956639813 17.77518118243523
653 1.0 19.95515608969582
777 1.6989700043360187 24.177242781351655
779 1.9030899869919435 28.58117033955364
782 1.3010299956639813 28.670617617530514
831 1.4771212547196624 27.79974623106974
87 1.0 24.835731385689954
917 1.0 21.083151146519995
918 2.0 24.222096258795588
934 1.0 16.479445906159526
936 2.113943352306837 20.64389709578883
939 2.0 19.57746517154891
942 2.113943352306837 19.45006435459591
944 1.9542425094393248 19.917140587765708
952 1.9030899869919435 19.20083241364576
953 1.6989700043360187 19.129941566095997
956 1.9030899869919435 20.484965365855015
957 1.9542425094393248 18.152757365381166
976 1.4771212547196624 19.12532909112134
977 1.3010299956639813 17.376734020918096
