1.6197887582883939
192 1.0 19.898472476859148
194 1.0 16.794834479301993
195 1.0 16.794834479301993
398 1.0 31.04754842191709
401 1.0 24.1565533242725
430 1.0 21.053048712370824
432 1.0 24.66037937080602
434 1.0 24.448105419498397
436 1.0 16.48783672419816
438 1.0 16.11979502108222
439 1.0 16.057639662220197
457 2.255272505103306 24.521319277035015
497 1.0 22.57404561538827
561 1.3010299956639813 20.6139191343978
570 1.3010299956639813 19.48325860666556
572 1.4771212547196624 34.607198595571596
648 1.0 19.898472476859148
770 1.0 31.04754842191709
775 1.0 24.1565533242725
776 1.0 25.809572659595812
780 1.0 28.653172853466874
823 1.0 16.794834479301993
827 1.0 22.57404561538827
838 1.4771212547196624 14.879955303930068
