0.9172146296835498
100 1.0 15.756951807688566
105 1.0 21.33892101876266
109 1.6020599913279625 15.561030750337954
158 1.0 40.36801588254125
159 1.0 34.663276209978875
161 1.0 40.68786868352573
185 2.079181246047625 24.640160608655044
187 2.5185139398778875 25.365184410989947
193 1.3010299956639813 19.923584188401467
199 1.3010299956639813 19.95515608969582
1 1.6989700043360187 24.099314783282633
200 1.9030899869919435 22.625506653399253
201 1.0 16.675223517292782
202 1.0 16.202778266288398
205 1.0 18.460464588544884
207 1.9542425094393248 18.798742484766407
210 2.0 20.74943729156614
229 1.3010299956639813 19.919432784468437
230 1.9030899869919435 22.625506653399253
231 1.6020599913279625 19.843697587754125
232 1.0 18.460464588544884
233 1.9542425094393248 18.798742484766407
234 2.0 20.74943729156614
236 1.7781512503836436 23.511023087218234
258 1.3010299956639813 32.05900432440354
271 1.0 27.296216475399984
278 1.0 24.438116936080927
2 1.3010299956639813 25.673207973589584
311 1.0 18.601480963958362
327 1.0 21.408537178610665
376 1.0 15.261482973215074
397 1.3010299956639813 34.76173337398946
399 1.0 31.06364857854412
3 1.3010299956639813 25.673207973589584
409 1.9542425094393248 18.798742484766407
410 2.0 20.74943729156614
411 1.4771212547196624 18.356977856408704
417 1.3010299956639813 18.642503692692046
420 1.4771212547196624 16.4406842597468
42 1.0 17.36771058332882
433 1.3010299956639813 24.68064648083747
434 1.0 26.054272842923844
435 1.3010299956639813 24.468548355039516
441 1.6020599913279625 31.735712827979288
444 1.0 29.526890635247195
458 1.0 17.695365074715316
476 1.0 15.745555167328087
484 1.0 16.33121855046969
494 1.0 22.47464478924292
495 1.845098040014257 16.86418674665899
496 1.6020599913279625 17.074026788002808
499 1.6020599913279625 19.843697587754125
49 1.0 16.36609320638818
500 2.0 27.79974623106974
501 2.079181246047625 24.640160608655044
503 1.6020599913279625 24.96783731854743
508 1.0 17.36771058332882
509 1.0 16.17664537722168
515 1.6020599913279625 23.20380250236597
519 1.9030899869919435 20.706175002637085
520 1.0 25.214633181541256
522 1.0 16.167444031550037
535 1.0 18.139512907437105
538 1.0 16.052093028525185
539 1.9030899869919435 20.581818087864594
540 1.6020599913279625 23.36967033208018
546 1.3010299956639813 23.31908484052949
561 1.0 26.19567707123272
562 2.361727836017593 20.63816033660684
573 1.0 34.62164344212061
583 1.0 25.011711924712642
59 1.0 17.054311793451188
605 1.0 16.87814769144019
60 2.113943352306837 20.310156825129837
633 1.0 22.269887599954423
649 1.3010299956639813 19.923584188401467
653 1.3010299956639813 19.95515608969582
654 1.9030899869919435 22.625506653399253
655 1.0 22.47464478924292
656 1.6020599913279625 19.843697587754125
657 1.0 18.460464588544884
659 1.9542425094393248 18.798742484766407
660 1.0 17.054311793451188
666 1.0 21.979048869070308
667 1.0 20.441369254248713
668 1.0 16.496123636808157
729 1.0 15.185308978301347
730 1.0 15.234951641878837
754 1.3010299956639813 21.72844942797455
772 1.0 31.06364857854412
774 1.0 23.139038800697477
77 1.0 16.90578733542276
785 1.7781512503836436 15.098695198629603
786 1.7781512503836436 16.457876252502427
787 1.7781512503836436 16.369818376127807
788 1.7781512503836436 16.704463784263226
789 1.845098040014257 16.883045284589098
790 1.845098040014257 16.472332298017896
799 1.7781512503836436 17.71515186844221
800 1.7781512503836436 19.870179928383198
817 1.0 16.90578733542276
81 1.3010299956639813 15.777603950735331
828 1.6020599913279625 17.074026788002808
831 2.0 27.79974623106974
832 1.3010299956639813 15.777603950735331
84 2.5185139398778875 25.365184410989947
85 2.3010299956639813 20.97110134921298
864 1.6989700043360187 22.523102482333243
867 1.6020599913279625 36.43404557128479
875 1.0 15.780042124305094
884 1.845098040014257 16.86418674665899
896 1.0 15.756951807688566
90 1.0 17.747677710827986
913 1.7781512503836436 18.473312192215285
925 1.3010299956639813 17.14677502578712
932 1.0 22.35128407421646
940 1.6989700043360187 16.052956231011144
947 1.0 19.409288369513817
973 1.4771212547196624 18.869638675773842
986 1.0 21.11229795390388
991 1.6020599913279625 20.996461847748183
