1.0409586076789064
116 1.0 16.285640371001193
161 1.0 40.68786868352573
174 1.0 25.443847031718235
187 1.9030899869919435 25.365184410989947
191 1.4771212547196624 30.983771998615772
193 1.6989700043360187 19.923584188401467
195 1.4771212547196624 16.82457919792204
196 1.4771212547196624 16.82457919792204
199 1.3010299956639813 19.95515608969582
19 1.0 22.906892828979473
1 1.0 24.099314783282633
200 1.0 22.625506653399253
204 1.0 17.837739327910686
229 1.3010299956639813 19.919432784468437
230 1.0 22.625506653399253
261 1.3010299956639813 40.472400145134394
285 1.0 27.333530767834674
329 1.0 24.220820861806594
340 1.0 17.837739327910686
348 1.3010299956639813 18.44095543145629
350 1.3010299956639813 18.249780831901347
351 1.3010299956639813 19.334505504177955
352 1.0 22.315951883102834
376 1.4771212547196624 15.261482973215074
397 1.0 34.76173337398946
399 1.0 31.06364857854412
418 1.0 15.939621763732179
434 1.0 26.054272842923844
441 1.0 31.735712827979288
44 1.0 15.731627971229939
458 1.4771212547196624 17.695365074715316
482 1.6020599913279625 19.755861749534457
494 1.0 22.47464478924292
497 1.0 21.557388215952543
500 2.0413926851582254 27.79974623106974
502 1.0 18.60296721930803
510 1.0 21.594628676437562
520 1.0 25.214633181541256
539 1.6020599913279625 20.581818087864594
560 1.0 32.40746376373745
562 1.3010299956639813 20.63816033660684
564 1.0 15.731627971229939
567 1.0 23.07027838400899
570 1.6989700043360187 35.00523577088447
571 1.0 19.508904785615407
572 1.0 29.842988809469816
573 1.9030899869919435 34.62164344212061
582 1.3010299956639813 26.849702075967517
583 1.4771212547196624 25.011711924712642
585 1.0 30.96669564390913
60 1.4771212547196624 20.310156825129837
611 1.0 16.956306990360925
646 1.0 21.019109611528222
649 1.6989700043360187 19.923584188401467
64 1.0 16.737458178003557
653 1.3010299956639813 19.95515608969582
654 1.0 22.625506653399253
655 1.0 22.47464478924292
663 1.0 19.44490454387257
669 1.0 17.756055320837486
681 1.3010299956639813 17.041421373778608
685 1.0 17.991995194459328
691 1.0 20.252883122476465
694 1.0 18.13228138623654
70 1.0 13.219072433822898
712 1.0 16.737458178003557
729 1.4771212547196624 15.185308978301347
730 1.4771212547196624 15.234951641878837
733 1.0 24.09659662047416
734 1.0 16.710350266628105
771 1.0 19.405549325281637
772 1.0 31.06364857854412
774 1.0 23.139038800697477
796 1.0 15.424216864581213
809 1.3010299956639813 23.93775068948324
812 1.0 18.445184780380607
823 1.4771212547196624 30.983771998615772
826 1.4771212547196624 16.82457919792204
829 1.0 21.557388215952543
831 2.0413926851582254 27.79974623106974
846 1.0 15.59449419482713
84 1.9030899869919435 25.365184410989947
85 1.845098040014257 20.97110134921298
864 1.4771212547196624 22.523102482333243
867 1.3010299956639813 36.43404557128479
878 1.0 27.134111744574057
880 1.3010299956639813 33.12096543823041
908 1.6020599913279625 18.24824091238585
913 1.0 18.473312192215285
921 1.0 16.37330158288374
991 1.3010299956639813 20.996461847748183
