1.4685210829577449
186 1.0 25.345464687070297
227 1.0 19.245446135136124
247 1.0 16.339814628149156
248 1.4771212547196624 22.73469994483774
285 1.0 30.562929415100232
294 1.0 18.739543300973466
295 1.0 21.53759215073197
327 1.0 32.86526353435894
330 1.0 26.423852520632007
331 1.0 26.137525464974466
332 1.0 24.231012577485338
344 1.4771212547196624 19.429659374481616
445 1.0 21.739884671677192
530 1.0 20.54820717542731
533 1.0 19.696864101303447
534 1.0 18.11192779687125
542 1.0 18.27453227223341
628 1.0 17.4321572644572
630 1.0 16.96541394633868
631 1.4771212547196624 19.950177336902193
632 1.6989700043360187 22.247424428787344
633 1.4771212547196624 20.514540434900287
635 1.0 18.02903493564441
638 1.0 17.972508687822355
83 1.0 25.345464687070297
953 1.0 19.174774193635493
961 1.0 20.820071638418433
967 1.0 20.350189453749287
969 1.0 20.721079216106737
971 1.3010299956639813 18.789785549650443
972 1.0 19.669462220826514
979 1.0 19.907440181516993
986 1.0 19.998220484206893
993 1.0 33.541218365030296
