1.7695510786217261
187 1.0 25.365184410989947
226 1.0 16.343763522087997
228 1.0 19.271408794907185
236 1.3010299956639813 23.511023087218234
539 1.3010299956639813 20.581818087864594
540 1.3010299956639813 23.36967033208018
542 1.0 19.728868427436186
547 1.0 20.421608203426736
566 1.0 24.435514902659826
598 1.0 19.920097781606806
84 1.0 25.365184410989947
918 1.0 24.222096258795588
940 1.0 16.052956231011144
951 1.0 25.40756427571084
957 1.3010299956639813 18.152757365381166
983 1.0 15.99285048892566
989 1.0 17.072459926998317
