1.4202164033831899
107 1.0 21.261407681253527
187 1.0 25.365184410989947
189 1.0 22.794574400913437
206 1.0 18.054340943557705
210 1.3010299956639813 20.74943729156614
212 1.0 22.053003739358804
234 1.3010299956639813 20.74943729156614
236 1.0 23.511023087218234
2 1.0 25.673207973589584
3 1.0 25.673207973589584
410 1.3010299956639813 20.74943729156614
433 1.0 24.68064648083747
435 1.0 24.468548355039516
444 1.4771212547196624 29.526890635247195
500 1.0 27.79974623106974
523 1.0 19.697674446970826
541 1.0 18.888440514559967
546 1.0 23.31908484052949
648 1.0 22.794574400913437
658 1.0 18.054340943557705
666 1.0 21.979048869070308
831 1.0 27.79974623106974
84 1.0 25.365184410989947
877 1.0 22.452284526648562
879 1.0 22.452284526648562
931 1.0 19.569247311356932
935 1.0 21.549494779071786
940 1.0 16.052956231011144
943 1.0 19.402058534341666
947 1.3010299956639813 19.409288369513817
951 1.0 25.40756427571084
956 1.0 20.484965365855015
957 1.0 18.152757365381166
959 1.0 19.190356568188804
960 1.0 20.844073091142132
963 1.3010299956639813 18.42775682251999
985 1.0 20.023207099137547
986 1.0 21.11229795390388
