1.136677139879544
116 1.0 16.285640371001193
173 1.0 18.85938858887468
175 1.0 18.88811507135678
176 1.0 22.379256958057034
191 1.0 30.983771998615772
194 1.0 17.77518118243523
207 1.0 18.798742484766407
209 1.0 19.7404272810474
211 1.0 19.87652496554322
212 1.3010299956639813 22.053003739358804
231 1.0 19.843697587754125
233 1.0 18.798742484766407
235 1.0 18.131311524289607
243 1.3010299956639813 17.509187404878464
245 1.0 16.518884647461846
258 1.6020599913279625 32.05900432440354
259 1.0 34.168322910342354
261 1.0 40.472400145134394
263 1.0 21.157562303591927
264 1.0 18.98771976077981
265 1.0 16.744108528521995
266 1.0 24.006561347142163
279 1.0 17.734346218217127
283 1.0 19.116081351354293
286 1.6989700043360187 30.579284727285547
288 1.0 16.518884647461846
326 1.0 26.265110333168654
328 1.6020599913279625 32.88047364596294
329 1.4771212547196624 24.220820861806594
330 1.6989700043360187 25.015154858124397
331 1.0 26.442768047844584
333 1.3010299956639813 24.251638512278973
335 1.0 26.592389103304416
337 1.3010299956639813 17.509187404878464
339 1.0 21.777753188456284
344 1.0 20.86119657744264
409 1.0 18.798742484766407
441 1.6020599913279625 31.735712827979288
444 1.4771212547196624 29.526890635247195
446 1.0 21.762871720842014
448 1.0 18.647997157938995
449 1.0 16.13298238638009
454 1.0 16.518884647461846
459 1.0 24.541701226408268
497 1.0 21.557388215952543
499 1.0 19.843697587754125
526 1.0 17.752415668623385
532 1.0 19.229822454648716
561 1.0 26.19567707123272
563 1.0 23.476641362660768
572 1.0 29.842988809469816
582 1.0 26.849702075967517
597 1.0 19.996338987916545
650 1.0 17.77518118243523
656 1.0 19.843697587754125
659 1.0 18.798742484766407
664 1.0 17.88199680559741
680 1.0 15.775358504069235
691 1.0 20.252883122476465
747 1.3010299956639813 22.34898733858306
774 1.0 23.139038800697477
778 2.113943352306837 25.828938051552868
823 1.0 30.983771998615772
829 1.0 21.557388215952543
877 1.0 22.452284526648562
879 1.0 22.452284526648562
939 1.0 19.57746517154891
94 1.3010299956639813 40.42228834338309
951 1.0 25.40756427571084
969 1.0 20.598971129752556
981 1.0 19.04032511818754
986 1.0 21.11229795390388
992 1.0 33.556122085405605
