1.744727494896694
186 1.0 25.345464687070297
210 1.0 19.851353724768064
243 1.3010299956639813 25.8105965022697
335 1.0 27.194637545841633
337 1.3010299956639813 25.8105965022697
342 1.3010299956639813 22.806563635018236
51 1.0 16.468103731109437
538 1.0 20.55751044757001
549 1.0 22.395775493328287
579 1.0 16.468103731109437
59 1.0 17.024968450726956
659 1.0 17.024968450726956
665 1.0 21.956288146883587
83 1.0 25.345464687070297
84 1.0 20.94724544657274
947 1.0 19.45698562548774
979 1.0 19.907440181516993
982 1.0 19.01404692868626
