1.7695510786217261
148 1.0 36.70053413239285
153 1.845098040014257 38.91027615891787
154 1.4771212547196624 39.64347606197456
155 1.0 32.78554205971943
156 1.3010299956639813 27.300266473449927
158 1.0 34.64884871982456
160 1.0 40.68185651929256
161 1.0 29.183057629910973
162 1.3010299956639813 27.42647719561716
163 1.0 29.043663537477517
283 1.0 15.990191960562015
777 1.0 28.5636709471766
778 1.6020599913279625 29.375621062375156
779 1.6020599913279625 26.762559621671812
780 2.079181246047625 28.653172853466874
781 1.6989700043360187 24.215767859390553
782 2.342422680822206 28.8122112955473
