1.6989700043360187
105 1.0 21.33892101876266
207 1.0 18.798742484766407
226 1.0 16.343763522087997
227 1.9542425094393248 16.92409468367376
233 1.0 18.798742484766407
236 1.3010299956639813 23.511023087218234
397 1.3010299956639813 34.76173337398946
409 1.0 18.798742484766407
48 1.0 14.721765395784356
509 1.0 16.17664537722168
519 1.3010299956639813 20.706175002637085
538 1.0 16.052093028525185
542 1.0 19.728868427436186
562 1.3010299956639813 20.63816033660684
659 1.0 18.798742484766407
666 1.9030899869919435 21.979048869070308
667 1.845098040014257 20.441369254248713
913 1.845098040014257 18.473312192215285
938 1.6020599913279625 17.906540871879564
949 1.0 16.36144171601765
