1.7958800173440752
109 1.0 15.561030750337954
125 1.0 17.797417400691103
126 1.0 19.10717613125738
247 1.3010299956639813 17.92587263398071
260 1.0 27.085761995614487
261 1.6020599913279625 40.472400145134394
264 1.0 18.98771976077981
268 2.0 24.276039699169623
282 1.0 18.824144686242487
420 1.0 16.4406842597468
421 1.4771212547196624 22.714705200606023
558 1.0 29.49056558466878
560 1.4771212547196624 32.40746376373745
573 1.0 34.62164344212061
585 1.0 30.96669564390913
924 1.0 13.205624156976544
