1.5686362358410126
250 1.0 16.070194442289612
251 1.0 15.91714951082178
260 1.4771212547196624 40.46004416097286
307 1.6020599913279625 18.45025554098666
308 1.3010299956639813 17.69895328701503
309 1.0 16.353960229243555
316 1.0 16.400885878921038
480 1.6020599913279625 18.45025554098666
481 1.3010299956639813 17.69895328701503
482 1.0 16.353960229243555
577 1.0 16.12113380419118
584 1.3010299956639813 30.950545053399313
611 1.0 16.37139499661555
614 1.0 17.258283162732244
616 1.0 16.2837123301042
617 1.0 16.258590605316485
618 1.0 15.979851330655551
619 1.0 16.002509983007247
620 1.0 15.900698718230329
621 1.0 16.187886783484302
624 1.0 16.24926695969382
891 1.7781512503836436 20.556957071190386
892 1.6020599913279625 19.44244897613975
893 1.6020599913279625 19.650125642603225
994 1.0 16.070194442289612
996 1.0 16.28971068168109
997 1.0 15.91714951082178
