1.3767507096020994
113 1.0 16.83451201033724
182 1.3010299956639813 13.336112800340645
199 1.0 22.603396897878287
204 1.0 18.43335978124768
208 1.3010299956639813 19.715082278253885
229 1.0 22.603396897878287
231 1.0 18.43335978124768
239 1.3010299956639813 15.026860203291795
246 1.0 17.897958254775837
259 1.6989700043360187 27.067295817703585
260 2.113943352306837 40.46004416097286
266 1.0 20.247891051811926
267 1.0 24.25543451426215
268 1.6020599913279625 28.048590371713367
270 1.0 27.27789276817213
280 1.0 20.36083120666262
285 1.0 30.562929415100232
330 1.3010299956639813 26.423852520632007
343 1.3010299956639813 20.837214848503734
38 1.0 15.242601505439389
398 1.0 31.04754842191709
457 1.0 24.521319277035015
490 1.0 18.129559630239218
492 1.0 15.242601505439389
494 1.0 16.83451201033724
50 1.0 14.451107282168001
511 2.0413926851582254 21.085117241154542
535 1.0 17.779601462975204
549 1.0 22.395775493328287
556 1.0 32.02299329624464
557 1.4771212547196624 29.473606133346674
560 1.3010299956639813 26.176582993590046
565 1.0 24.415044307928472
571 1.7781512503836436 29.826229749704215
580 1.3010299956639813 25.521710205582426
584 1.6020599913279625 30.950545053399313
653 1.0 22.603396897878287
656 1.0 18.43335978124768
770 1.0 31.04754842191709
807 1.0 23.916854058840084
948 1.0 19.383510389270164
956 1.0 19.332344149929916
