1.6197887582883939
190 1.6020599913279625 20.72132492096882
191 1.0 30.983771998615772
247 1.0 17.92587263398071
374 1.3010299956639813 15.477325925939487
379 1.0 24.673753214847594
380 1.3010299956639813 15.615254870204684
382 1.0 13.947325129469858
387 1.0 21.87923801272718
457 1.0 18.43689483349195
481 1.0 15.708611586019918
497 1.0 21.557388215952543
500 1.4771212547196624 27.79974623106974
732 1.3010299956639813 28.96885361670166
744 1.3010299956639813 15.477325925939487
746 1.3010299956639813 19.14200258825803
747 1.3010299956639813 22.34898733858306
75 1.3010299956639813 15.477325925939487
822 1.6020599913279625 20.72132492096882
823 1.0 30.983771998615772
829 1.0 21.557388215952543
831 1.4771212547196624 27.79974623106974
90 1.3010299956639813 17.747677710827986
922 1.0 21.35873785771627
932 1.3010299956639813 22.35128407421646
