1.7695510786217261
202 1.0 16.202778266288398
323 1.3010299956639813 19.99450022605915
379 1.0 24.673753214847594
381 1.0 17.128445544541883
514 1.6989700043360187 19.011194543423425
629 1.0 17.460816329506702
631 1.0 16.9948601162417
632 1.4771212547196624 19.9752240481514
633 1.6989700043360187 22.269887599954423
634 1.4771212547196624 20.53889892996114
636 1.0 18.05674668124595
639 1.0 18.00030745664779
736 1.0 26.48297924216182
738 1.0 23.256531591422583
775 1.0 23.494249679152507
796 1.0 15.424216864581213
836 1.0 19.384867469169826
