1.7695510786217261
131 1.0 31.908356378043813
133 1.0 27.54885932499107
134 1.3010299956639813 29.51314963866556
135 1.0 23.727421112255122
136 1.3010299956639813 22.900372757632663
137 1.3010299956639813 22.26891535791042
139 1.0 21.045092986540304
140 1.0 22.06065850896495
142 1.4771212547196624 21.606364977884798
145 1.4771212547196624 38.43033977941447
146 1.3010299956639813 38.26126400416704
147 1.7781512503836436 39.718947201261805
148 1.0 36.70053413239285
153 1.3010299956639813 38.91027615891787
19 1.6989700043360187 22.88505492845388
420 1.0 22.69268235247738
93 1.6020599913279625 40.4099170367325
