1.3187587626244128
132 1.0 31.9240224086541
133 1.0 31.18619433249154
134 1.0 27.567002922119546
138 1.0 22.291356872514033
141 1.0 22.083311659467373
146 1.4771212547196624 38.443348131520054
147 2.0 38.27432982034523
148 2.113943352306837 39.73153365749456
149 1.6020599913279625 36.714155384577936
150 1.0 30.64451579794581
151 1.0 28.69713041845068
154 1.4771212547196624 38.92312411360697
155 1.6020599913279625 39.65608647202028
157 1.4771212547196624 27.318575173705053
158 1.6020599913279625 40.36801588254125
159 1.0 34.663276209978875
161 1.0 40.68786868352573
171 1.3010299956639813 17.299828196424077
176 1.3010299956639813 22.379256958057034
22 1.0 20.042266187907835
244 1.0 25.829961126625353
304 1.0 16.616668083737665
325 1.0 15.755311297820837
336 1.3010299956639813 27.213017312486674
338 1.0 25.829961126625353
341 1.3010299956639813 20.951702374187988
381 1.0 17.128445544541883
383 1.0 23.402720804995248
387 1.0 21.87923801272718
390 1.0 23.009670542854348
482 1.0 19.755861749534457
633 1.0 22.269887599954423
646 1.0 21.019109611528222
661 1.3010299956639813 17.17957125410552
736 1.0 26.48297924216182
738 1.0 23.256531591422583
742 1.0 21.68833801617828
749 1.0 22.58723493033533
750 1.0 20.234721635985533
773 1.4771212547196624 25.098242467704086
780 1.6020599913279625 29.39263705080337
781 1.3010299956639813 26.78123592188267
801 1.0 21.773953133516383
802 1.0 21.49817099427365
814 1.0 21.49817099427365
87 1.0 24.835731385689954
885 1.0 16.616668083737665
914 1.0 15.862380670664196
