1.1674910872937636
132 1.0 31.9240224086541
133 1.4771212547196624 31.18619433249154
134 1.4771212547196624 27.567002922119546
135 1.6989700043360187 29.53008637972915
139 1.0 17.437449700363672
144 1.0 19.628955678670632
180 1.0 12.854652307615794
204 1.6020599913279625 17.837739327910686
208 1.0 18.083445948480012
225 1.0 18.083445948480012
248 1.3010299956639813 16.370386131129504
251 1.0 16.101277881366933
258 1.3010299956639813 32.05900432440354
275 1.4771212547196624 17.353484581504098
308 1.4771212547196624 18.477335563541324
328 1.4771212547196624 32.88047364596294
335 1.0 26.592389103304416
340 1.6020599913279625 17.837739327910686
38 1.0 15.275369084039284
397 1.6989700043360187 34.76173337398946
400 1.7781512503836436 19.159509087472838
405 1.0 14.765194378080146
407 1.0 16.206807375934993
417 1.3010299956639813 18.642503692692046
432 1.0 20.140245569349506
434 1.0 26.054272842923844
43 1.0 17.141090857518964
453 1.0 19.168795308535405
476 1.0 15.745555167328087
493 1.0 15.275369084039284
503 1.4771212547196624 24.96783731854743
522 1.3010299956639813 16.167444031550037
525 1.3010299956639813 20.543320381954224
537 1.0 17.141090857518964
59 1.0 17.054311793451188
621 1.0 15.932112845694121
631 1.0 16.9948601162417
632 1.6020599913279625 19.9752240481514
633 1.3010299956639813 22.269887599954423
634 1.3010299956639813 20.53889892996114
636 1.3010299956639813 18.05674668124595
660 1.0 17.054311793451188
671 1.0 20.661290750656658
694 1.0 18.13228138623654
775 1.0 23.494249679152507
776 1.6989700043360187 20.10376748540877
779 2.568201724066995 28.58117033955364
780 1.3010299956639813 29.39263705080337
781 1.0 26.78123592188267
784 1.3010299956639813 28.829559825624525
796 1.0 15.424216864581213
798 1.0 16.44666201427546
800 1.0 19.870179928383198
801 1.9542425094393248 21.773953133516383
802 1.845098040014257 21.49817099427365
809 1.0 23.93775068948324
814 1.845098040014257 21.49817099427365
815 1.0 20.604951603302737
816 1.845098040014257 26.40168560543113
836 1.0 19.384867469169826
854 1.6020599913279625 20.336569559735775
865 1.0 13.12410324363886
890 1.4771212547196624 18.477335563541324
921 1.0 16.37330158288374
922 1.7781512503836436 21.35873785771627
932 1.7781512503836436 22.35128407421646
934 1.0 16.479445906159526
993 1.0 16.101277881366933
