1.6020599913279623
150 1.0 30.64451579794581
154 1.0 38.92312411360697
156 1.0 32.80078913912944
158 1.3010299956639813 40.36801588254125
24 1.0 22.714650363605696
305 1.0 17.98399116678101
307 1.0 16.630431048976302
308 1.0 18.477335563541324
311 1.3010299956639813 18.601480963958362
315 1.0 16.06942654142066
336 1.3010299956639813 27.213017312486674
379 1.0 24.673753214847594
383 1.0 23.402720804995248
387 1.3010299956639813 21.87923801272718
479 1.0 16.116413501007873
480 1.0 16.113389796665334
615 1.0 17.287230481631443
624 1.0 16.49972484873875
776 1.0 20.10376748540877
781 1.3010299956639813 26.78123592188267
782 1.0 28.670617617530514
886 1.0 17.98399116678101
888 1.0 16.630431048976302
890 1.0 18.477335563541324
935 1.0 21.549494779071786
