1.585026652029182
105 1.0 12.97081670326476
131 1.4771212547196624 31.908356378043813
133 1.0 27.54885932499107
134 1.0 29.51314963866556
159 1.0 33.49922392874927
161 1.0 29.183057629910973
1 1.0 24.469666509833758
26 1.0 18.618919907073398
401 1.4771212547196624 24.1565533242725
416 1.0 18.61566394013484
615 1.0 23.88195453063762
672 1.0 17.43535257958473
775 1.4771212547196624 24.1565533242725
776 1.3010299956639813 25.809572659595812
777 1.0 28.5636709471766
778 1.3010299956639813 29.375621062375156
779 1.3010299956639813 26.762559621671812
782 1.4771212547196624 28.8122112955473
792 1.0 15.296720290112676
799 1.0 21.750977795505374
800 1.0 21.474900607430737
812 1.0 21.474900607430737
872 1.0 15.596352370499325
878 1.0 33.105865818015594
922 1.0 16.34273553368784
98 1.0 15.596352370499325
