1.4685210829577449
106 1.6020599913279625 21.237877873941795
206 1.0 18.772126118491787
232 1.0 18.772126118491787
241 1.0 20.323087997959746
398 1.0 31.04754842191709
408 1.0 18.772126118491787
470 1.0 23.994543772969674
472 1.0 20.431753744712537
535 1.0 17.779601462975204
541 1.0 19.703508556272116
545 1.0 23.297633308982533
564 1.0 25.047424451568215
565 1.4771212547196624 24.415044307928472
576 1.0 21.517861792661158
62 1.0 20.323087997959746
634 1.0 21.49965573905078
638 1.0 17.972508687822355
646 1.3010299956639813 18.504078859130104
658 1.0 18.772126118491787
770 1.0 31.04754842191709
772 1.0 23.117420198200822
805 1.3010299956639813 24.462808310936932
806 1.3010299956639813 27.27436952647854
811 1.0 16.52497719495689
813 1.3010299956639813 20.580671285807178
862 1.3010299956639813 22.500892102974184
865 1.0 36.420319557775116
875 1.0 22.430004022861485
876 1.6020599913279625 27.115678493576954
877 1.0 22.430004022861485
878 1.3010299956639813 33.105865818015594
948 1.0 19.383510389270164
959 1.3010299956639813 20.989047238821517
992 1.0 20.972634792127216
