1.6777807052660807
131 1.0 31.908356378043813
138 1.0 17.408752168168547
139 1.0 21.045092986540304
143 1.3010299956639813 19.603466556586774
155 1.0 32.78554205971943
157 1.0 40.355627938282694
158 1.0 34.64884871982456
159 1.3010299956639813 33.49922392874927
161 1.0 29.183057629910973
2 1.0 25.653725024939046
329 1.0 24.995158982809944
335 1.0 27.194637545841633
3 1.0 25.653725024939046
433 1.0 26.035075059878718
447 1.0 18.6211653234297
559 1.0 32.39203154477896
670 1.0 20.6370767184495
806 1.0 27.27436952647854
91 1.0 21.379518228894476
948 1.0 19.383510389270164
970 1.0 20.574683754662654
