1.6575773191777938
121 1.0 25.97780851667672
160 1.0 40.68185651929256
172 1.0 18.832857933573873
184 1.0 24.619860170608522
257 1.0 32.04340428656301
420 1.0 22.69268235247738
433 1.0 26.035075059878718
437 1.0 16.500863545850883
500 1.0 24.619860170608522
514 1.3010299956639813 23.1822442953396
559 1.0 32.39203154477896
564 1.0 25.047424451568215
569 1.0 34.990949277994865
570 1.0 19.48325860666556
581 1.0 26.831073433021917
769 1.0 19.37976637155202
806 1.0 27.27436952647854
829 1.0 24.619860170608522
862 1.0 22.500892102974184
970 1.3010299956639813 20.574683754662654
985 1.0 17.667633952974512
989 1.0 18.267442413672814
