1.537602002101044
236 1.0 23.511023087218234
242 1.0 20.34767568477578
258 1.7781512503836436 32.05900432440354
259 1.9030899869919435 34.168322910342354
261 1.0 40.472400145134394
263 1.0 21.157562303591927
279 1.4771212547196624 17.734346218217127
285 1.3010299956639813 27.333530767834674
286 1.0 30.579284727285547
323 1.0 19.99450022605915
327 1.0 21.408537178610665
332 1.0 26.156648054217282
333 1.0 24.251638512278973
399 1.0 31.06364857854412
528 1.0 21.12339116570097
561 1.0 26.19567707123272
563 1.0 23.476641362660768
565 1.4771212547196624 25.067378635529828
566 1.0 24.435514902659826
567 1.0 23.07027838400899
577 1.3010299956639813 21.541085769479377
600 1.0 18.60056357999351
62 1.0 20.34767568477578
772 1.0 31.06364857854412
877 1.0 22.452284526648562
879 1.0 22.452284526648562
952 1.3010299956639813 19.20083241364576
985 1.0 20.023207099137547
988 1.0 18.29479303891827
