1.6575773191777938
188 1.6020599913279625 22.772628792451215
234 1.3010299956639813 18.103713917062354
334 1.0 26.57358007912264
340 1.0 20.927824358412284
378 1.0 24.653480438007165
399 1.0 19.13339458833571
411 1.0 21.73531037580023
435 1.3010299956639813 18.127861733361883
622 1.4771212547196624 16.29894691934756
634 1.0 21.49965573905078
647 1.6020599913279625 22.772628792451215
735 1.3010299956639813 26.464092456397857
737 1.4771212547196624 23.235022308206137
777 1.0 28.5636709471766
781 1.0 24.215767859390553
782 1.3010299956639813 28.8122112955473
799 1.0 21.750977795505374
800 1.0 21.474900607430737
812 1.0 21.474900607430737
86 1.0 24.815590935179138
895 1.0 16.22969191138666
909 1.0 18.220820409533506
