1.5528419686577808
113 1.0 16.83451201033724
152 1.0 27.106140088612186
155 1.3010299956639813 32.78554205971943
162 1.4771212547196624 27.42647719561716
202 1.3010299956639813 18.45137749631327
223 1.3010299956639813 18.45137749631327
227 1.7781512503836436 19.245446135136124
319 1.0 13.968866600762256
320 1.0 13.968866600762256
323 1.0 14.040271867378184
371 1.3010299956639813 16.769406485969878
378 1.3010299956639813 24.653480438007165
396 1.0 34.747346764383785
399 1.0 19.13339458833571
48 1.0 14.687762810193856
494 1.0 16.83451201033724
510 1.0 18.532720542245944
612 1.0 22.300659992929845
61 1.3010299956639813 18.45137749631327
640 1.0 14.135814942016715
641 1.0 13.824949696468746
701 1.0 12.96646575246668
706 1.0 12.947587650151828
799 1.0 21.750977795505374
800 1.0 21.474900607430737
812 1.0 21.474900607430737
814 1.0 26.382740623521833
981 1.0 18.147091699710654
