1.3979400086720377
111 1.3010299956639813 18.8928542926875
131 1.0 31.908356378043813
132 1.3010299956639813 31.170157473839097
134 1.3010299956639813 29.51314963866556
136 1.0 22.900372757632663
139 1.0 21.045092986540304
146 1.0 38.26126400416704
147 1.3010299956639813 39.718947201261805
149 1.0 30.628195318865107
153 1.0 38.91027615891787
157 1.6020599913279625 40.355627938282694
158 1.6020599913279625 34.64884871982456
159 1.3010299956639813 33.49922392874927
160 1.0 40.68185651929256
163 1.0 29.043663537477517
188 1.3010299956639813 22.772628792451215
1 1.0 24.469666509833758
22 1.0 20.017303363514117
380 1.3010299956639813 17.099229420425257
382 1.0 23.381346006518903
386 1.0 21.856373350068075
388 1.0 17.383230863411256
389 1.0 22.987930278533103
486 1.4771212547196624 19.08673079463014
526 1.3010299956639813 20.589360185649852
546 1.3010299956639813 20.3971096387274
639 1.0 16.56038138552629
647 1.3010299956639813 22.772628792451215
66 1.6989700043360187 17.276058696601304
735 1.3010299956639813 26.464092456397857
737 1.0 23.235022308206137
741 1.0 21.665271886223913
748 1.0 22.56508767539272
749 1.0 20.209996528594978
777 1.0 28.5636709471766
778 1.0 29.375621062375156
779 1.3010299956639813 26.762559621671812
7 1.0 20.637992374919182
86 1.3010299956639813 24.815590935179138
981 1.0 18.147091699710654
