1.4202164033831899
133 1.0 31.18619433249154
134 1.0 27.567002922119546
137 1.0 22.922196064917607
141 1.0 22.083311659467373
143 1.0 21.629493927449314
146 1.9542425094393248 38.443348131520054
147 2.0 38.27432982034523
148 1.9542425094393248 39.73153365749456
149 1.6989700043360187 36.714155384577936
150 1.4771212547196624 30.64451579794581
151 1.3010299956639813 28.69713041845068
152 1.0 26.43569384136088
153 1.4771212547196624 27.124579821694358
154 1.3010299956639813 38.92312411360697
155 1.4771212547196624 39.65608647202028
156 1.3010299956639813 32.80078913912944
157 1.0 27.318575173705053
159 1.3010299956639813 34.663276209978875
162 1.6020599913279625 29.200185832126223
163 1.3010299956639813 27.444701699266258
198 1.0 18.00016847208931
21 1.0 18.049400889846094
379 1.0 24.673753214847594
383 1.0 23.402720804995248
390 1.0 23.009670542854348
402 1.0 24.177242781351655
622 1.0 16.21874466519853
652 1.0 18.00016847208931
682 1.3010299956639813 18.092716090093774
732 1.0 28.96885361670166
742 1.0 21.68833801617828
749 1.0 22.58723493033533
750 1.0 20.234721635985533
777 1.0 24.177242781351655
784 1.3010299956639813 28.829559825624525
87 1.0 24.835731385689954
935 1.0 21.549494779071786
94 1.0 40.42228834338309
