1.3467874862246563
104 1.0 21.315476777332258
106 1.0 21.237877873941795
122 1.0 21.918380641831487
133 1.0 27.54885932499107
157 1.0 40.355627938282694
192 1.0 19.898472476859148
199 1.0 22.603396897878287
206 1.0 18.772126118491787
209 1.0 20.72532624391316
229 1.0 22.603396897878287
232 1.0 18.772126118491787
233 1.0 20.72532624391316
235 1.3010299956639813 23.489746840008912
260 1.0 40.46004416097286
349 1.3010299956639813 18.22236264627707
391 1.0 14.93400553732674
396 1.0 34.747346764383785
408 1.0 18.772126118491787
409 1.0 20.72532624391316
420 1.0 22.69268235247738
471 1.0 26.179338818270686
472 1.0 20.431753744712537
513 1.0 18.984876032460487
591 1.0 15.92624199010319
60 1.3010299956639813 20.28552366248819
648 1.0 19.898472476859148
653 1.0 22.603396897878287
658 1.0 18.772126118491787
665 1.0 21.956288146883587
727 1.0 14.93400553732674
732 1.0 24.075837860598885
744 1.0 15.802376515156825
753 1.0 21.70542592404138
865 1.845098040014257 36.420319557775116
867 1.0 20.329143187123556
871 1.0 25.16854217073077
875 1.0 22.430004022861485
876 1.0 27.115678493576954
877 1.0 22.430004022861485
878 1.0 33.105865818015594
931 1.0 22.349952035011718
936 1.0 21.526279874452115
974 1.0 18.84312245235009
983 1.0 19.832098688531545
986 1.0 19.998220484206893
