1.5228787452803376
105 1.0 21.33892101876266
107 1.7781512503836436 21.261407681253527
134 1.0 27.567002922119546
136 1.0 23.748484428238577
139 1.0 17.437449700363672
142 1.0 19.04038571666816
144 1.3010299956639813 19.628955678670632
155 1.0 39.65608647202028
159 1.0 34.663276209978875
161 1.4771212547196624 40.68786868352573
228 1.6989700043360187 19.271408794907185
339 1.3010299956639813 21.777753188456284
352 1.0 22.315951883102834
357 1.0 16.36239469864959
397 1.3010299956639813 34.76173337398946
432 1.0 20.140245569349506
459 1.3010299956639813 24.541701226408268
471 1.0 24.01537280312254
472 1.4771212547196624 26.198430887398857
503 1.3010299956639813 24.96783731854743
562 1.0 20.63816033660684
608 1.0 15.484181606986061
674 1.3010299956639813 19.06561234581387
754 1.4771212547196624 21.72844942797455
7 1.0 20.662205334068826
867 1.9542425094393248 36.43404557128479
873 1.845098040014257 25.188400405739408
878 1.0 27.134111744574057
880 1.3010299956639813 33.12096543823041
94 1.0 40.42228834338309
