1.1426675035687315
1000 1.0 16.329300295473313
108 1.0 15.676749598065259
111 1.0 18.8928542926875
115 1.0 17.956167137974
153 1.6020599913279625 38.91027615891787
154 1.4771212547196624 39.64347606197456
155 1.0 32.78554205971943
157 1.0 40.355627938282694
169 1.0 16.893122029317794
188 1.3010299956639813 22.772628792451215
199 1.0 22.603396897878287
202 1.3010299956639813 18.45137749631327
207 1.6020599913279625 18.0557751805786
223 1.3010299956639813 18.45137749631327
224 1.6020599913279625 18.0557751805786
229 1.0 22.603396897878287
22 1.0 20.017303363514117
230 1.3010299956639813 19.818484653329044
250 1.3010299956639813 16.070194442289612
253 1.0 16.396443136520976
254 1.0 16.329300295473313
256 1.0 14.651068157152437
288 1.0 19.392382017280667
304 1.0 17.956167137974
306 1.0 16.600338456632596
307 1.0 18.45025554098666
310 1.3010299956639813 18.574581934797493
314 1.0 16.038281372083322
334 1.3010299956639813 26.57358007912264
341 1.0 19.392382017280667
344 1.0 19.429659374481616
368 1.0 13.112389751655092
378 1.7781512503836436 24.653480438007165
382 1.0 23.381346006518903
386 1.4771212547196624 21.856373350068075
389 1.0 22.987930278533103
401 1.3010299956639813 24.1565533242725
41 1.0 20.87407005016222
435 1.3010299956639813 18.127861733361883
478 1.0 16.600338456632596
480 1.0 18.45025554098666
498 1.3010299956639813 19.818484653329044
501 1.0 18.576070342315386
51 1.0 16.468103731109437
526 1.3010299956639813 20.589360185649852
573 1.3010299956639813 16.9403306571999
579 1.0 16.468103731109437
61 1.3010299956639813 18.45137749631327
626 1.3010299956639813 15.483953915022516
633 1.0 20.514540434900287
634 1.0 21.49965573905078
647 1.3010299956639813 22.772628792451215
653 1.0 22.603396897878287
655 1.3010299956639813 19.818484653329044
662 1.0 19.41917384237332
71 1.0 13.077186323829824
735 1.3010299956639813 26.464092456397857
737 1.3010299956639813 23.235022308206137
73 1.0 12.997490719339234
775 1.3010299956639813 24.1565533242725
777 1.3010299956639813 28.5636709471766
782 1.0 28.8122112955473
834 1.3010299956639813 19.359056970763802
883 1.3010299956639813 18.574581934797493
887 1.0 16.038281372083322
88 1.0 17.71948261455228
895 1.4771212547196624 16.22969191138666
93 1.3010299956639813 40.4099170367325
979 1.0 19.907440181516993
983 1.0 19.832098688531545
994 1.3010299956639813 16.070194442289612
999 1.0 16.396443136520976
