1.744727494896694
193 1.0 17.74702978158316
1 1.0 24.469666509833758
358 1.3010299956639813 13.516285378933935
359 1.3010299956639813 13.559935753753699
360 1.3010299956639813 13.559935753753699
361 1.3010299956639813 13.947713927095913
371 1.4771212547196624 16.769406485969878
372 1.4771212547196624 15.898864564577854
542 1.0 18.27453227223341
604 1.3010299956639813 16.848497544115553
649 1.0 17.74702978158316
64 1.4771212547196624 16.707558357235154
711 1.4771212547196624 16.707558357235154
712 1.4771212547196624 16.15335632829963
725 1.4771212547196624 15.337880790453774
960 1.0 19.164284103879986
966 1.0 12.97081670326476
968 1.0 12.893490060867618
