1.7958800173440752
137 1.0 22.922196064917607
141 1.0 22.083311659467373
142 1.0 19.04038571666816
144 1.0 19.628955678670632
152 1.3010299956639813 26.43569384136088
155 1.4771212547196624 39.65608647202028
156 1.0 32.80078913912944
159 1.4771212547196624 34.663276209978875
164 1.4771212547196624 29.060873897358988
244 1.0 25.829961126625353
325 1.0 15.755311297820837
336 1.3010299956639813 27.213017312486674
338 1.0 25.829961126625353
646 1.0 21.019109611528222
661 1.0 17.17957125410552
773 1.4771212547196624 25.098242467704086
