1.7695510786217261
132 1.0 31.9240224086541
146 1.0 38.443348131520054
147 1.0 38.27432982034523
156 1.0 32.80078913912944
158 1.3010299956639813 40.36801588254125
160 1.9030899869919435 33.51414632402991
161 1.4771212547196624 40.68786868352573
335 1.0 26.592389103304416
379 1.3010299956639813 24.673753214847594
615 1.3010299956639813 17.287230481631443
681 1.3010299956639813 17.041421373778608
778 1.3010299956639813 25.828938051552868
780 1.0 29.39263705080337
781 1.3010299956639813 26.78123592188267
782 1.6989700043360187 28.670617617530514
783 1.0 24.23640676791617
784 1.3010299956639813 28.829559825624525
