1.6989700043360187
105 1.0 21.33892101876266
188 1.0 18.394820991631416
209 1.0 19.7404272810474
24 1.3010299956639813 22.714650363605696
335 1.0 26.592389103304416
343 1.0 22.828476621056783
506 1.0 20.117459620901656
550 1.0 22.418090015600434
67 1.0 17.777478226009574
809 1.0 23.93775068948324
812 1.0 18.445184780380607
820 1.0 18.394820991631416
869 1.3010299956639813 20.353723559156737
873 1.0 25.188400405739408
878 1.0 27.134111744574057
87 1.0 24.835731385689954
880 1.0 33.12096543823041
913 1.0 18.473312192215285
94 1.0 40.42228834338309
971 1.0 19.694865931417798
