1.4559319556497243
187 1.0 25.365184410989947
208 1.0 18.083445948480012
225 1.0 18.083445948480012
238 1.0 17.79360469731602
244 1.0 25.829961126625353
250 1.4771212547196624 21.593723016307443
258 1.0 32.05900432440354
259 1.3010299956639813 34.168322910342354
276 1.0 20.303531424387252
280 1.0 19.375567339230585
281 1.3010299956639813 20.385373369801357
296 1.0 21.560794875219035
333 1.0 24.251638512278973
338 1.0 25.829961126625353
343 1.3010299956639813 22.828476621056783
349 1.0 16.95637498328479
411 1.0 18.356977856408704
531 1.0 20.572525808084006
535 1.0 18.139512907437105
540 1.0 23.36967033208018
572 1.0 29.842988809469816
606 1.0 18.53110082385229
84 1.0 25.365184410989947
945 1.0 16.481630601170867
952 1.0 19.20083241364576
968 1.0 20.745195199857015
971 1.0 19.694865931417798
972 1.0 19.608298803683244
975 1.0 19.03717677110868
976 1.0 19.12532909112134
977 1.0 17.376734020918096
978 1.4771212547196624 19.932540595234652
981 1.0 19.04032511818754
986 1.0 21.11229795390388
988 1.0 18.29479303891827
