1.494850021680094
132 1.3010299956639813 31.9240224086541
133 1.3010299956639813 31.18619433249154
135 1.7781512503836436 29.53008637972915
136 1.0 23.748484428238577
138 1.3010299956639813 22.291356872514033
141 1.0 22.083311659467373
147 1.3010299956639813 38.27432982034523
148 1.6989700043360187 39.73153365749456
149 1.6989700043360187 36.714155384577936
158 1.845098040014257 40.36801588254125
159 1.4771212547196624 34.663276209978875
160 1.7781512503836436 33.51414632402991
161 1.6989700043360187 40.68786868352573
174 1.0 25.443847031718235
19 1.6020599913279625 22.906892828979473
22 1.4771212547196624 20.042266187907835
25 1.0 18.174910176754217
278 1.0 24.438116936080927
348 1.0 18.44095543145629
412 1.0 21.758302257583633
441 1.0 31.735712827979288
472 1.0 26.198430887398857
529 1.0 16.631082353314728
557 1.0 32.03860327247943
67 1.0 17.777478226009574
809 1.3010299956639813 23.93775068948324
811 1.0 19.284259305458484
867 1.6989700043360187 36.43404557128479
873 1.0 25.188400405739408
94 1.0 40.42228834338309
971 1.0 19.694865931417798
987 1.0 15.618327832578043
