1.8239087409443189
124 1.0 17.76930122808498
257 1.4771212547196624 32.04340428656301
258 1.3010299956639813 34.15368633845293
279 1.4771212547196624 19.349744435445626
281 1.0 18.79756428818881
282 1.3010299956639813 19.08990744429096
285 1.6989700043360187 30.562929415100232
286 1.0 14.105675126378276
327 1.0 32.86526353435894
331 1.3010299956639813 26.137525464974466
54 1.3010299956639813 16.32113418866619
586 1.0 13.043359770775753
587 1.0 13.1958036553251
588 1.3010299956639813 16.32113418866619
597 1.0 19.894981669475758
