1.721246399047171
149 1.3010299956639813 30.628195318865107
152 1.0 27.106140088612186
153 1.0 38.91027615891787
155 1.0 32.78554205971943
267 1.0 24.25543451426215
283 1.0 15.990191960562015
295 1.0 21.53759215073197
335 1.0 27.194637545841633
435 1.0 18.127861733361883
545 1.3010299956639813 23.297633308982533
559 1.0 32.39203154477896
712 1.0 16.15335632829963
774 1.0 20.078881121899666
778 1.4771212547196624 29.375621062375156
779 1.3010299956639813 26.762559621671812
780 1.0 28.653172853466874
834 1.3010299956639813 19.359056970763802
932 1.0 19.543680316998906
993 1.3010299956639813 33.541218365030296
