1.5228787452803376
117 1.0 14.688235307452093
119 1.0 22.648675884415564
131 1.0 31.908356378043813
132 1.0 31.170157473839097
133 1.0 27.54885932499107
134 1.0 29.51314963866556
135 1.0 23.727421112255122
136 1.0 22.900372757632663
137 1.0 22.26891535791042
138 1.0 17.408752168168547
139 1.0 21.045092986540304
140 1.3010299956639813 22.06065850896495
141 1.0 19.014107610916184
142 1.3010299956639813 21.606364977884798
143 1.3010299956639813 19.603466556586774
144 1.3010299956639813 13.560905513410859
145 1.0 38.43033977941447
146 1.0 38.26126400416704
147 1.0 39.718947201261805
148 1.0 36.70053413239285
258 1.0 34.15368633845293
28 2.113943352306837 13.92508395906801
29 1.6020599913279625 13.98931911831685
485 1.0 18.6714979484428
486 1.0 19.08673079463014
488 1.0 18.786565844786978
489 2.113943352306837 13.92508395906801
920 1.0 17.092496631953207
928 1.6989700043360187 18.737561566460872
964 1.0 18.40060383547051
