1.7958800173440752
174 1.0 25.443847031718235
261 1.6020599913279625 40.472400145134394
263 1.0 21.157562303591927
269 1.0 28.06641091839446
453 1.0 19.168795308535405
510 1.3010299956639813 21.594628676437562
514 1.0 19.011194543423425
554 2.0 17.95037467412827
555 2.0 22.42238581080986
570 1.0 35.00523577088447
573 1.6989700043360187 34.62164344212061
581 1.0 25.541293855592556
585 1.3010299956639813 30.96669564390913
667 1.0 20.441369254248713
942 1.0 19.45006435459591
963 1.0 18.42775682251999
