1.5686362358410126
198 1.0 18.00016847208931
206 1.0 18.054340943557705
216 1.0 16.421261094972383
249 1.3010299956639813 22.75668213035031
261 1.0 40.472400145134394
275 1.0 17.353484581504098
336 1.0 27.213017312486674
500 1.0 27.79974623106974
510 1.0 21.594628676437562
518 1.0 17.902990023252144
520 1.0 25.214633181541256
527 1.0 20.61363026869414
532 1.0 19.229822454648716
544 1.0 21.7329857487666
565 1.0 25.067378635529828
567 1.0 23.07027838400899
593 1.0 18.09585950831236
598 1.0 19.920097781606806
600 1.0 18.60056357999351
646 1.0 21.019109611528222
652 1.0 18.00016847208931
658 1.0 18.054340943557705
662 1.0 19.61461115210067
831 1.0 27.79974623106974
931 1.0 19.569247311356932
941 1.0 18.01860444167257
950 1.0 16.21290906039629
