1.5528419686577808
104 1.0 21.315476777332258
134 1.0 29.51314963866556
161 1.0 29.183057629910973
184 1.0 24.619860170608522
205 1.0 18.02662549969417
208 1.0 19.715082278253885
248 1.0 22.73469994483774
257 1.0 32.04340428656301
275 1.0 20.27889021374396
277 1.3010299956639813 24.417648522770687
285 1.0 30.562929415100232
296 1.0 18.417536610152265
471 1.0 26.179338818270686
500 1.0 24.619860170608522
509 1.0 21.57146234433863
519 1.0 25.19479562289961
523 1.0 18.160502520733715
530 1.0 20.54820717542731
545 1.0 23.297633308982533
552 1.0 20.441020454368555
562 1.3010299956639813 23.455333927936188
599 1.0 18.573663222245116
657 1.0 18.02662549969417
829 1.0 24.619860170608522
862 1.3010299956639813 22.500892102974184
918 1.0 21.05942217315108
941 1.0 16.02177904462421
969 1.0 20.721079216106737
