1.3098039199714864
184 1.0 24.619860170608522
186 1.0 25.345464687070297
190 1.0 30.967630313961816
192 1.0 19.898472476859148
197 1.0 17.97236948828946
205 1.0 18.02662549969417
206 1.0 18.772126118491787
232 1.0 18.772126118491787
235 1.0 23.489746840008912
241 1.0 20.323087997959746
274 1.0 17.324647965269033
332 1.0 24.231012577485338
335 1.0 27.194637545841633
343 1.0 20.837214848503734
408 1.0 18.772126118491787
446 1.0 17.40906918615375
447 1.0 18.6211653234297
500 1.0 24.619860170608522
517 1.0 17.875039909680364
532 1.0 15.834509410850428
538 1.0 20.55751044757001
541 1.0 19.703508556272116
546 1.0 20.3971096387274
547 1.0 19.03026025482742
571 1.0 29.826229749704215
584 1.0 30.950545053399313
597 1.3010299956639813 19.894981669475758
599 1.0 18.573663222245116
628 1.0 17.4321572644572
62 1.0 20.323087997959746
631 1.0 19.950177336902193
646 1.0 18.504078859130104
648 1.0 19.898472476859148
651 1.0 17.97236948828946
657 1.0 18.02662549969417
658 1.0 18.772126118491787
820 1.0 30.967630313961816
829 1.0 24.619860170608522
83 1.0 25.345464687070297
937 1.3010299956639813 20.6196626379172
940 1.0 19.551908923253773
942 1.4771212547196624 17.99083394469146
943 1.3010299956639813 19.424340488107244
946 1.0 16.45126582587042
958 1.3010299956639813 18.125192411844907
977 1.0 19.099167857362065
978 1.0 17.34793605111952
979 1.0 19.907440181516993
993 1.0 33.541218365030296
