1.6020599913279623
107 1.0 21.261407681253527
173 1.0 18.85938858887468
214 1.0 18.044528672125754
285 1.4771212547196624 27.333530767834674
286 1.0 30.579284727285547
295 1.0 18.766205879960378
322 1.0 19.415200818214007
326 1.0 26.265110333168654
329 1.0 24.220820861806594
330 1.0 25.015154858124397
397 1.0 34.76173337398946
399 1.3010299956639813 31.06364857854412
549 1.0 19.672691459680365
553 1.0 20.46546645488232
561 1.3010299956639813 26.19567707123272
565 1.3010299956639813 25.067378635529828
567 1.3010299956639813 23.07027838400899
633 1.0 22.269887599954423
634 1.0 20.53889892996114
771 1.0 19.405549325281637
772 1.3010299956639813 31.06364857854412
917 1.0 21.083151146519995
958 1.0 21.012855683925522
981 1.0 19.04032511818754
992 1.3010299956639813 33.556122085405605
