1.6575773191777938
216 1.0 16.721725650862297
249 1.0 21.570555711548227
334 1.0 26.57358007912264
524 1.0 20.518967135692183
533 1.0 19.696864101303447
538 1.0 20.55751044757001
539 1.0 23.34826527667759
540 1.0 18.8619507228725
549 1.3010299956639813 22.395775493328287
663 1.0 17.854013827579386
664 1.0 20.597926648495577
666 1.0 20.41689440117043
941 1.0 16.02177904462421
944 1.3010299956639813 19.37627093560627
955 1.0 20.597926648495577
957 1.0 20.46054266240951
958 1.0 18.125192411844907
970 1.0 20.574683754662654
977 1.0 19.099167857362065
984 1.0 15.961555900385454
985 1.0 17.667633952974512
989 1.0 18.267442413672814
