1.4685210829577449
132 1.0 31.9240224086541
136 1.0 23.748484428238577
137 1.0 22.922196064917607
143 1.0 21.629493927449314
146 1.6989700043360187 38.443348131520054
147 1.845098040014257 38.27432982034523
148 2.0 39.73153365749456
149 1.0 36.714155384577936
150 1.3010299956639813 30.64451579794581
151 1.0 28.69713041845068
152 1.0 26.43569384136088
153 1.3010299956639813 27.124579821694358
154 1.3010299956639813 38.92312411360697
159 1.0 34.663276209978875
160 1.0 33.51414632402991
186 1.0 17.074068216246978
21 1.0 18.049400889846094
296 1.0 21.560794875219035
379 1.3010299956639813 24.673753214847594
383 1.0 23.402720804995248
387 1.0 21.87923801272718
390 1.0 23.009670542854348
423 1.0 15.351295233681704
666 1.0 21.979048869070308
713 1.0 16.184280047905055
742 1.0 21.68833801617828
749 1.0 22.58723493033533
750 1.0 20.234721635985533
780 1.0 29.39263705080337
813 1.3010299956639813 16.555206772911212
816 1.0 26.40168560543113
882 1.0 18.91930081490118
889 1.0 17.074068216246978
94 1.3010299956639813 40.42228834338309
