1.6989700043360187
106 1.6020599913279625 21.237877873941795
199 1.0 22.603396897878287
229 1.0 22.603396897878287
398 1.4771212547196624 31.04754842191709
419 1.0 16.410243719356703
470 1.6989700043360187 23.994543772969674
519 1.3010299956639813 25.19479562289961
547 1.3010299956639813 19.03026025482742
571 1.3010299956639813 29.826229749704215
581 1.0 26.831073433021917
599 1.0 18.573663222245116
653 1.0 22.603396897878287
770 1.4771212547196624 31.04754842191709
865 2.113943352306837 36.420319557775116
867 1.0 20.329143187123556
875 1.845098040014257 22.430004022861485
876 2.0 27.115678493576954
877 1.845098040014257 22.430004022861485
878 1.9542425094393248 33.105865818015594
920 1.0 17.092496631953207
