1.2924298239020637
107 1.0 21.261407681253527
187 1.0 25.365184410989947
197 1.4771212547196624 21.73615837537494
19 1.0 22.906892828979473
1 1.4771212547196624 24.099314783282633
203 1.4771212547196624 18.47845587465186
206 1.3010299956639813 18.054340943557705
211 1.0 19.87652496554322
224 1.4771212547196624 18.47845587465186
228 1.0 19.271408794907185
24 1.0 22.714650363605696
296 1.0 21.560794875219035
325 1.0 15.755311297820837
346 1.0 17.379200642449316
397 1.0 34.76173337398946
402 1.0 24.177242781351655
42 1.0 17.36771058332882
472 2.230448921378274 26.198430887398857
503 1.0 24.96783731854743
508 1.0 17.36771058332882
511 1.6020599913279625 18.55968024231519
539 1.0 20.581818087864594
540 1.3010299956639813 23.36967033208018
543 1.0 18.30187230227827
549 1.0 19.672691459680365
551 1.0 15.64922422599311
567 1.0 23.07027838400899
61 1.4771212547196624 18.47845587465186
647 1.0 18.531080228224845
64 1.0 16.737458178003557
651 1.4771212547196624 21.73615837537494
658 1.3010299956639813 18.054340943557705
669 1.0 17.756055320837486
712 1.0 16.737458178003557
73 1.0 13.03590292228772
777 1.0 24.177242781351655
778 1.0 25.828938051552868
783 1.0 24.23640676791617
82 1.0 16.571218594456724
84 1.0 25.365184410989947
855 1.0 16.571218594456724
874 1.0 15.628378267266886
91 1.4771212547196624 21.73615837537494
946 1.3010299956639813 19.482666389137716
950 1.0 16.21290906039629
953 1.0 19.129941566095997
958 1.0 21.012855683925522
962 1.0 17.046701400697756
980 1.0 18.174623439227215
992 1.3010299956639813 33.556122085405605
99 1.0 15.628378267266886
