1.721246399047171
185 1.0 24.640160608655044
249 1.0 22.75668213035031
258 1.0 32.05900432440354
302 1.0 15.880314132670478
326 1.0 26.265110333168654
397 1.0 34.76173337398946
498 1.0 22.596184090364247
501 1.0 24.640160608655044
534 1.0 19.72223251625476
553 1.0 20.46546645488232
593 1.0 18.09585950831236
598 1.0 19.920097781606806
601 1.0 13.112389751655092
830 1.0 22.596184090364247
911 1.0 21.53343177229172
916 1.0 20.322029692038072
917 1.0 21.083151146519995
970 1.0 18.816376936112132
981 1.0 19.04032511818754
