1.744727494896694
185 1.0 24.640160608655044
187 1.0 25.365184410989947
244 1.0 25.829961126625353
249 1.0 22.75668213035031
259 1.0 34.168322910342354
302 1.0 15.880314132670478
326 1.4771212547196624 26.265110333168654
328 1.3010299956639813 32.88047364596294
331 1.0 26.442768047844584
332 1.0 26.156648054217282
338 1.0 25.829961126625353
345 1.0 19.45537620834872
452 1.0 15.65046621316542
501 1.0 24.640160608655044
565 1.3010299956639813 25.067378635529828
566 1.0 24.435514902659826
601 1.0 13.112389751655092
84 1.0 25.365184410989947
