1.2518119729937995
101 1.0 12.932211177895763
102 1.0 13.08594994448978
103 1.0 13.03590292228772
104 1.0 13.08594994448978
105 1.0 21.33892101876266
106 1.0 13.009307666040192
107 1.0 21.261407681253527
108 1.0 13.12410324363886
200 1.3010299956639813 22.625506653399253
205 1.0 18.460464588544884
206 1.0 18.054340943557705
213 1.0 19.298818028563065
230 1.3010299956639813 22.625506653399253
232 1.0 18.460464588544884
335 1.0 26.592389103304416
339 1.0 21.777753188456284
345 1.4771212547196624 19.45537620834872
363 1.0 13.282942259163587
365 1.0 13.016779750010134
368 1.0 13.055135198850829
370 1.0 13.15738014197561
41 1.0 20.898009485572526
470 1.0 13.047685080108735
471 1.0 24.01537280312254
472 1.0 26.198430887398857
473 1.0 20.456210819322695
474 1.0 13.112389751655092
475 1.0 12.97081670326476
496 1.0 17.074026788002808
523 1.3010299956639813 19.697674446970826
524 1.0 18.188013959901607
526 1.3010299956639813 17.752415668623385
646 1.0 21.019109611528222
654 1.3010299956639813 22.625506653399253
657 1.0 18.460464588544884
658 1.0 18.054340943557705
70 1.0 13.219072433822898
72 1.0 13.395393053593981
74 1.0 13.320531335508875
828 1.0 17.074026788002808
85 1.0 20.97110134921298
860 1.0 13.074202270093174
861 1.0 12.989661046433016
862 1.0 13.08594994448978
863 1.0 13.12410324363886
864 1.0 22.523102482333243
865 1.0 13.12410324363886
866 1.0 13.047685080108735
867 1.0 36.43404557128479
868 1.0 13.112389751655092
869 1.0 20.353723559156737
870 1.0 13.12410324363886
871 1.0 13.074202270093174
872 1.0 13.138776352801159
873 1.0 25.188400405739408
995 1.0 16.320376040179806
