1.4559319556497243
132 1.0 31.9240224086541
138 1.0 22.291356872514033
146 2.0 38.443348131520054
147 1.845098040014257 38.27432982034523
148 2.0413926851582254 39.73153365749456
149 1.3010299956639813 36.714155384577936
154 1.0 38.92312411360697
158 1.0 40.36801588254125
185 1.0 24.640160608655044
190 1.0 20.72132492096882
191 1.0 30.983771998615772
259 1.0 34.168322910342354
31 1.4771212547196624 15.977249114874716
370 1.0 13.15738014197561
394 1.0 15.748925436938276
421 1.0 22.714705200606023
434 1.0 26.054272842923844
487 1.0 19.112909051912595
497 1.6020599913279625 21.557388215952543
501 1.0 24.640160608655044
538 1.0 16.052093028525185
64 1.0 16.737458178003557
712 1.0 16.737458178003557
741 1.0 16.52566545054529
746 1.0 19.14200258825803
749 1.3010299956639813 22.58723493033533
803 1.0 16.74751991200512
815 1.0 20.604951603302737
822 1.0 20.72132492096882
823 1.0 30.983771998615772
829 1.6020599913279625 21.557388215952543
852 1.3010299956639813 21.864410189197464
854 1.3010299956639813 20.336569559735775
945 1.4771212547196624 16.481630601170867
959 1.0 19.190356568188804
