1.1307682802690238
132 1.3010299956639813 31.9240224086541
133 1.0 31.18619433249154
134 1.9542425094393248 27.567002922119546
135 1.3010299956639813 29.53008637972915
136 1.0 23.748484428238577
140 1.0 21.068838098294076
141 1.0 22.083311659467373
142 1.3010299956639813 19.04038571666816
143 1.0 21.629493927449314
144 1.6020599913279625 19.628955678670632
146 1.0 38.443348131520054
148 1.3010299956639813 39.73153365749456
149 1.0 36.714155384577936
155 1.4771212547196624 39.65608647202028
158 1.6989700043360187 40.36801588254125
159 1.0 34.663276209978875
161 1.3010299956639813 40.68786868352573
163 1.0 27.444701699266258
164 1.0 29.060873897358988
237 1.0 18.99543449459334
24 1.3010299956639813 22.714650363605696
26 1.6989700043360187 18.64575497280853
27 1.3010299956639813 16.156094595531805
295 1.0 18.766205879960378
313 1.0 16.271444758929782
335 1.4771212547196624 26.592389103304416
353 1.0 25.406505472371265
358 1.0 15.03049511803453
390 1.4771212547196624 23.009670542854348
396 1.0 14.792239883501855
403 1.0 16.399120626275778
407 1.7781512503836436 16.206807375934993
433 1.0 24.68064648083747
435 1.0 24.468548355039516
486 1.0 18.698257556219072
487 1.4771212547196624 19.112909051912595
494 1.0 22.47464478924292
557 1.0 32.03860327247943
558 1.0 29.49056558466878
570 1.0 35.00523577088447
612 1.0 16.40190763707712
624 1.0 16.49972484873875
655 1.0 22.47464478924292
672 1.3010299956639813 19.607432276969973
677 1.3010299956639813 20.260093000467393
679 1.3010299956639813 17.421072102946884
684 1.3010299956639813 16.936770172063596
68 1.0 17.582897293622267
690 1.3010299956639813 16.958302953633954
692 1.3010299956639813 17.94337135852708
749 1.0 22.58723493033533
769 1.0 12.90842531252077
773 2.1760912590556813 25.098242467704086
776 1.0 20.10376748540877
779 1.0 28.58117033955364
781 1.0 26.78123592188267
782 1.3010299956639813 28.670617617530514
785 1.0 15.098695198629603
786 1.0 16.457876252502427
787 1.0 16.369818376127807
788 1.3010299956639813 16.704463784263226
789 1.3010299956639813 16.883045284589098
790 1.3010299956639813 16.472332298017896
791 1.0 16.278477087768408
792 1.0 16.385978603831017
799 1.0 17.71515186844221
800 1.0 19.870179928383198
854 1.0 20.336569559735775
894 1.0 16.898218574553624
907 1.0 16.02381405871867
918 1.4771212547196624 24.222096258795588
952 1.3010299956639813 19.20083241364576
966 1.0 20.37474443529265
994 1.0 16.371703937607325
