1.2839966563652008
120 1.0 22.67074148141845
122 1.0 25.99704858881334
128 1.0 18.640638875516817
185 1.0 24.640160608655044
193 1.0 19.923584188401467
197 1.0 21.73615837537494
206 1.0 18.054340943557705
226 1.0 16.343763522087997
250 1.0 21.593723016307443
258 1.4771212547196624 32.05900432440354
259 1.0 34.168322910342354
261 1.3010299956639813 40.472400145134394
265 1.0 16.744108528521995
266 1.3010299956639813 24.006561347142163
268 1.0 24.276039699169623
283 1.0 19.116081351354293
285 1.0 27.333530767834674
323 1.0 19.99450022605915
326 1.0 26.265110333168654
327 1.0 21.408537178610665
328 1.3010299956639813 32.88047364596294
329 1.4771212547196624 24.220820861806594
330 1.6020599913279625 25.015154858124397
331 1.0 26.442768047844584
332 1.0 26.156648054217282
333 1.3010299956639813 24.251638512278973
349 1.0 16.95637498328479
397 1.7781512503836436 34.76173337398946
412 1.0 21.758302257583633
414 1.0 19.240697556286563
446 1.0 21.762871720842014
501 1.0 24.640160608655044
557 1.4771212547196624 32.03860327247943
558 1.3010299956639813 29.49056558466878
565 1.3010299956639813 25.067378635529828
566 1.0 24.435514902659826
570 1.6020599913279625 35.00523577088447
582 1.0 26.849702075967517
597 1.0 19.996338987916545
646 1.3010299956639813 21.019109611528222
647 1.0 18.531080228224845
649 1.0 19.923584188401467
651 1.0 21.73615837537494
658 1.0 18.054340943557705
669 1.0 17.756055320837486
774 1.0 23.139038800697477
852 1.0 21.864410189197464
91 1.0 21.73615837537494
933 1.0 19.069899742909588
944 1.3010299956639813 19.917140587765708
951 1.0 25.40756427571084
969 1.0 20.598971129752556
