1.6197887582883939
131 1.0 31.908356378043813
132 1.0 31.170157473839097
133 1.0 27.54885932499107
136 1.0 22.900372757632663
140 1.0 22.06065850896495
145 1.3010299956639813 38.43033977941447
146 1.3010299956639813 38.26126400416704
147 1.3010299956639813 39.718947201261805
148 1.0 36.70053413239285
153 1.3010299956639813 38.91027615891787
154 1.6020599913279625 39.64347606197456
155 1.4771212547196624 32.78554205971943
156 1.0 27.300266473449927
157 1.6020599913279625 40.355627938282694
158 1.3010299956639813 34.64884871982456
159 1.6989700043360187 33.49922392874927
160 1.4771212547196624 40.68185651929256
162 1.4771212547196624 27.42647719561716
19 1.0 22.88505492845388
487 1.0 18.890476520092495
531 1.0 19.203803572139346
844 1.0 15.562398568103088
93 1.0 40.4099170367325
979 1.3010299956639813 19.907440181516993
