1.6989700043360187
173 1.0 18.85938858887468
175 1.0 18.88811507135678
260 1.0 27.085761995614487
263 1.0 21.157562303591927
264 1.0 18.98771976077981
329 1.0 24.220820861806594
330 1.0 25.015154858124397
399 1.3010299956639813 31.06364857854412
556 1.0 21.34923713779162
559 1.0 21.174473649853873
567 1.0 23.07027838400899
570 1.0 35.00523577088447
572 1.0 29.842988809469816
581 1.0 25.541293855592556
582 1.0 26.849702075967517
732 1.0 28.96885361670166
733 1.0 24.09659662047416
747 1.0 22.34898733858306
751 1.0 24.759982935078224
772 1.3010299956639813 31.06364857854412
