1.6989700043360187
142 1.0 21.606364977884798
154 1.0 39.64347606197456
155 1.0 32.78554205971943
160 1.6020599913279625 40.68185651929256
161 1.6020599913279625 29.183057629910973
162 1.0 27.42647719561716
163 1.0 29.043663537477517
202 1.3010299956639813 18.45137749631327
207 1.4771212547196624 18.0557751805786
223 1.3010299956639813 18.45137749631327
224 1.4771212547196624 18.0557751805786
356 1.0 16.341214190652384
525 1.3010299956639813 17.7242281093306
535 1.0 17.779601462975204
593 1.0 21.456267665239462
61 1.3010299956639813 18.45137749631327
679 1.3010299956639813 15.743631599218444
865 1.0 36.420319557775116
931 1.0 22.349952035011718
939 1.0 17.878596309450398
