0.7544873321858502
109 1.6020599913279625 19.715945972128416
111 1.3010299956639813 18.8928542926875
112 1.0 16.952806137528757
113 1.3010299956639813 16.83451201033724
131 1.9542425094393248 31.908356378043813
132 2.0 31.170157473839097
133 1.845098040014257 27.54885932499107
134 1.9542425094393248 29.51314963866556
135 1.4771212547196624 23.727421112255122
136 1.9030899869919435 22.900372757632663
137 1.4771212547196624 22.26891535791042
138 1.0 17.408752168168547
139 1.3010299956639813 21.045092986540304
140 1.4771212547196624 22.06065850896495
141 1.6989700043360187 19.014107610916184
142 1.3010299956639813 21.606364977884798
143 1.6989700043360187 19.603466556586774
145 2.361727836017593 38.43033977941447
146 2.4313637641589874 38.26126400416704
147 2.361727836017593 39.718947201261805
148 2.255272505103306 36.70053413239285
149 2.146128035678238 30.628195318865107
150 1.3010299956639813 28.679701781112843
151 1.4771212547196624 26.41677324871767
152 1.7781512503836436 27.106140088612186
153 2.361727836017593 38.91027615891787
154 2.4771212547196626 39.64347606197456
155 2.113943352306837 32.78554205971943
156 1.6989700043360187 27.300266473449927
157 2.7160033436347994 40.355627938282694
158 2.1760912590556813 34.64884871982456
159 2.4313637641589874 33.49922392874927
160 2.5314789170422554 40.68185651929256
161 2.380211241711606 29.183057629910973
162 2.113943352306837 27.42647719561716
163 2.0 29.043663537477517
169 1.3010299956639813 16.893122029317794
185 1.3010299956639813 17.044758885154558
188 1.9030899869919435 22.772628792451215
189 1.3010299956639813 20.697181124016947
18 1.0 14.272801310968436
190 1.3010299956639813 30.967630313961816
191 1.0 16.952806137528757
197 1.0 17.97236948828946
1 1.0 24.469666509833758
209 1.3010299956639813 20.72532624391316
211 1.0 22.03031942410671
21 1.4771212547196624 18.02167784870146
222 1.0 19.47615277135082
22 1.4771212547196624 20.017303363514117
233 1.3010299956639813 20.72532624391316
236 1.3010299956639813 18.969094117495082
237 1.0 17.76548249061496
242 1.0 17.48060764330447
244 1.0 16.48858847797927
245 1.0 15.579322499796028
24 1.4771212547196624 22.69262746225858
256 1.0 14.651068157152437
26 1.4771212547196624 18.618919907073398
272 1.3010299956639813 15.457778110651116
273 1.3010299956639813 16.369637361529076
277 1.4771212547196624 24.417648522770687
283 1.0 15.990191960562015
284 1.845098040014257 27.31523209193297
287 1.0 16.48858847797927
288 1.3010299956639813 19.392382017280667
290 1.4771212547196624 17.858124243150325
291 1.0 16.58416436051082
295 1.0 21.53759215073197
306 1.0 16.600338456632596
314 1.0 16.038281372083322
334 1.6989700043360187 26.57358007912264
335 1.0 27.194637545841633
336 1.0 17.48060764330447
338 1.4771212547196624 21.754781863703386
341 1.3010299956639813 19.392382017280667
342 1.0 22.806563635018236
344 1.3010299956639813 19.429659374481616
352 1.0 25.386817845441577
378 2.0413926851582254 24.653480438007165
380 1.4771212547196624 17.099229420425257
382 1.845098040014257 23.381346006518903
386 1.6989700043360187 21.856373350068075
388 1.3010299956639813 17.383230863411256
389 1.7781512503836436 22.987930278533103
396 1.0 34.747346764383785
398 1.0 31.04754842191709
401 2.230448921378274 24.1565533242725
405 1.0 17.108838352647496
409 1.3010299956639813 20.72532624391316
415 1.3010299956639813 19.419275690945604
435 1.4771212547196624 18.127861733361883
446 1.0 17.40906918615375
453 1.0 15.044342067483518
457 1.4771212547196624 24.521319277035015
458 1.3010299956639813 15.457778110651116
478 1.0 16.600338456632596
479 1.3010299956639813 17.044758885154558
486 1.4771212547196624 19.08673079463014
488 1.3010299956639813 18.786565844786978
494 1.3010299956639813 16.83451201033724
510 1.9030899869919435 18.532720542245944
518 1.0 20.682013519960595
523 1.3010299956639813 18.160502520733715
526 1.4771212547196624 20.589360185649852
532 1.0 15.834509410850428
533 1.0 19.696864101303447
545 1.6020599913279625 23.297633308982533
547 1.0 19.03026025482742
575 1.4771212547196624 16.359093907045278
576 1.6989700043360187 21.517861792661158
578 1.3010299956639813 17.196077893890912
60 1.6020599913279625 20.28552366248819
613 1.0 16.24635806045507
626 1.0 15.483953915022516
633 1.0 20.514540434900287
639 1.4771212547196624 16.56038138552629
647 1.9030899869919435 22.772628792451215
651 1.0 17.97236948828946
664 1.3010299956639813 20.597926648495577
665 1.0 21.956288146883587
677 1.3010299956639813 19.89770402247368
681 1.3010299956639813 18.065059521538757
686 1.0 17.162340194417848
69 1.0 26.41557398804616
712 1.0 16.15335632829963
731 1.0 28.951588555136127
735 1.9030899869919435 26.464092456397857
737 1.6989700043360187 23.235022308206137
741 1.7781512503836436 21.665271886223913
745 1.0 19.115864173216895
748 1.6989700043360187 22.56508767539272
749 1.6989700043360187 20.209996528594978
770 1.0 31.04754842191709
771 2.0413926851582254 25.078312841330952
774 1.4771212547196624 20.078881121899666
775 2.230448921378274 24.1565533242725
776 1.9030899869919435 25.809572659595812
777 2.3010299956639813 28.5636709471766
778 2.342422680822206 29.375621062375156
779 2.230448921378274 26.762559621671812
780 2.361727836017593 28.653172853466874
781 1.9542425094393248 24.215767859390553
782 2.204119982655925 28.8122112955473
807 1.0 23.916854058840084
819 1.3010299956639813 20.697181124016947
820 1.3010299956639813 30.967630313961816
821 1.0 16.952806137528757
822 1.0 16.58416436051082
82 1.0 16.54101827897147
834 1.3010299956639813 19.359056970763802
84 1.0 20.94724544657274
853 1.0 16.54101827897147
86 1.845098040014257 24.815590935179138
880 1.0 15.076218839772537
881 1.0 16.868603706098174
887 1.0 16.038281372083322
891 1.0 20.556957071190386
895 1.3010299956639813 16.22969191138666
89 1.0 16.48858847797927
900 1.0 14.099612986087388
903 1.0 16.756624857433575
904 1.0 13.348934049756208
909 1.0 18.220820409533506
910 1.0 17.02047450238395
919 1.0 24.20144514632048
926 1.3010299956639813 17.117590186266202
92 1.4771212547196624 19.083829329388184
93 1.6020599913279625 40.4099170367325
954 1.4771212547196624 19.103786648783725
955 1.3010299956639813 20.597926648495577
959 1.6020599913279625 20.989047238821517
970 1.0 20.574683754662654
981 1.6989700043360187 18.147091699710654
986 1.4771212547196624 19.998220484206893
993 1.9542425094393248 33.541218365030296
