1.2676062401770316
105 1.0 21.33892101876266
174 1.0 25.443847031718235
199 1.0 19.95515608969582
207 1.0 18.798742484766407
212 1.3010299956639813 22.053003739358804
213 1.0 19.298818028563065
229 1.0 19.919432784468437
233 1.0 18.798742484766407
242 1.0 20.34767568477578
259 1.0 34.168322910342354
261 1.3010299956639813 40.472400145134394
280 1.0 19.375567339230585
285 1.0 27.333530767834674
2 1.0 25.673207973589584
399 1.3010299956639813 31.06364857854412
3 1.0 25.673207973589584
409 1.0 18.798742484766407
431 1.4771212547196624 21.076784861203542
433 1.4771212547196624 24.68064648083747
435 1.4771212547196624 24.468548355039516
437 1.3010299956639813 16.518134272484215
438 1.6020599913279625 16.53113721916283
439 1.0 16.150783000266802
440 1.0 16.088747357134647
459 1.3010299956639813 24.541701226408268
494 1.0 22.47464478924292
505 1.0 17.827254209129045
542 1.3010299956639813 19.728868427436186
543 1.0 18.30187230227827
545 1.0 16.369127366332837
563 1.0 23.476641362660768
567 1.0 23.07027838400899
571 1.0 19.508904785615407
573 1.4771212547196624 34.62164344212061
581 1.0 25.541293855592556
598 1.845098040014257 19.920097781606806
62 1.0 20.34767568477578
653 1.0 19.95515608969582
655 1.0 22.47464478924292
659 1.0 18.798742484766407
667 1.0 20.441369254248713
684 1.0 16.936770172063596
733 1.0 24.09659662047416
771 1.0 19.405549325281637
772 1.3010299956639813 31.06364857854412
911 1.0 21.53343177229172
916 1.0 20.322029692038072
939 1.3010299956639813 19.57746517154891
941 1.3010299956639813 18.01860444167257
943 1.3010299956639813 19.402058534341666
947 1.0 19.409288369513817
952 1.4771212547196624 19.20083241364576
957 1.845098040014257 18.152757365381166
984 1.0 17.695911660502205
