0.8860566476931633
120 1.0 22.67074148141845
121 1.0 16.452082774442715
122 1.3010299956639813 25.99704858881334
123 1.0 21.94118068747015
125 1.0 17.797417400691103
126 1.0 19.10717613125738
128 1.0 18.640638875516817
185 1.0 24.640160608655044
186 1.0 17.074068216246978
188 1.0 18.394820991631416
190 1.0 20.72132492096882
191 1.0 30.983771998615772
195 1.0 16.82457919792204
196 1.0 16.82457919792204
204 1.0 17.837739327910686
219 1.0 20.060459993820544
245 1.0 16.518884647461846
246 1.0 15.611383332448497
259 1.0 34.168322910342354
260 1.0 27.085761995614487
261 1.0 40.472400145134394
269 1.0 28.06641091839446
271 1.4771212547196624 27.296216475399984
273 1.0 15.490090513554941
284 1.0 16.021430614511992
285 1.3010299956639813 27.333530767834674
286 1.0 30.579284727285547
288 1.0 16.518884647461846
292 1.0 16.614286248179223
2 1.3010299956639813 25.673207973589584
316 1.0 16.866249934906318
328 1.0 32.88047364596294
333 1.3010299956639813 24.251638512278973
340 1.0 17.837739327910686
348 1.0 18.44095543145629
350 1.0 18.249780831901347
351 1.0 19.334505504177955
381 1.0 17.128445544541883
389 1.0 17.411970458585486
399 1.0 31.06364857854412
3 1.3010299956639813 25.673207973589584
420 1.0 16.4406842597468
421 1.0 22.714705200606023
422 1.0 19.196609027115258
433 1.0 24.68064648083747
435 1.0 24.468548355039516
436 1.0 18.15542263413017
454 1.0 16.518884647461846
455 1.0 15.077540523688015
457 1.0 18.43689483349195
458 1.0 17.695365074715316
471 1.0 24.01537280312254
483 1.0 14.843383405093189
495 1.0 16.86418674665899
496 1.0 17.074026788002808
497 1.0 21.557388215952543
498 1.0 22.596184090364247
4 1.0 14.41280745587774
500 1.0 27.79974623106974
501 1.0 24.640160608655044
502 1.4771212547196624 18.60296721930803
503 1.0 24.96783731854743
504 1.0 18.391649858504977
505 1.0 17.827254209129045
506 1.0 20.117459620901656
510 1.0 21.594628676437562
512 1.0 21.108817330045582
513 1.0 17.51618482981768
515 1.0 23.20380250236597
520 1.0 25.214633181541256
521 1.0 15.124311784902089
525 1.0 20.543320381954224
541 1.0 18.888440514559967
553 1.0 20.46546645488232
558 1.0 29.49056558466878
560 1.3010299956639813 32.40746376373745
568 1.0 16.29063286533528
569 1.3010299956639813 21.220451953962858
572 1.0 29.842988809469816
573 1.3010299956639813 34.62164344212061
583 1.0 25.011711924712642
585 1.0 30.96669564390913
616 1.7781512503836436 23.902881671535816
628 1.0 15.593254352876475
629 1.0 17.460816329506702
630 1.0 15.480740248068322
631 1.0 16.9948601162417
632 1.0 19.9752240481514
633 1.0 22.269887599954423
634 1.0 20.53889892996114
635 1.3010299956639813 21.5228993608598
636 1.0 18.05674668124595
637 1.0 16.02625467467848
639 1.0 18.00030745664779
665 1.0 20.62218664974217
689 1.0 16.394314216462067
735 1.0 14.99808583605626
736 1.0 26.48297924216182
772 1.0 31.06364857854412
7 1.0 20.662205334068826
818 1.0 15.490090513554941
820 1.0 18.394820991631416
822 1.0 20.72132492096882
823 1.0 30.983771998615772
825 1.0 16.614286248179223
826 1.0 16.82457919792204
828 1.0 17.074026788002808
829 1.0 21.557388215952543
830 1.0 22.596184090364247
831 1.0 27.79974623106974
85 1.0 20.97110134921298
864 1.0 22.523102482333243
878 1.0 27.134111744574057
882 1.0 18.91930081490118
884 1.0 16.86418674665899
889 1.0 17.074068216246978
893 1.0 15.109347256076695
895 1.0 15.682046710929198
909 1.0 17.04982557935131
90 1.0 17.747677710827986
914 1.0 15.862380670664196
917 1.0 21.083151146519995
922 1.0 21.35873785771627
925 1.0 17.14677502578712
926 1.0 15.604094532541186
927 1.0 18.7642269613462
932 1.0 22.35128407421646
933 1.0 19.069899742909588
954 1.0 20.62218664974217
969 1.0 20.598971129752556
