1.3565473235138126
121 1.6020599913279625 25.97780851667672
197 1.0 17.97236948828946
235 1.0 23.489746840008912
260 1.3010299956639813 40.46004416097286
285 1.0 30.562929415100232
411 1.0 21.73531037580023
415 1.0 19.419275690945604
433 1.3010299956639813 26.035075059878718
444 1.0 16.89424162983062
445 1.0 21.739884671677192
446 1.0 17.40906918615375
447 1.0 18.6211653234297
448 1.0 16.101960150219295
450 1.0 15.76538963474183
451 1.3010299956639813 15.618485608068163
452 1.7781512503836436 19.142693477683043
511 1.0 21.085117241154542
516 1.0 16.59643675700407
539 1.0 23.34826527667759
541 1.4771212547196624 19.703508556272116
542 1.0 18.27453227223341
549 1.3010299956639813 22.395775493328287
597 1.0 19.894981669475758
651 1.0 17.97236948828946
731 1.0 28.951588555136127
746 1.0 22.32660375113389
750 1.0 24.739780818458456
753 1.4771212547196624 21.70542592404138
80 1.0 15.680631610845849
876 1.0 27.115678493576954
937 1.6020599913279625 20.6196626379172
940 1.0 19.551908923253773
941 1.0 16.02177904462421
942 1.0 17.99083394469146
944 1.0 19.37627093560627
952 1.3010299956639813 25.38787746985513
958 1.6020599913279625 18.125192411844907
960 1.3010299956639813 19.164284103879986
964 1.6020599913279625 18.40060383547051
970 1.0 20.574683754662654
985 1.0 17.667633952974512
987 1.3010299956639813 21.088601776656837
990 1.0 17.043147830109415
991 1.0 19.241200976831678
