1.431798275933005
192 1.0 19.898472476859148
194 1.0 16.794834479301993
195 1.0 16.794834479301993
199 1.9542425094393248 22.603396897878287
213 1.3010299956639813 18.016798133940682
217 1.0 15.95864382959388
219 1.0 15.855377524671088
229 1.9542425094393248 22.603396897878287
260 1.0 40.46004416097286
329 1.0 24.995158982809944
41 1.3010299956639813 20.87407005016222
443 1.0 29.509952060039822
495 1.6989700043360187 17.04471738567224
497 1.0 22.57404561538827
505 1.0 20.09259021626153
519 1.0 25.19479562289961
533 1.0 19.696864101303447
545 2.342422680822206 23.297633308982533
551 1.0 21.162559580914515
554 1.0 22.40007556792627
560 2.591064607026499 26.176582993590046
561 1.0 20.6139191343978
562 1.0 23.455333927936188
564 1.0 25.047424451568215
565 1.0 24.415044307928472
566 1.845098040014257 23.04859528725498
571 1.9030899869919435 29.826229749704215
572 1.4771212547196624 34.607198595571596
581 1.0 26.831073433021917
648 1.0 19.898472476859148
653 1.9542425094393248 22.603396897878287
661 1.0 19.589103365088256
663 1.0 17.854013827579386
823 1.0 16.794834479301993
825 1.6989700043360187 17.04471738567224
827 1.0 22.57404561538827
84 1.0 20.94724544657274
