1.6989700043360187
116 1.0 21.142493979490386
158 1.4771212547196624 34.64884871982456
159 1.0 33.49922392874927
160 1.3010299956639813 40.68185651929256
207 1.0 18.0557751805786
224 1.0 18.0557751805786
258 1.3010299956639813 34.15368633845293
259 1.0 27.067295817703585
265 1.0 23.98572466518575
270 1.0 27.27789276817213
327 1.0 32.86526353435894
350 1.4771212547196624 19.30862768534024
551 1.3010299956639813 21.162559580914515
555 1.3010299956639813 21.325804237253536
558 1.3010299956639813 21.15084713075001
559 1.0 32.39203154477896
564 1.0 25.047424451568215
580 1.0 25.521710205582426
731 1.0 28.951588555136127
984 1.0 15.961555900385454
