1.0087739243075051
119 1.0 14.585078329436863
128 1.0 18.640638875516817
176 1.3010299956639813 22.379256958057034
209 1.4771212547196624 19.7404272810474
212 1.0 22.053003739358804
215 1.0 18.71227143762001
228 1.0 19.271408794907185
235 1.0 18.131311524289607
236 1.0 23.511023087218234
246 1.0 15.611383332448497
247 1.0 17.92587263398071
248 1.0 16.370386131129504
273 1.0 15.490090513554941
279 1.0 17.734346218217127
280 1.0 19.375567339230585
281 1.0 20.385373369801357
282 1.3010299956639813 18.824144686242487
283 1.0 19.116081351354293
297 1.0 18.44466466993366
323 1.0 19.99450022605915
344 1.0 20.86119657744264
350 1.0 18.249780831901347
351 1.0 19.334505504177955
412 1.3010299956639813 21.758302257583633
418 1.0 15.939621763732179
419 1.0 17.11396415772215
41 1.9542425094393248 20.898009485572526
432 1.0 20.140245569349506
441 1.0 31.735712827979288
444 1.0 29.526890635247195
447 1.0 17.43776619662874
448 1.0 18.647997157938995
449 1.0 16.13298238638009
450 1.0 16.00461083590737
452 1.0 15.65046621316542
453 1.3010299956639813 19.168795308535405
47 1.0 19.549619832587243
519 2.0413926851582254 20.706175002637085
523 1.0 19.697674446970826
524 1.0 18.188013959901607
525 1.0 20.543320381954224
531 1.0 20.572525808084006
533 1.0 15.866054590928105
544 1.0 21.7329857487666
548 1.0 19.056516086799924
577 1.0 21.541085769479377
579 1.0 17.22512975082521
592 1.0 15.957605833185818
5 1.845098040014257 18.48385548625501
600 1.0 18.60056357999351
643 1.0 19.64025085319644
644 1.0 19.655188678913582
664 1.0 17.88199680559741
685 1.0 17.991995194459328
686 1.0 17.204501418003492
687 1.0 17.191449064838324
688 1.3010299956639813 19.47837054680664
690 1.0 16.958302953633954
692 1.0 17.94337135852708
694 1.0 18.13228138623654
695 1.0 13.748192686610185
696 1.0 19.78611774450118
732 1.0 28.96885361670166
735 1.0 14.99808583605626
736 1.6989700043360187 26.48297924216182
747 1.3010299956639813 22.34898733858306
751 1.4771212547196624 24.759982935078224
754 1.6989700043360187 21.72844942797455
809 1.0 23.93775068948324
812 1.0 18.445184780380607
815 1.0 20.604951603302737
818 1.0 15.490090513554941
834 1.0 14.327351526296884
846 1.0 15.59449419482713
8 1.0 14.42363540819959
919 1.0 17.121724244752095
935 1.0 21.549494779071786
938 1.0 17.906540871879564
940 1.0 16.052956231011144
941 1.0 18.01860444167257
943 1.0 19.402058534341666
947 1.0 19.409288369513817
948 1.0 14.526214577737626
957 1.0 18.152757365381166
959 1.4771212547196624 19.190356568188804
960 1.0 20.844073091142132
963 1.0 18.42775682251999
964 1.0 15.603652384930466
966 1.0 20.37474443529265
968 1.0 20.745195199857015
969 1.0 20.598971129752556
972 1.0 19.608298803683244
973 1.0 18.869638675773842
975 1.0 19.03717677110868
976 1.0 19.12532909112134
977 1.0 17.376734020918096
982 1.0 19.85729433713603
991 1.0 20.996461847748183
