1.3767507096020994
120 1.0 22.67074148141845
14 1.0 14.523826702761134
15 1.0 14.523826702761134
187 1.0 25.365184410989947
200 1.0 22.625506653399253
204 1.0 17.837739327910686
206 1.0 18.054340943557705
210 1.0 20.74943729156614
219 1.0 20.060459993820544
230 1.0 22.625506653399253
234 1.0 20.74943729156614
250 1.0 21.593723016307443
258 1.4771212547196624 32.05900432440354
259 1.0 34.168322910342354
278 1.0 24.438116936080927
286 1.0 30.579284727285547
340 1.0 17.837739327910686
399 1.3010299956639813 31.06364857854412
410 1.0 20.74943729156614
415 1.3010299956639813 16.854896388101817
434 1.0 26.054272842923844
444 1.0 29.526890635247195
47 1.0 19.549619832587243
520 1.0 25.214633181541256
528 1.0 21.12339116570097
531 1.0 20.572525808084006
544 1.0 21.7329857487666
546 1.0 23.31908484052949
556 1.0 21.34923713779162
559 1.0 21.174473649853873
654 1.0 22.625506653399253
658 1.0 18.054340943557705
69 1.3010299956639813 26.43449543906486
733 1.0 24.09659662047416
772 1.3010299956639813 31.06364857854412
84 1.0 25.365184410989947
864 1.3010299956639813 22.523102482333243
867 1.0 36.43404557128479
880 1.0 33.12096543823041
951 1.0 25.40756427571084
960 1.0 20.844073091142132
992 1.4771212547196624 33.556122085405605
