1.5528419686577808
187 1.3010299956639813 25.365184410989947
231 1.0 19.843697587754125
243 1.0 17.509187404878464
244 1.0 25.829961126625353
258 1.4771212547196624 32.05900432440354
259 1.6020599913279625 34.168322910342354
261 1.3010299956639813 40.472400145134394
276 1.0 20.303531424387252
283 1.0 19.116081351354293
326 1.4771212547196624 26.265110333168654
331 1.0 26.442768047844584
336 1.0 27.213017312486674
337 1.0 17.509187404878464
338 1.0 25.829961126625353
343 1.0 22.828476621056783
499 1.0 19.843697587754125
523 1.0 19.697674446970826
532 1.3010299956639813 19.229822454648716
533 1.0 15.866054590928105
535 1.0 18.139512907437105
593 1.0 18.09585950831236
597 1.0 19.996338987916545
598 1.0 19.920097781606806
656 1.0 19.843697587754125
84 1.3010299956639813 25.365184410989947
87 1.0 24.835731385689954
978 1.0 19.932540595234652
982 1.0 19.85729433713603
