1.494850021680094
106 1.0 13.009307666040192
1 1.0 24.099314783282633
235 1.0 18.131311524289607
238 1.0 17.79360469731602
274 1.0 16.400153272087692
276 1.3010299956639813 20.303531424387252
285 1.0 27.333530767834674
296 1.0 21.560794875219035
297 1.0 18.44466466993366
302 1.0 15.880314132670478
329 1.0 24.220820861806594
330 1.0 25.015154858124397
351 1.0 19.334505504177955
411 1.0 18.356977856408704
471 1.0 24.01537280312254
520 1.0 25.214633181541256
531 1.0 20.572525808084006
535 1.0 18.139512907437105
539 1.0 20.581818087864594
540 1.0 23.36967033208018
562 1.4771212547196624 20.63816033660684
582 1.0 26.849702075967517
593 1.0 18.09585950831236
594 1.0 21.479558238529965
643 1.0 19.64025085319644
644 1.0 19.655188678913582
874 1.0 15.628378267266886
951 1.0 25.40756427571084
972 1.0 19.608298803683244
982 1.3010299956639813 19.85729433713603
992 1.0 33.556122085405605
99 1.0 15.628378267266886
