0.958607314841775
116 1.0 16.285640371001193
132 1.0 31.9240224086541
134 1.0 27.567002922119546
135 1.3010299956639813 29.53008637972915
136 1.3010299956639813 23.748484428238577
138 1.0 22.291356872514033
140 1.4771212547196624 21.068838098294076
143 1.3010299956639813 21.629493927449314
148 1.0 39.73153365749456
155 1.0 39.65608647202028
158 1.0 40.36801588254125
174 1.4771212547196624 25.443847031718235
176 1.0 22.379256958057034
191 1.0 30.983771998615772
194 1.0 17.77518118243523
199 1.0 19.95515608969582
203 1.0 18.47845587465186
211 1.0 19.87652496554322
212 1.9030899869919435 22.053003739358804
224 1.0 18.47845587465186
229 1.0 19.919432784468437
22 1.0 20.042266187907835
231 1.0 19.843697587754125
243 1.0 17.509187404878464
244 1.3010299956639813 25.829961126625353
24 1.3010299956639813 22.714650363605696
258 1.4771212547196624 32.05900432440354
259 1.4771212547196624 34.168322910342354
261 1.0 40.472400145134394
263 1.3010299956639813 21.157562303591927
264 1.4771212547196624 18.98771976077981
265 1.4771212547196624 16.744108528521995
266 1.6989700043360187 24.006561347142163
267 1.4771212547196624 20.272569941821523
269 1.0 28.06641091839446
279 1.0 17.734346218217127
281 1.0 20.385373369801357
285 1.0 27.333530767834674
291 1.3010299956639813 17.88610079038451
326 1.0 26.265110333168654
327 1.0 21.408537178610665
328 1.4771212547196624 32.88047364596294
329 1.3010299956639813 24.220820861806594
330 1.0 25.015154858124397
332 1.0 26.156648054217282
333 1.0 24.251638512278973
337 1.0 17.509187404878464
338 1.3010299956639813 25.829961126625353
343 1.6989700043360187 22.828476621056783
349 1.0 16.95637498328479
353 1.0 25.406505472371265
432 1.3010299956639813 20.140245569349506
43 1.0 17.141090857518964
449 1.0 16.13298238638009
452 1.0 15.65046621316542
459 1.0 24.541701226408268
488 1.3010299956639813 18.91692636651541
498 1.0 22.596184090364247
499 1.0 19.843697587754125
502 1.0 18.60296721930803
520 1.4771212547196624 25.214633181541256
528 1.0 21.12339116570097
531 1.0 20.572525808084006
532 1.3010299956639813 19.229822454648716
533 1.3010299956639813 15.866054590928105
535 1.0 18.139512907437105
537 1.0 17.141090857518964
546 1.0 23.31908484052949
562 1.0 20.63816033660684
563 1.0 23.476641362660768
567 1.0 23.07027838400899
572 1.0 29.842988809469816
582 1.0 26.849702075967517
585 1.3010299956639813 30.96669564390913
597 1.0 19.996338987916545
59 1.0 17.054311793451188
605 1.0 16.87814769144019
61 1.0 18.47845587465186
632 1.0 19.9752240481514
637 1.0 16.02625467467848
650 1.0 17.77518118243523
653 1.0 19.95515608969582
656 1.0 19.843697587754125
660 1.0 17.054311793451188
661 1.0 17.17957125410552
687 1.6020599913279625 17.191449064838324
689 1.3010299956639813 16.394314216462067
69 1.0 26.43449543906486
733 1.0 24.09659662047416
747 1.0 22.34898733858306
749 1.6989700043360187 22.58723493033533
751 1.0 24.759982935078224
771 1.0 19.405549325281637
773 1.3010299956639813 25.098242467704086
811 1.0 19.284259305458484
823 1.0 30.983771998615772
830 1.0 22.596184090364247
854 1.0 20.336569559735775
867 1.0 36.43404557128479
93 1.0 19.110011561305157
953 1.0 19.129941566095997
960 1.3010299956639813 20.844073091142132
966 1.3010299956639813 20.37474443529265
969 1.4771212547196624 20.598971129752556
973 1.0 18.869638675773842
975 1.4771212547196624 19.03717677110868
979 1.0 17.6480879383687
981 1.0 19.04032511818754
982 1.0 19.85729433713603
986 1.0 21.11229795390388
