1.2146701649892329
131 1.0 31.908356378043813
132 1.0 31.170157473839097
133 1.3010299956639813 27.54885932499107
134 1.0 29.51314963866556
135 1.0 23.727421112255122
140 1.3010299956639813 22.06065850896495
145 1.0 38.43033977941447
146 1.0 38.26126400416704
147 1.0 39.718947201261805
157 1.0 40.355627938282694
159 1.0 33.49922392874927
160 1.0 40.68185651929256
175 1.0 22.356903676375765
196 1.4771212547196624 21.713143045615993
199 1.0 22.603396897878287
19 1.4771212547196624 22.88505492845388
210 1.3010299956639813 19.851353724768064
21 1.0 18.02167784870146
227 1.0 19.245446135136124
229 1.0 22.603396897878287
22 1.0 20.017303363514117
234 1.0 18.103713917062354
237 1.0 17.76548249061496
249 1.0 21.570555711548227
258 1.0 34.15368633845293
265 1.4771212547196624 23.98572466518575
275 1.0 20.27889021374396
282 1.0 19.08990744429096
288 1.0 19.392382017280667
341 1.0 19.392382017280667
421 1.0 19.170545066323047
522 1.0 19.672274363144883
531 1.0 19.203803572139346
543 1.0 21.709967055619686
556 1.0 32.02299329624464
565 1.3010299956639813 24.415044307928472
566 1.0 23.04859528725498
597 1.0 19.894981669475758
607 1.3010299956639813 15.451856847580665
60 1.0 20.28552366248819
650 1.4771212547196624 21.713143045615993
653 1.0 22.603396897878287
663 1.0 17.854013827579386
680 1.0 17.012055796954062
771 1.4771212547196624 25.078312841330952
865 1.3010299956639813 36.420319557775116
876 1.0 27.115678493576954
878 1.0 33.105865818015594
90 1.4771212547196624 21.713143045615993
912 1.0 21.510199531662707
917 1.0 20.297410938444266
93 2.0413926851582254 40.4099170367325
946 1.0 16.45126582587042
961 1.3010299956639813 20.820071638418433
967 1.0 20.350189453749287
969 1.3010299956639813 20.721079216106737
975 1.0 17.854534961736917
976 1.3010299956639813 19.01089422974206
978 1.3010299956639813 17.34793605111952
979 1.0 19.907440181516993
982 1.0 19.01404692868626
