1.7695510786217261
100 1.0 15.756951807688566
141 1.0 22.083311659467373
150 1.0 30.64451579794581
154 1.0 38.92312411360697
157 1.0 27.318575173705053
162 1.4771212547196624 29.200185832126223
399 1.0 31.06364857854412
479 1.3010299956639813 16.116413501007873
487 1.0 19.112909051912595
489 1.0 18.813161782127867
540 1.0 23.36967033208018
772 1.0 31.06364857854412
778 1.0 25.828938051552868
779 1.6020599913279625 28.58117033955364
882 1.0 18.91930081490118
896 1.0 15.756951807688566
902 1.0 16.786437281709325
