1.5228787452803376
141 1.3010299956639813 22.083311659467373
142 1.0 19.04038571666816
143 1.0 21.629493927449314
144 1.0 19.628955678670632
149 1.4771212547196624 36.714155384577936
151 1.0 28.69713041845068
154 2.079181246047625 38.92312411360697
155 2.113943352306837 39.65608647202028
156 1.4771212547196624 32.80078913912944
157 1.3010299956639813 27.318575173705053
161 1.0 40.68786868352573
162 1.0 29.200185832126223
163 1.845098040014257 27.444701699266258
164 1.7781512503836436 29.060873897358988
283 1.0 19.116081351354293
399 1.0 31.06364857854412
436 1.0 18.15542263413017
487 1.0 19.112909051912595
539 1.3010299956639813 20.581818087864594
543 1.0 18.30187230227827
544 1.0 21.7329857487666
662 1.3010299956639813 19.61461115210067
665 1.3010299956639813 20.62218664974217
736 1.0 26.48297924216182
738 1.0 23.256531591422583
772 1.0 31.06364857854412
773 1.3010299956639813 25.098242467704086
778 1.4771212547196624 25.828938051552868
782 1.0 28.670617617530514
954 1.3010299956639813 20.62218664974217
