1.3279021420642825
109 1.0 19.715945972128416
114 1.3010299956639813 16.58655052158543
133 1.0 27.54885932499107
141 1.0 19.014107610916184
149 1.0 30.628195318865107
152 1.3010299956639813 27.106140088612186
154 1.0 39.64347606197456
188 1.6020599913279625 22.772628792451215
198 1.3010299956639813 19.930084158480717
1 1.0 24.469666509833758
219 1.0 15.855377524671088
228 1.3010299956639813 19.894315832793946
303 1.3010299956639813 16.58655052158543
308 1.3010299956639813 17.69895328701503
317 1.0 15.824754366327694
378 1.3010299956639813 24.653480438007165
386 1.6020599913279625 21.856373350068075
396 1.4771212547196624 34.747346764383785
399 1.0 19.13339458833571
481 1.3010299956639813 17.69895328701503
508 1.0 16.145707035010496
552 2.146128035678238 20.441020454368555
56 1.3010299956639813 16.008658872883498
612 1.0 22.300659992929845
624 1.3010299956639813 16.24926695969382
625 1.3010299956639813 16.008658872883498
647 1.6020599913279625 22.772628792451215
652 1.3010299956639813 19.930084158480717
728 1.0 15.152346642235964
735 1.3010299956639813 26.464092456397857
778 1.4771212547196624 29.375621062375156
779 1.0 26.762559621671812
780 1.3010299956639813 28.653172853466874
782 1.3010299956639813 28.8122112955473
799 1.0 21.750977795505374
800 1.0 21.474900607430737
812 1.0 21.474900607430737
813 1.0 20.580671285807178
814 1.3010299956639813 26.382740623521833
86 1.4771212547196624 24.815590935179138
873 1.3010299956639813 15.748324655176601
894 1.3010299956639813 16.508326051842978
918 2.204119982655925 21.05942217315108
922 1.0 16.34273553368784
936 1.3010299956639813 21.526279874452115
981 1.0 18.147091699710654
99 1.3010299956639813 16.508326051842978
