1.8239087409443189
153 1.4771212547196624 38.91027615891787
155 1.3010299956639813 32.78554205971943
156 1.0 27.300266473449927
161 1.0 29.183057629910973
163 1.0 29.043663537477517
334 1.0 26.57358007912264
401 1.4771212547196624 24.1565533242725
486 1.0 19.08673079463014
488 1.0 18.786565844786978
775 1.4771212547196624 24.1565533242725
776 1.0 25.809572659595812
777 1.845098040014257 28.5636709471766
778 1.0 29.375621062375156
780 1.4771212547196624 28.653172853466874
954 1.4771212547196624 19.103786648783725
