1.585026652029182
131 1.0 31.908356378043813
142 1.0 21.606364977884798
146 1.3010299956639813 38.26126400416704
147 1.6989700043360187 39.718947201261805
148 1.3010299956639813 36.70053413239285
157 1.4771212547196624 40.355627938282694
158 1.4771212547196624 34.64884871982456
159 1.0 33.49922392874927
160 1.6989700043360187 40.68185651929256
161 1.6020599913279625 29.183057629910973
162 1.6989700043360187 27.42647719561716
163 2.0 29.043663537477517
26 1.0 18.618919907073398
311 1.0 16.33409561676385
378 1.0 24.653480438007165
401 1.0 24.1565533242725
622 1.0 16.29894691934756
748 1.0 22.56508767539272
749 1.0 20.209996528594978
771 1.4771212547196624 25.078312841330952
775 1.0 24.1565533242725
776 1.0 25.809572659595812
778 1.0 29.375621062375156
884 1.0 16.33409561676385
926 1.0 17.117590186266202
981 1.0 18.147091699710654
