1.6020599913279623
119 1.0 22.648675884415564
121 1.0 25.97780851667672
131 1.3010299956639813 31.908356378043813
132 1.0 31.170157473839097
136 1.0 22.900372757632663
157 1.0 40.355627938282694
158 1.3010299956639813 34.64884871982456
159 1.0 33.49922392874927
190 1.3010299956639813 30.967630313961816
338 1.9542425094393248 21.754781863703386
396 1.0 34.747346764383785
472 1.3010299956639813 20.431753744712537
496 1.0 21.534181820846815
514 1.0 23.1822442953396
59 1.0 17.024968450726956
659 1.0 17.024968450726956
671 1.0 19.58191513861614
672 1.0 17.43535257958473
68 1.0 17.554437536932625
69 1.0 26.41557398804616
820 1.3010299956639813 30.967630313961816
826 1.0 21.534181820846815
871 1.0 25.16854217073077
876 1.0 27.115678493576954
985 1.3010299956639813 17.667633952974512
