0.9746941347352298
133 1.0 27.54885932499107
184 1.0 24.619860170608522
202 1.0 18.45137749631327
205 1.6020599913279625 18.02662549969417
207 1.4771212547196624 18.0557751805786
222 1.0 19.47615277135082
223 1.0 18.45137749631327
224 1.4771212547196624 18.0557751805786
235 1.4771212547196624 23.489746840008912
236 1.0 18.969094117495082
239 1.3010299956639813 15.026860203291795
241 1.0 20.323087997959746
249 1.0 21.570555711548227
250 1.0 16.070194442289612
257 1.6989700043360187 32.04340428656301
258 1.6020599913279625 34.15368633845293
265 1.0 23.98572466518575
266 1.3010299956639813 20.247891051811926
268 1.0 28.048590371713367
270 1.0 27.27789276817213
277 1.0 24.417648522770687
279 1.0 19.349744435445626
280 1.9030899869919435 20.36083120666262
295 1.3010299956639813 21.53759215073197
322 1.4771212547196624 19.969477691964787
328 1.0 24.20016866097684
329 1.0 24.995158982809944
330 1.0 26.423852520632007
332 1.0 24.231012577485338
335 1.0 27.194637545841633
345 1.0 17.350406766716183
371 1.0 16.769406485969878
396 1.6989700043360187 34.747346764383785
398 1.4771212547196624 31.04754842191709
422 1.0 15.318690066440361
43 1.0 17.11189632348561
443 1.3010299956639813 29.509952060039822
447 1.4771212547196624 18.6211653234297
449 1.0 15.973339287977442
471 1.0 26.179338818270686
500 1.0 24.619860170608522
519 1.6020599913279625 25.19479562289961
523 1.0 18.160502520733715
531 1.0 19.203803572139346
535 1.6020599913279625 17.779601462975204
536 1.0 17.11189632348561
538 1.0 20.55751044757001
539 1.0 23.34826527667759
547 1.3010299956639813 19.03026025482742
549 1.3010299956639813 22.395775493328287
560 1.0 26.176582993590046
561 1.0 20.6139191343978
562 1.3010299956639813 23.455333927936188
564 1.3010299956639813 25.047424451568215
565 1.4771212547196624 24.415044307928472
566 1.3010299956639813 23.04859528725498
568 1.0 21.196876683380644
569 1.0 34.990949277994865
571 1.0 29.826229749704215
572 1.0 34.607198595571596
581 1.0 26.831073433021917
583 1.3010299956639813 23.271290483826427
584 1.0 30.950545053399313
599 1.3010299956639813 18.573663222245116
605 1.4771212547196624 18.5040994848109
607 1.0 15.451856847580665
61 1.0 18.45137749631327
620 1.0 15.900698718230329
62 1.0 20.323087997959746
631 1.0 19.950177336902193
632 1.4771212547196624 22.247424428787344
633 1.3010299956639813 20.514540434900287
634 1.0 21.49965573905078
635 1.3010299956639813 18.02903493564441
645 1.4771212547196624 20.99530825830948
646 1.4771212547196624 18.504078859130104
657 1.6020599913279625 18.02662549969417
699 1.0 12.978310947895874
69 1.0 26.41557398804616
770 1.4771212547196624 31.04754842191709
772 1.0 23.117420198200822
808 1.3010299956639813 15.067523577769435
809 1.0 19.258313969819948
829 1.0 24.619860170608522
871 1.0 25.16854217073077
914 1.0 18.44622626314255
931 1.0 22.349952035011718
942 1.0 17.99083394469146
943 1.3010299956639813 19.424340488107244
946 1.0 16.45126582587042
947 1.4771212547196624 19.45698562548774
950 1.0 16.33085346902123
952 1.3010299956639813 25.38787746985513
957 1.3010299956639813 20.46054266240951
960 1.0 19.164284103879986
964 1.7781512503836436 18.40060383547051
967 1.0 20.350189453749287
969 1.0 20.721079216106737
974 1.0 18.84312245235009
976 1.3010299956639813 19.01089422974206
977 1.0 19.099167857362065
980 1.0 17.619733479266785
982 1.0 19.01404692868626
992 1.3010299956639813 20.972634792127216
993 1.4771212547196624 33.541218365030296
994 1.0 16.070194442289612
