1.4814860601221125
132 1.3010299956639813 31.9240224086541
133 1.0 31.18619433249154
138 1.3010299956639813 22.291356872514033
143 1.0 21.629493927449314
146 1.6989700043360187 38.443348131520054
147 1.6989700043360187 38.27432982034523
148 1.6020599913279625 39.73153365749456
154 1.0 38.92312411360697
155 1.0 39.65608647202028
158 2.0413926851582254 40.36801588254125
159 1.4771212547196624 34.663276209978875
160 1.3010299956639813 33.51414632402991
161 1.3010299956639813 40.68786868352573
162 1.0 29.200185832126223
164 1.0 29.060873897358988
192 1.0 16.982274168574502
1 1.0 24.099314783282633
242 1.3010299956639813 20.34767568477578
348 1.6020599913279625 18.44095543145629
412 1.0 21.758302257583633
422 1.0 19.196609027115258
486 1.0 18.698257556219072
50 1.0 14.485665386192277
59 1.0 17.054311793451188
62 1.3010299956639813 20.34767568477578
63 1.0 17.37188739596265
660 1.0 17.054311793451188
683 1.0 17.37188739596265
819 1.0 14.38700094710823
824 1.0 16.982274168574502
883 1.0 16.982274168574502
93 1.6020599913279625 19.110011561305157
94 2.4313637641589874 40.42228834338309
