1.6989700043360187
126 1.0 17.339097888099232
143 1.0 19.603466556586774
148 1.0 36.70053413239285
155 1.0 32.78554205971943
160 1.4771212547196624 40.68185651929256
162 1.0 27.42647719561716
163 1.4771212547196624 29.043663537477517
190 1.0 30.967630313961816
338 1.0 21.754781863703386
411 1.0 21.73531037580023
440 1.0 31.719953794102054
517 1.0 17.875039909680364
552 1.6989700043360187 20.441020454368555
559 1.0 32.39203154477896
565 1.0 24.415044307928472
692 1.0 16.40475707549024
820 1.0 30.967630313961816
918 1.6989700043360187 21.05942217315108
91 1.0 21.379518228894476
93 1.6989700043360187 40.4099170367325
