1.5686362358410126
107 1.0 21.261407681253527
127 1.0 17.367910512582892
132 1.3010299956639813 31.9240224086541
134 1.3010299956639813 27.567002922119546
136 1.0 23.748484428238577
146 1.0 38.443348131520054
147 1.0 38.27432982034523
148 1.3010299956639813 39.73153365749456
149 1.0 36.714155384577936
154 1.0 38.92312411360697
157 1.0 27.318575173705053
158 2.0413926851582254 40.36801588254125
159 1.6020599913279625 34.663276209978875
160 1.3010299956639813 33.51414632402991
161 1.9030899869919435 40.68786868352573
162 1.0 29.200185832126223
31 1.0 15.977249114874716
322 1.0 19.415200818214007
414 1.0 19.240697556286563
669 1.3010299956639813 17.756055320837486
679 1.0 17.421072102946884
867 1.845098040014257 36.43404557128479
869 1.0 20.353723559156737
873 1.3010299956639813 25.188400405739408
880 1.0 33.12096543823041
927 1.0 18.7642269613462
94 1.0 40.42228834338309
