1.5686362358410126
109 1.0 19.715945972128416
159 1.0 33.49922392874927
230 1.3010299956639813 19.818484653329044
237 1.0 17.76548249061496
256 1.0 14.651068157152437
295 1.0 21.53759215073197
301 1.0 15.848797334570648
312 1.0 16.2406870095727
378 1.0 24.653480438007165
498 1.3010299956639813 19.818484653329044
501 1.0 18.576070342315386
573 1.3010299956639813 16.9403306571999
596 1.6989700043360187 19.971318757650213
626 1.0 15.483953915022516
655 1.3010299956639813 19.818484653329044
673 1.3010299956639813 19.039369057845647
712 1.0 16.15335632829963
735 1.3010299956639813 26.464092456397857
737 1.3010299956639813 23.235022308206137
774 1.0 20.078881121899666
779 1.0 26.762559621671812
780 1.4771212547196624 28.653172853466874
782 1.3010299956639813 28.8122112955473
885 1.0 16.2406870095727
890 1.0 15.846061238571657
895 1.0 16.22969191138666
910 1.0 17.02047450238395
