1.0506099933550872
100 1.0 15.756951807688566
117 1.0 21.166129822732998
159 1.0 34.663276209978875
174 1.0 25.443847031718235
186 1.0 17.074068216246978
191 1.3010299956639813 30.983771998615772
193 1.3010299956639813 19.923584188401467
195 1.0 16.82457919792204
196 1.0 16.82457919792204
1 1.0 24.099314783282633
219 1.0 20.060459993820544
261 2.0413926851582254 40.472400145134394
269 1.0 28.06641091839446
381 2.113943352306837 17.128445544541883
382 1.0 13.947325129469858
385 1.3010299956639813 18.664082738893658
389 2.113943352306837 17.411970458585486
391 1.0 15.480475837789893
392 1.0 14.967448726783925
397 2.361727836017593 34.76173337398946
431 1.0 21.076784861203542
433 1.0 24.68064648083747
435 1.0 24.468548355039516
436 1.0 18.15542263413017
441 1.4771212547196624 31.735712827979288
444 1.0 29.526890635247195
44 1.0 15.731627971229939
457 1.0 18.43689483349195
481 1.4771212547196624 15.708611586019918
497 1.0 21.557388215952543
498 1.3010299956639813 22.596184090364247
506 1.0 20.117459620901656
509 1.0 16.17664537722168
512 1.0 21.108817330045582
514 1.3010299956639813 19.011194543423425
515 1.0 23.20380250236597
521 1.0 15.124311784902089
547 1.3010299956639813 20.421608203426736
552 1.0 21.18617303846442
553 1.3010299956639813 20.46546645488232
560 1.6020599913279625 32.40746376373745
564 1.0 15.731627971229939
567 1.0 23.07027838400899
568 1.6020599913279625 16.29063286533528
570 1.6020599913279625 35.00523577088447
571 1.6989700043360187 19.508904785615407
573 2.278753600952829 34.62164344212061
585 1.6020599913279625 30.96669564390913
649 1.3010299956639813 19.923584188401467
67 1.0 17.777478226009574
727 1.0 15.480475837789893
728 1.0 14.967448726783925
732 1.9542425094393248 28.96885361670166
733 1.3010299956639813 24.09659662047416
734 1.3010299956639813 16.710350266628105
745 1.3010299956639813 15.833985711967152
747 1.9542425094393248 22.34898733858306
751 1.4771212547196624 24.759982935078224
752 1.0 15.72129036276342
771 1.0 19.405549325281637
775 1.6020599913279625 23.494249679152507
803 1.0 16.74751991200512
807 1.0 24.483238969908477
809 1.0 23.93775068948324
816 1.0 26.40168560543113
823 1.3010299956639813 30.983771998615772
826 1.0 16.82457919792204
829 1.0 21.557388215952543
82 1.0 16.571218594456724
830 1.3010299956639813 22.596184090364247
855 1.0 16.571218594456724
856 1.3010299956639813 17.292029554288533
867 1.4771212547196624 36.43404557128479
882 1.0 18.91930081490118
889 1.0 17.074068216246978
895 1.0 15.682046710929198
896 1.0 15.756951807688566
897 1.0 15.971940710676494
912 1.0 13.3554081060212
913 1.9030899869919435 18.473312192215285
917 1.4771212547196624 21.083151146519995
921 1.3010299956639813 16.37330158288374
922 1.0 21.35873785771627
926 1.0 15.604094532541186
92 1.7781512503836436 21.402892320890444
930 1.3010299956639813 22.37231226242215
932 1.0 22.35128407421646
933 1.0 19.069899742909588
934 1.3010299956639813 16.479445906159526
