1.1549019599857433
1000 1.0 16.329300295473313
111 1.0 18.8928542926875
114 1.0 16.58655052158543
115 1.0 17.956167137974
126 1.0 17.339097888099232
185 1.0 17.044758885154558
250 1.0 16.070194442289612
251 1.0 15.91714951082178
252 1.0 16.401453406092962
253 1.0 16.396443136520976
254 1.0 16.329300295473313
255 1.0 16.767843670427574
260 1.4771212547196624 40.46004416097286
303 1.0 16.58655052158543
304 1.0 17.956167137974
305 1.0 18.712967679843132
306 1.0 16.600338456632596
307 1.0 18.45025554098666
308 1.0 17.69895328701503
309 1.0 16.353960229243555
310 1.0 18.574581934797493
311 1.0 16.33409561676385
312 1.0 16.2406870095727
313 1.0 16.688807985466465
314 1.0 16.038281372083322
315 1.0 16.836578834986856
316 1.0 16.400885878921038
477 1.0 18.712967679843132
478 1.0 16.600338456632596
479 1.0 17.044758885154558
480 1.0 18.45025554098666
481 1.0 17.69895328701503
482 1.0 16.353960229243555
505 1.0 20.09259021626153
573 1.0 16.9403306571999
574 1.0 16.601117775791995
575 1.0 16.359093907045278
577 1.0 16.12113380419118
611 1.0 16.37139499661555
612 1.0 22.300659992929845
613 1.0 16.24635806045507
614 1.0 17.258283162732244
615 1.0 23.88195453063762
616 1.0 16.2837123301042
617 1.0 16.258590605316485
618 1.0 15.979851330655551
619 1.0 16.002509983007247
620 1.0 15.900698718230329
621 1.0 16.187886783484302
622 1.0 16.29894691934756
623 1.0 16.469393434006214
624 1.0 16.24926695969382
731 1.3010299956639813 28.951588555136127
881 1.0 16.868603706098174
883 1.0 18.574581934797493
884 1.0 16.33409561676385
885 1.0 16.2406870095727
886 1.0 16.688807985466465
887 1.0 16.038281372083322
888 1.0 16.836578834986856
891 1.0 20.556957071190386
892 1.0 19.44244897613975
893 1.0 19.650125642603225
903 1.0 16.756624857433575
994 1.0 16.070194442289612
995 1.0 16.341134900020474
996 1.0 16.28971068168109
997 1.0 15.91714951082178
998 1.0 16.401453406092962
999 1.0 16.396443136520976
