1.6989700043360187
166 1.0 12.869632630690237
208 1.0 19.715082278253885
218 1.0 20.03551983762025
222 1.0 19.47615277135082
2 1.0 25.653725024939046
308 1.0 17.69895328701503
327 1.0 32.86526353435894
34 1.0 13.616669108566002
386 3.0293837776852097 21.856373350068075
3 1.0 25.653725024939046
481 1.0 17.69895328701503
512 1.0 17.487616504038936
732 1.0 24.075837860598885
734 1.0 14.964711114676133
735 3.0827853703164503 26.464092456397857
736 1.0 14.864916275301095
737 3.12057393120585 23.235022308206137
742 1.0 13.483669057421706
857 1.0 17.00209968149465
865 1.6020599913279625 36.420319557775116
