1.2218487496163564
105 1.6020599913279625 21.33892101876266
132 1.0 31.9240224086541
134 1.0 27.567002922119546
135 1.0 29.53008637972915
138 1.0 22.291356872514033
154 1.3010299956639813 38.92312411360697
158 1.0 40.36801588254125
159 1.0 34.663276209978875
161 1.0 40.68786868352573
163 1.0 27.444701699266258
185 1.0 24.640160608655044
26 1.0 18.64575497280853
352 1.0 22.315951883102834
400 1.0 19.159509087472838
406 1.0 17.13803809591465
407 1.0 16.206807375934993
411 1.0 18.356977856408704
417 1.3010299956639813 18.642503692692046
453 1.0 19.168795308535405
473 1.0 20.456210819322695
477 1.0 14.222320993086985
497 1.0 21.557388215952543
4 1.0 14.41280745587774
500 1.0 27.79974623106974
501 1.0 24.640160608655044
503 1.4771212547196624 24.96783731854743
512 1.0 21.108817330045582
513 1.0 17.51618482981768
558 1.0 29.49056558466878
560 1.0 32.40746376373745
636 1.0 18.05674668124595
673 1.0 17.464006401007527
677 1.0 20.260093000467393
68 1.0 17.582897293622267
741 1.3010299956639813 16.52566545054529
746 1.0 19.14200258825803
778 1.0 25.828938051552868
780 1.0 29.39263705080337
789 1.6020599913279625 16.883045284589098
790 1.0 16.472332298017896
798 1.0 16.44666201427546
7 1.6020599913279625 20.662205334068826
800 1.0 19.870179928383198
801 1.6020599913279625 21.773953133516383
802 1.6020599913279625 21.49817099427365
809 1.0 23.93775068948324
811 1.0 19.284259305458484
814 1.6020599913279625 21.49817099427365
815 1.0 20.604951603302737
816 1.3010299956639813 26.40168560543113
829 1.0 21.557388215952543
831 1.0 27.79974623106974
859 1.0 17.03148242460064
867 1.3010299956639813 36.43404557128479
876 1.0 13.009307666040192
913 1.0 18.473312192215285
922 1.0 21.35873785771627
92 1.0 21.402892320890444
932 1.0 22.35128407421646
953 1.0 19.129941566095997
