1.5528419686577808
1 1.0 24.099314783282633
236 1.0 23.511023087218234
261 1.0 40.472400145134394
363 1.3010299956639813 13.282942259163587
424 1.0 12.982931737396546
425 1.0 12.982931737396546
426 1.0 12.982931737396546
427 1.4771212547196624 13.010706132631503
441 2.278753600952829 31.735712827979288
442 1.0 13.255394418793399
443 1.3010299956639813 13.077186323829823
444 2.4471580313422194 29.526890635247195
486 1.0 18.698257556219072
514 1.3010299956639813 19.011194543423425
519 1.0 20.706175002637085
552 1.0 21.18617303846442
64 1.3010299956639813 16.737458178003557
668 1.0 16.496123636808157
690 1.0 16.958302953633954
712 1.3010299956639813 16.737458178003557
732 1.3010299956639813 28.96885361670166
754 1.0 21.72844942797455
78 1.0 15.342485760021395
79 1.9030899869919435 14.2120124870126
836 1.0 19.384867469169826
930 1.0 22.37231226242215
958 1.0 21.012855683925522
982 1.0 19.85729433713603
