1.6777807052660807
148 1.0 36.70053413239285
155 1.0 32.78554205971943
190 1.0 30.967630313961816
384 1.3010299956639813 18.637274062594784
396 1.0 34.747346764383785
430 1.0 21.053048712370824
432 1.0 24.66037937080602
433 1.0 26.035075059878718
434 1.0 24.448105419498397
452 1.0 19.142693477683043
499 1.0 27.781754633425805
501 1.0 18.576070342315386
773 1.0 23.472958228275314
820 1.0 30.967630313961816
828 1.0 27.781754633425805
862 1.3010299956639813 22.500892102974184
865 1.3010299956639813 36.420319557775116
920 1.0 17.092496631953207
923 1.0 21.33531539196555
928 1.0 18.737561566460872
981 1.0 18.147091699710654
