1.7695510786217261
105 1.0 21.33892101876266
153 1.0 27.124579821694358
236 1.0 23.511023087218234
379 1.0 24.673753214847594
397 1.0 34.76173337398946
415 1.7781512503836436 16.854896388101817
41 1.0 20.898009485572526
457 1.3010299956639813 18.43689483349195
458 1.3010299956639813 17.695365074715316
513 1.0 17.51618482981768
575 1.0 16.63120895803179
780 1.0 29.39263705080337
781 1.0 26.78123592188267
782 1.3010299956639813 28.670617617530514
783 1.3010299956639813 24.23640676791617
784 1.6989700043360187 28.829559825624525
880 1.0 33.12096543823041
