1.6989700043360187
132 1.3010299956639813 31.9240224086541
134 1.4771212547196624 27.567002922119546
135 1.0 29.53008637972915
136 1.0 23.748484428238577
137 1.0 22.922196064917607
138 1.0 22.291356872514033
144 1.0 19.628955678670632
147 1.0 38.27432982034523
158 1.4771212547196624 40.36801588254125
159 1.0 34.663276209978875
161 1.4771212547196624 40.68786868352573
162 1.6020599913279625 29.200185832126223
163 1.4771212547196624 27.444701699266258
164 1.3010299956639813 29.060873897358988
244 1.0 25.829961126625353
335 1.0 26.592389103304416
338 1.0 25.829961126625353
339 1.0 21.777753188456284
488 1.0 18.91692636651541
677 1.0 20.260093000467393
