1.6777807052660807
131 1.3010299956639813 31.908356378043813
132 1.4771212547196624 31.170157473839097
134 1.4771212547196624 29.51314963866556
136 1.0 22.900372757632663
137 1.0 22.26891535791042
141 1.0 19.014107610916184
154 1.0 39.64347606197456
157 1.3010299956639813 40.355627938282694
158 1.4771212547196624 34.64884871982456
159 1.3010299956639813 33.49922392874927
160 1.4771212547196624 40.68185651929256
161 1.7781512503836436 29.183057629910973
162 1.0 27.42647719561716
163 1.6989700043360187 29.043663537477517
277 1.0 24.417648522770687
488 1.0 18.786565844786978
568 1.0 21.196876683380644
677 1.0 19.89770402247368
690 1.3010299956639813 20.22818021406503
865 1.6020599913279625 36.420319557775116
871 1.0 25.16854217073077
