1.7958800173440752
190 1.7781512503836436 20.72132492096882
191 1.845098040014257 30.983771998615772
250 1.0 21.593723016307443
274 1.0 16.400153272087692
441 1.0 31.735712827979288
444 1.6989700043360187 29.526890635247195
497 1.0 21.557388215952543
512 1.6020599913279625 21.108817330045582
560 1.0 32.40746376373745
562 1.0 20.63816033660684
775 2.1760912590556813 23.494249679152507
822 1.7781512503836436 20.72132492096882
823 1.845098040014257 30.983771998615772
829 1.0 21.557388215952543
930 1.0 22.37231226242215
933 1.3010299956639813 19.069899742909588
