1.0222763947111522
121 1.0 25.97780851667672
124 1.0 17.76930122808498
131 1.0 31.908356378043813
148 1.0 36.70053413239285
153 1.0 38.91027615891787
154 1.0 39.64347606197456
158 1.3010299956639813 34.64884871982456
159 1.0 33.49922392874927
160 1.845098040014257 40.68185651929256
161 1.0 29.183057629910973
162 1.3010299956639813 27.42647719561716
163 1.0 29.043663537477517
184 1.0 24.619860170608522
186 1.0 25.345464687070297
190 1.0 30.967630313961816
199 1.0 22.603396897878287
19 1.0 22.88505492845388
203 1.0 17.809686811690188
206 1.0 18.772126118491787
209 1.0 20.72532624391316
225 1.4771212547196624 16.31314212731362
227 1.3010299956639813 19.245446135136124
229 1.0 22.603396897878287
230 1.6020599913279625 19.818484653329044
232 1.0 18.772126118491787
233 1.0 20.72532624391316
235 1.3010299956639813 23.489746840008912
236 1.3010299956639813 18.969094117495082
237 1.3010299956639813 17.76548249061496
257 1.3010299956639813 32.04340428656301
278 1.0 17.70612989299446
280 1.0 20.36083120666262
281 1.0 18.79756428818881
285 1.6989700043360187 30.562929415100232
290 1.0 17.858124243150325
332 1.0 24.231012577485338
339 1.0 17.809686811690188
342 1.0 22.806563635018236
398 1.6989700043360187 31.04754842191709
408 1.0 18.772126118491787
409 1.0 20.72532624391316
421 1.0 19.170545066323047
447 1.0 18.6211653234297
47 1.0 19.524027135780376
485 1.3010299956639813 18.6714979484428
487 1.3010299956639813 18.890476520092495
498 1.6020599913279625 19.818484653329044
49 1.0 16.335513669309126
500 1.0 24.619860170608522
509 1.0 21.57146234433863
519 1.3010299956639813 25.19479562289961
522 1.3010299956639813 19.672274363144883
528 1.0 16.600990941589497
532 1.0 15.834509410850428
533 1.4771212547196624 19.696864101303447
560 1.0 26.176582993590046
562 1.4771212547196624 23.455333927936188
565 1.0 24.415044307928472
572 1.0 34.607198595571596
576 1.3010299956639813 21.517861792661158
581 1.0 26.831073433021917
583 1.0 23.271290483826427
596 1.0 19.971318757650213
632 1.4771212547196624 22.247424428787344
633 1.0 20.514540434900287
635 1.0 18.02903493564441
642 1.0 19.614776409036214
643 1.0 19.629733620293802
653 1.0 22.603396897878287
655 1.6020599913279625 19.818484653329044
658 1.0 18.772126118491787
665 1.3010299956639813 21.956288146883587
666 1.0 20.41689440117043
67 1.0 17.749330468393577
680 1.3010299956639813 17.012055796954062
689 1.0 16.928793195831474
770 1.6989700043360187 31.04754842191709
772 1.3010299956639813 23.117420198200822
806 1.0 27.27436952647854
820 1.0 30.967630313961816
829 1.0 24.619860170608522
83 1.0 25.345464687070297
865 1.0 36.420319557775116
871 1.7781512503836436 25.16854217073077
878 1.0 33.105865818015594
912 1.0 21.510199531662707
917 1.0 20.297410938444266
91 1.0 21.379518228894476
939 1.0 17.878596309450398
93 1.4771212547196624 40.4099170367325
960 1.0 19.164284103879986
971 1.0 18.789785549650443
973 1.3010299956639813 19.582782794447926
979 1.0 19.907440181516993
992 1.0 20.972634792127216
