1.4814860601221125
173 1.0 25.424188320838816
241 1.0 20.323087997959746
327 1.0 32.86526353435894
331 1.0 26.137525464974466
396 1.0 34.747346764383785
398 1.0 31.04754842191709
400 1.0 14.08378662149524
457 1.0 24.521319277035015
532 1.0 15.834509410850428
552 1.0 20.441020454368555
559 1.0 32.39203154477896
561 1.6020599913279625 20.6139191343978
562 1.6020599913279625 23.455333927936188
564 1.6989700043360187 25.047424451568215
565 1.7781512503836436 24.415044307928472
566 1.0 23.04859528725498
568 1.0 21.196876683380644
571 1.0 29.826229749704215
584 1.0 30.950545053399313
597 1.0 19.894981669475758
607 1.0 15.451856847580665
62 1.0 20.323087997959746
770 1.0 31.04754842191709
773 1.0 23.472958228275314
918 1.0 21.05942217315108
919 1.3010299956639813 24.20144514632048
934 1.0 19.043662363227906
939 1.0 17.878596309450398
93 1.0 40.4099170367325
942 1.0 17.99083394469146
946 1.3010299956639813 16.45126582587042
973 1.0 19.582782794447926
986 1.0 19.998220484206893
