0.7569619513137056
104 1.0 21.315476777332258
106 1.3010299956639813 21.237877873941795
112 1.0 16.952806137528757
116 1.0 21.142493979490386
118 1.0 14.550756333462834
119 1.4771212547196624 22.648675884415564
120 1.3010299956639813 16.42166336328676
121 1.6989700043360187 25.97780851667672
122 1.6989700043360187 21.918380641831487
124 1.3010299956639813 17.76930122808498
125 1.6989700043360187 19.0809900086681
126 1.4771212547196624 17.339097888099232
127 1.4771212547196624 18.613796434027876
132 1.4771212547196624 31.170157473839097
133 1.0 27.54885932499107
145 1.3010299956639813 38.43033977941447
147 1.0 39.718947201261805
153 1.0 38.91027615891787
154 1.0 39.64347606197456
158 1.0 34.64884871982456
160 1.3010299956639813 40.68185651929256
161 1.0 29.183057629910973
163 1.3010299956639813 29.043663537477517
186 1.0 25.345464687070297
187 1.3010299956639813 18.36761931536485
189 1.0 20.697181124016947
190 1.6020599913279625 30.967630313961816
191 1.0 16.952806137528757
192 1.6020599913279625 19.898472476859148
193 1.0 17.74702978158316
194 1.6989700043360187 16.794834479301993
195 1.6989700043360187 16.794834479301993
198 1.0 19.930084158480717
199 1.0 22.603396897878287
19 1.0 22.88505492845388
200 1.0 16.645211904679204
211 1.3010299956639813 22.03031942410671
218 1.3010299956639813 20.03551983762025
21 1.3010299956639813 18.02167784870146
228 1.0 19.894315832793946
229 1.0 22.603396897878287
243 1.0 25.8105965022697
248 1.0 22.73469994483774
259 1.3010299956639813 27.067295817703585
25 1.0 18.14737887225271
260 1.9030899869919435 40.46004416097286
262 1.4771212547196624 21.133916878571615
267 1.4771212547196624 24.25543451426215
270 1.0 27.27789276817213
281 1.0 18.79756428818881
282 1.0 19.08990744429096
285 1.0 30.562929415100232
289 1.0 19.318257671242296
2 1.0 25.653725024939046
326 1.3010299956639813 21.385169256471997
328 1.6989700043360187 24.20016866097684
329 1.6989700043360187 24.995158982809944
332 1.0 24.231012577485338
334 1.3010299956639813 26.57358007912264
335 1.0 27.194637545841633
337 1.0 25.8105965022697
340 1.0 20.927824358412284
347 1.0 18.41382190706093
348 1.0 16.926861864319864
351 1.0 22.293535126779712
374 1.3010299956639813 18.047953588423393
379 1.0 15.583202002844317
380 1.0 17.099229420425257
381 1.0 13.911429770772715
388 1.0 17.383230863411256
396 1.6989700043360187 34.747346764383785
397 1.0 15.59311007460044
398 1.3010299956639813 31.04754842191709
3 1.0 25.653725024939046
416 1.0 18.61566394013484
418 1.0 17.08472326939475
420 1.7781512503836436 22.69268235247738
421 1.0 19.170545066323047
430 1.0 21.053048712370824
432 1.0 24.66037937080602
433 1.3010299956639813 26.035075059878718
434 1.0 24.448105419498397
440 1.0 31.719953794102054
443 1.0 29.509952060039822
446 1.0 17.40906918615375
455 1.3010299956639813 18.409755324317654
456 1.3010299956639813 17.667086492329588
459 1.0 16.318175390056652
470 1.845098040014257 23.994543772969674
472 1.0 20.431753744712537
47 1.0 19.524027135780376
484 1.0 14.841497874872914
495 1.6020599913279625 17.04471738567224
496 1.0 21.534181820846815
497 1.6020599913279625 22.57404561538827
502 1.0 24.947803517854027
504 1.3010299956639813 17.799185167779708
505 1.3010299956639813 20.09259021626153
508 1.0 16.145707035010496
515 1.6020599913279625 20.34226440586786
517 1.0 17.875039909680364
528 1.0 16.600990941589497
541 1.0 19.703508556272116
552 1.0 20.441020454368555
556 1.3010299956639813 32.02299329624464
559 2.0413926851582254 32.39203154477896
560 1.0 26.176582993590046
567 1.0 16.259911412831926
569 1.0 34.990949277994865
576 1.3010299956639813 21.517861792661158
578 1.0 17.196077893890912
580 1.0 25.521710205582426
584 1.0 30.950545053399313
592 1.0 18.068207751312215
60 1.4771212547196624 20.28552366248819
648 1.6020599913279625 19.898472476859148
649 1.0 17.74702978158316
652 1.0 19.930084158480717
653 1.0 22.603396897878287
668 1.0 17.727873548642012
670 1.3010299956639813 20.6370767184495
685 1.0 17.175414668708417
68 1.0 17.554437536932625
731 1.7781512503836436 28.951588555136127
732 1.4771212547196624 24.075837860598885
733 1.0 16.680401854673583
746 1.0 22.32660375113389
750 1.6020599913279625 24.739780818458456
751 1.3010299956639813 15.689454122764054
753 1.3010299956639813 21.70542592404138
768 1.0 15.59311007460044
770 1.3010299956639813 31.04754842191709
771 1.3010299956639813 25.078312841330952
773 1.6020599913279625 23.472958228275314
801 1.0 16.7176380868533
805 1.9030899869919435 24.462808310936932
806 1.4771212547196624 27.27436952647854
814 1.6020599913279625 26.382740623521833
817 1.3010299956639813 18.36761931536485
818 1.0 19.318257671242296
819 1.0 20.697181124016947
820 1.6020599913279625 30.967630313961816
821 1.0 16.952806137528757
823 1.6989700043360187 16.794834479301993
825 1.6020599913279625 17.04471738567224
826 1.0 21.534181820846815
827 1.6020599913279625 22.57404561538827
838 1.0 14.879955303930068
83 1.0 25.345464687070297
84 1.0 20.94724544657274
850 1.4771212547196624 21.84153000413391
852 1.3010299956639813 20.31196842893302
862 1.0 22.500892102974184
865 2.3979400086720375 36.420319557775116
867 1.6020599913279625 20.329143187123556
86 1.3010299956639813 24.815590935179138
871 1.9542425094393248 25.16854217073077
875 1.0 22.430004022861485
876 1.9030899869919435 27.115678493576954
877 1.0 22.430004022861485
878 2.0 33.105865818015594
88 1.3010299956639813 17.71948261455228
906 1.0 12.881566868953074
913 1.0 13.317917467771633
914 1.3010299956639813 18.44622626314255
918 1.3010299956639813 21.05942217315108
928 1.3010299956639813 18.737561566460872
930 1.0 15.25216652316149
933 1.0 22.32890278912787
934 1.0 19.043662363227906
93 1.0 40.4099170367325
953 1.0 19.174774193635493
985 1.0 17.667633952974512
991 1.6020599913279625 19.241200976831678
992 1.4771212547196624 20.972634792127216
