1.193820026016113
113 1.4771212547196624 16.83451201033724
119 1.0 22.648675884415564
121 1.3010299956639813 25.97780851667672
124 1.0 17.76930122808498
127 1.0 18.613796434027876
135 1.3010299956639813 23.727421112255122
136 1.4771212547196624 22.900372757632663
137 1.4771212547196624 22.26891535791042
139 1.6989700043360187 21.045092986540304
140 1.6989700043360187 22.06065850896495
184 1.3010299956639813 24.619860170608522
189 1.0 20.697181124016947
190 1.6020599913279625 30.967630313961816
196 1.0 21.713143045615993
204 1.0 18.43335978124768
208 1.3010299956639813 19.715082278253885
231 1.0 18.43335978124768
268 1.0 28.048590371713367
270 1.3010299956639813 27.27789276817213
274 1.3010299956639813 17.324647965269033
284 1.4771212547196624 27.31523209193297
306 1.0 16.600338456632596
325 1.0 26.246066768442137
326 1.0 21.385169256471997
327 2.414973347970818 32.86526353435894
330 2.4471580313422194 26.423852520632007
332 1.3010299956639813 24.231012577485338
334 1.6020599913279625 26.57358007912264
396 1.0 34.747346764383785
401 1.3010299956639813 24.1565533242725
430 1.4771212547196624 21.053048712370824
433 1.6020599913279625 26.035075059878718
478 1.0 16.600338456632596
494 1.4771212547196624 16.83451201033724
499 1.4771212547196624 27.781754633425805
500 1.3010299956639813 24.619860170608522
509 1.3010299956639813 21.57146234433863
514 1.4771212547196624 23.1822442953396
554 1.3010299956639813 22.40007556792627
570 1.4771212547196624 19.48325860666556
572 1.4771212547196624 34.607198595571596
57 1.0 16.138865172414302
580 1.0 25.521710205582426
584 1.0 30.950545053399313
592 1.0 18.068207751312215
615 1.0 23.88195453063762
644 1.0 16.138865172414302
650 1.0 21.713143045615993
656 1.0 18.43335978124768
679 1.3010299956639813 15.743631599218444
774 1.4771212547196624 20.078881121899666
775 1.3010299956639813 24.1565533242725
776 1.0 25.809572659595812
778 2.740362689494244 29.375621062375156
779 2.7075701760979363 26.762559621671812
781 2.5051499783199063 24.215767859390553
782 1.6020599913279625 28.8122112955473
805 1.3010299956639813 24.462808310936932
819 1.0 20.697181124016947
820 1.6020599913279625 30.967630313961816
828 1.4771212547196624 27.781754633425805
829 1.3010299956639813 24.619860170608522
86 1.6989700043360187 24.815590935179138
90 1.0 21.713143045615993
