1.3467874862246563
173 1.0 18.85938858887468
185 2.0413926851582254 24.640160608655044
190 1.6020599913279625 20.72132492096882
191 1.9542425094393248 30.983771998615772
202 1.0 16.202778266288398
209 1.0 19.7404272810474
239 1.0 16.864483145006986
250 1.0 21.593723016307443
281 1.0 20.385373369801357
2 1.3010299956639813 25.673207973589584
327 1.0 21.408537178610665
335 1.0 26.592389103304416
397 1.9542425094393248 34.76173337398946
3 1.3010299956639813 25.673207973589584
402 2.079181246047625 24.177242781351655
446 1.6020599913279625 21.762871720842014
495 1.845098040014257 16.86418674665899
500 1.0 27.79974623106974
501 2.0413926851582254 24.640160608655044
512 1.9030899869919435 21.108817330045582
553 1.4771212547196624 20.46546645488232
555 1.6989700043360187 22.42238581080986
560 2.146128035678238 32.40746376373745
567 1.0 23.07027838400899
673 1.0 17.464006401007527
680 1.0 15.775358504069235
682 1.0 18.092716090093774
774 1.4771212547196624 23.139038800697477
777 2.079181246047625 24.177242781351655
778 2.5314789170422554 25.828938051552868
779 2.6989700043360187 28.58117033955364
780 3.012837224705172 29.39263705080337
781 2.778151250383644 26.78123592188267
782 2.3010299956639813 28.670617617530514
783 2.7160033436347994 24.23640676791617
784 2.4313637641589874 28.829559825624525
80 1.0 15.71248572680523
815 1.0 20.604951603302737
822 1.6020599913279625 20.72132492096882
823 1.9542425094393248 30.983771998615772
831 1.0 27.79974623106974
87 1.0 24.835731385689954
884 1.845098040014257 16.86418674665899
917 1.4771212547196624 21.083151146519995
958 1.0 21.012855683925522
