1.744727494896694
119 1.0 22.648675884415564
121 1.0 25.97780851667672
124 1.0 17.76930122808498
211 1.0 22.03031942410671
259 1.7781512503836436 27.067295817703585
270 1.0 27.27789276817213
325 1.0 26.246066768442137
556 1.0 32.02299329624464
557 1.0 29.473606133346674
560 1.0 26.176582993590046
562 1.0 23.455333927936188
564 1.4771212547196624 25.047424451568215
565 1.6020599913279625 24.415044307928472
569 1.0 34.990949277994865
572 1.0 34.607198595571596
580 1.4771212547196624 25.521710205582426
583 1.0 23.271290483826427
661 1.0 19.589103365088256
