1.7695510786217261
135 1.0 29.53008637972915
154 1.0 38.92312411360697
203 1.0 18.47845587465186
224 1.0 18.47845587465186
259 1.3010299956639813 34.168322910342354
279 1.0 17.734346218217127
343 1.0 22.828476621056783
422 1.0 19.196609027115258
552 1.3010299956639813 21.18617303846442
61 1.0 18.47845587465186
646 1.0 21.019109611528222
755 1.0 14.781725528038374
793 1.0 15.060853163657614
933 1.0 19.069899742909588
94 1.4771212547196624 40.42228834338309
951 1.3010299956639813 25.40756427571084
960 1.3010299956639813 20.844073091142132
