0.7495799976911061
1000 1.0 16.329300295473313
104 1.0 21.315476777332258
106 1.3010299956639813 21.237877873941795
112 1.0 16.952806137528757
114 1.0 16.58655052158543
115 1.3010299956639813 17.956167137974
120 1.0 16.42166336328676
121 1.4771212547196624 25.97780851667672
124 1.0 17.76930122808498
126 1.3010299956639813 17.339097888099232
129 1.0 13.310638814585898
131 1.7781512503836436 31.908356378043813
132 1.4771212547196624 31.170157473839097
133 1.4771212547196624 27.54885932499107
134 1.6020599913279625 29.51314963866556
135 1.3010299956639813 23.727421112255122
136 1.0 22.900372757632663
13 1.0 14.881124838959494
145 1.3010299956639813 38.43033977941447
146 1.0 38.26126400416704
147 1.0 39.718947201261805
148 1.0 36.70053413239285
154 1.0 39.64347606197456
157 1.3010299956639813 40.355627938282694
158 1.4771212547196624 34.64884871982456
173 1.0 25.424188320838816
174 1.0 18.86162482260781
175 1.0 22.356903676375765
181 1.0 13.363384580582165
191 1.0 16.952806137528757
200 1.0 16.645211904679204
208 1.0 19.715082278253885
210 1.4771212547196624 19.851353724768064
215 1.0 16.390784482423456
226 1.0 16.894525174208198
23 1.4771212547196624 18.90126570373093
241 1.0 20.323087997959746
252 1.0 16.401453406092962
253 1.0 16.396443136520976
254 1.0 16.329300295473313
255 1.0 16.767843670427574
257 1.4771212547196624 32.04340428656301
258 1.4771212547196624 34.15368633845293
260 1.6020599913279625 40.46004416097286
263 1.3010299956639813 18.961368666684063
264 1.3010299956639813 16.714220604471006
265 1.6020599913279625 23.98572466518575
266 1.4771212547196624 20.247891051811926
268 1.0 28.048590371713367
277 1.3010299956639813 24.417648522770687
284 1.3010299956639813 27.31523209193297
288 1.0 19.392382017280667
289 1.3010299956639813 19.318257671242296
290 1.0 17.858124243150325
291 1.4771212547196624 16.58416436051082
294 1.0 18.739543300973466
301 1.3010299956639813 15.848797334570648
303 1.0 16.58655052158543
304 1.3010299956639813 17.956167137974
305 1.3010299956639813 18.712967679843132
306 1.0 16.600338456632596
310 1.4771212547196624 18.574581934797493
311 1.0 16.33409561676385
312 1.0 16.2406870095727
313 1.0 16.688807985466465
314 1.0 16.038281372083322
315 1.0 16.836578834986856
325 1.0 26.246066768442137
330 1.0 26.423852520632007
334 1.0 26.57358007912264
335 1.0 27.194637545841633
341 1.0 19.392382017280667
356 1.0 16.341214190652384
371 1.0 16.769406485969878
372 1.3010299956639813 15.898864564577854
398 1.3010299956639813 31.04754842191709
401 1.3010299956639813 24.1565533242725
410 1.0 18.329720020247976
418 1.0 17.08472326939475
43 1.0 17.11189632348561
459 1.0 16.318175390056652
470 1.0 23.994543772969674
471 1.0 26.179338818270686
477 1.3010299956639813 18.712967679843132
478 1.0 16.600338456632596
490 1.3010299956639813 18.129559630239218
503 1.4771212547196624 18.364443485111277
519 1.3010299956639813 25.19479562289961
524 1.0 20.518967135692183
526 1.0 20.589360185649852
536 1.0 17.11189632348561
539 1.3010299956639813 23.34826527667759
542 1.0 18.27453227223341
543 1.0 21.709967055619686
556 1.6020599913279625 32.02299329624464
55 1.0 16.109062218202855
561 1.0 20.6139191343978
562 1.0 23.455333927936188
565 1.0 24.415044307928472
566 1.4771212547196624 23.04859528725498
568 1.0 21.196876683380644
573 1.0 16.9403306571999
574 1.0 16.601117775791995
575 1.0 16.359093907045278
580 1.0 25.521710205582426
583 1.0 23.271290483826427
584 1.0 30.950545053399313
591 1.3010299956639813 15.92624199010319
592 1.0 18.068207751312215
593 1.0 21.456267665239462
597 1.7781512503836436 19.894981669475758
598 1.0 12.893490060867618
603 1.0 16.109062218202855
604 1.0 16.848497544115553
610 1.0 16.926793752845303
612 1.845098040014257 22.300659992929845
613 1.0 16.24635806045507
615 1.9030899869919435 23.88195453063762
622 1.0 16.29894691934756
623 1.0 16.469393434006214
62 1.0 20.323087997959746
633 1.0 20.514540434900287
645 1.0 20.99530825830948
660 1.0 17.15044222388708
664 1.0 20.597926648495577
665 1.0 21.956288146883587
669 1.845098040014257 16.622470868958438
670 1.4771212547196624 20.6370767184495
698 1.0 13.23364024408595
712 1.0 16.15335632829963
723 1.0 13.05764183532727
724 1.0 13.05764183532727
732 1.0 24.075837860598885
746 1.0 22.32660375113389
770 1.3010299956639813 31.04754842191709
771 1.0 25.078312841330952
772 1.0 23.117420198200822
775 1.3010299956639813 24.1565533242725
778 2.57978359661681 29.375621062375156
781 1.9030899869919435 24.215767859390553
809 1.0 19.258313969819948
818 1.3010299956639813 19.318257671242296
821 1.0 16.952806137528757
822 1.4771212547196624 16.58416436051082
831 1.0 15.854309531641922
854 1.0 17.26309028263445
857 1.0 17.00209968149465
865 1.845098040014257 36.420319557775116
876 1.0 27.115678493576954
878 1.0 33.105865818015594
881 1.0 16.868603706098174
883 1.4771212547196624 18.574581934797493
884 1.0 16.33409561676385
885 1.0 16.2406870095727
886 1.0 16.688807985466465
887 1.0 16.038281372083322
888 1.0 16.836578834986856
91 1.0 21.379518228894476
931 1.0 22.349952035011718
951 1.3010299956639813 16.18204005064504
955 1.0 20.597926648495577
959 1.0 20.989047238821517
961 1.0 20.820071638418433
973 1.3010299956639813 19.582782794447926
974 1.0 18.84312245235009
976 1.3010299956639813 19.01089422974206
977 1.0 19.099167857362065
978 1.6020599913279625 17.34793605111952
980 1.0 17.619733479266785
981 1.0 18.147091699710654
983 1.6020599913279625 19.832098688531545
985 1.0 17.667633952974512
987 1.0 21.088601776656837
990 1.0 17.043147830109415
993 1.0 33.541218365030296
995 1.0 16.341134900020474
998 1.0 16.401453406092962
999 1.0 16.396443136520976
