1.2596373105057561
133 1.6989700043360187 27.54885932499107
134 1.6989700043360187 29.51314963866556
139 1.6989700043360187 21.045092986540304
140 1.4771212547196624 22.06065850896495
190 1.3010299956639813 30.967630313961816
197 1.0 17.97236948828946
199 1.0 22.603396897878287
209 1.0 20.72532624391316
216 1.0 16.721725650862297
229 1.0 22.603396897878287
230 1.6020599913279625 19.818484653329044
233 1.0 20.72532624391316
235 1.0 23.489746840008912
237 1.9542425094393248 17.76548249061496
23 1.0 18.90126570373093
252 1.0 16.401453406092962
284 1.4771212547196624 27.31523209193297
294 1.0 18.739543300973466
338 1.0 21.754781863703386
396 1.0 34.747346764383785
398 1.0 31.04754842191709
409 1.0 20.72532624391316
420 1.0 22.69268235247738
496 1.0 21.534181820846815
498 1.6020599913279625 19.818484653329044
49 1.0 16.335513669309126
501 1.3010299956639813 18.576070342315386
508 1.0 16.145707035010496
511 1.3010299956639813 21.085117241154542
525 1.0 17.7242281093306
546 1.6020599913279625 20.3971096387274
581 1.0 26.831073433021917
622 1.0 16.29894691934756
651 1.0 17.97236948828946
653 1.0 22.603396897878287
655 1.6020599913279625 19.818484653329044
694 1.0 13.711776039162897
735 1.0 26.464092456397857
737 1.0 23.235022308206137
770 1.0 31.04754842191709
772 1.0 23.117420198200822
777 1.0 28.5636709471766
805 1.0 24.462808310936932
820 1.3010299956639813 30.967630313961816
826 1.0 21.534181820846815
871 1.0 25.16854217073077
936 2.0 21.526279874452115
937 1.4771212547196624 20.6196626379172
939 1.0 17.878596309450398
940 1.0 19.551908923253773
942 1.0 17.99083394469146
946 1.0 16.45126582587042
948 1.3010299956639813 19.383510389270164
977 1.0 19.099167857362065
998 1.0 16.401453406092962
