1.207608310501746
104 1.3010299956639813 21.315476777332258
106 1.3010299956639813 21.237877873941795
131 2.3010299956639813 31.908356378043813
132 1.7781512503836436 31.170157473839097
133 1.9030899869919435 27.54885932499107
134 1.845098040014257 29.51314963866556
135 1.6020599913279625 23.727421112255122
136 1.3010299956639813 22.900372757632663
137 1.0 22.26891535791042
139 1.0 21.045092986540304
140 1.4771212547196624 22.06065850896495
141 1.3010299956639813 19.014107610916184
143 1.0 19.603466556586774
1 1.0 24.469666509833758
209 1.0 20.72532624391316
21 1.0 18.02167784870146
233 1.0 20.72532624391316
235 1.0 23.489746840008912
23 1.0 18.90126570373093
277 1.0 24.417648522770687
338 1.6020599913279625 21.754781863703386
399 1.0 19.13339458833571
406 1.0 16.1759267221591
409 1.0 20.72532624391316
410 1.0 18.329720020247976
412 1.3010299956639813 19.41595254379453
413 1.0 19.214693399908615
414 1.0 16.825205266315407
416 1.0 18.61566394013484
471 1.0 26.179338818270686
472 1.6020599913279625 20.431753744712537
486 1.4771212547196624 19.08673079463014
488 1.0 18.786565844786978
502 2.0413926851582254 24.947803517854027
524 1.3010299956639813 20.518967135692183
59 1.0 17.024968450726956
643 1.3010299956639813 19.629733620293802
659 1.0 17.024968450726956
665 1.0 21.956288146883587
668 1.0 17.727873548642012
669 1.0 16.622470868958438
671 1.0 19.58191513861614
673 1.0 19.039369057845647
674 1.0 18.14076911717772
677 1.0 19.89770402247368
683 1.0 16.907222831124663
68 1.3010299956639813 17.554437536932625
796 1.0 16.41623255841033
798 1.0 19.84500063961507
808 1.0 15.067523577769435
809 1.0 19.258313969819948
813 1.0 20.580671285807178
814 1.4771212547196624 26.382740623521833
865 1.6020599913279625 36.420319557775116
867 1.3010299956639813 20.329143187123556
871 1.0 25.16854217073077
872 1.0 15.596352370499325
873 1.0 15.748324655176601
876 1.3010299956639813 27.115678493576954
878 1.0 33.105865818015594
879 1.3010299956639813 15.968223619979328
98 1.0 15.596352370499325
