0.9871627752948278
114 1.0 16.58655052158543
198 1.0 19.930084158480717
19 1.3010299956639813 22.88505492845388
212 1.0 19.272892292014472
228 1.0 19.894315832793946
235 1.3010299956639813 23.489746840008912
250 1.0 16.070194442289612
25 1.0 18.14737887225271
284 1.0 27.31523209193297
2 1.3010299956639813 25.653725024939046
303 1.0 16.58655052158543
315 1.0 16.836578834986856
347 1.0 18.41382190706093
371 1.0 16.769406485969878
373 1.9030899869919435 15.444986818309642
374 1.3010299956639813 18.047953588423393
376 1.0 12.958964657691968
377 1.0 13.009307666040192
378 1.0 24.653480438007165
379 1.6020599913279625 15.583202002844317
382 1.3010299956639813 23.381346006518903
383 1.0 13.131510006860365
384 1.4771212547196624 18.637274062594784
385 1.0 12.978310947895874
386 1.0 21.856373350068075
387 1.0 12.932211177895763
389 1.3010299956639813 22.987930278533103
390 2.0413926851582254 15.448143324179663
391 1.845098040014257 14.93400553732674
3 1.3010299956639813 25.653725024939046
405 2.0413926851582254 17.108838352647496
418 1.0 17.08472326939475
420 1.3010299956639813 22.69268235247738
432 1.0 24.66037937080602
434 1.0 24.448105419498397
440 2.079181246047625 31.719953794102054
443 1.7781512503836436 29.509952060039822
460 1.0 14.356967600895358
470 1.3010299956639813 23.994543772969674
471 1.0 26.179338818270686
499 1.0 27.781754633425805
49 1.0 16.335513669309126
513 1.0 18.984876032460487
514 1.0 23.1822442953396
524 1.0 20.518967135692183
525 1.0 17.7242281093306
533 1.0 19.696864101303447
538 1.0 20.55751044757001
555 1.0 21.325804237253536
559 1.0 32.39203154477896
569 1.0 34.990949277994865
575 1.0 16.359093907045278
577 1.0 16.12113380419118
613 1.0 16.24635806045507
614 1.3010299956639813 17.258283162732244
620 1.0 15.900698718230329
621 1.0 16.187886783484302
624 1.0 16.24926695969382
637 1.0 15.345166756496607
638 1.0 17.972508687822355
652 1.0 19.930084158480717
65 1.0 18.816428542926165
669 1.0 16.622470868958438
694 1.0 13.711776039162897
710 1.0 12.854652307615794
726 2.0413926851582254 15.448143324179663
727 1.845098040014257 14.93400553732674
730 1.3010299956639813 13.502574905476031
731 2.0 28.951588555136127
732 1.3010299956639813 24.075837860598885
733 1.4771212547196624 16.680401854673583
734 1.3010299956639813 14.964711114676133
735 1.3010299956639813 26.464092456397857
736 1.0 14.864916275301095
737 1.0 23.235022308206137
738 1.0 13.550920413349306
739 1.4771212547196624 14.836842538057565
740 1.0 16.495381734999228
741 1.3010299956639813 21.665271886223913
742 1.0 13.483669057421706
743 1.9030899869919435 15.444986818309642
744 2.0 15.802376515156825
746 1.6020599913279625 22.32660375113389
747 1.0 14.008045184741977
748 1.0 22.56508767539272
750 1.3010299956639813 24.739780818458456
751 1.3010299956639813 15.689454122764054
752 1.3010299956639813 13.755827442343211
753 1.0 21.70542592404138
754 1.0 14.74786118683863
75 1.9030899869919435 15.444986818309642
779 1.3010299956639813 26.762559621671812
79 1.0 14.176787327564806
809 1.0 19.258313969819948
828 1.0 27.781754633425805
831 1.4771212547196624 15.854309531641922
834 1.6020599913279625 19.359056970763802
865 1.3010299956639813 36.420319557775116
867 1.0 20.329143187123556
871 1.3010299956639813 25.16854217073077
888 1.0 16.836578834986856
915 1.0 15.830828169778773
994 1.0 16.070194442289612
