1.4202164033831899
133 1.0 27.54885932499107
149 1.3010299956639813 30.628195318865107
154 1.0 39.64347606197456
155 1.0 32.78554205971943
185 1.0 17.044758885154558
386 1.6020599913279625 21.856373350068075
399 1.0 19.13339458833571
406 1.0 16.1759267221591
410 1.0 18.329720020247976
416 1.0 18.61566394013484
435 1.0 18.127861733361883
479 1.0 17.044758885154558
502 1.0 24.947803517854027
540 1.0 18.8619507228725
639 1.0 16.56038138552629
735 1.0 26.464092456397857
737 1.0 23.235022308206137
777 1.3010299956639813 28.5636709471766
778 1.4771212547196624 29.375621062375156
779 1.4771212547196624 26.762559621671812
780 1.4771212547196624 28.653172853466874
781 1.0 24.215767859390553
782 1.0 28.8122112955473
796 1.0 16.41623255841033
798 1.0 19.84500063961507
799 1.0 21.750977795505374
800 1.0 21.474900607430737
812 1.0 21.474900607430737
813 1.0 20.580671285807178
814 1.3010299956639813 26.382740623521833
834 1.0 19.359056970763802
873 1.0 15.748324655176601
879 1.0 15.968223619979328
939 1.4771212547196624 17.878596309450398
93 1.0 40.4099170367325
952 1.0 25.38787746985513
981 1.3010299956639813 18.147091699710654
986 1.0 19.998220484206893
