1.721246399047171
133 1.0 27.54885932499107
157 1.0 40.355627938282694
184 1.3010299956639813 24.619860170608522
241 1.0 20.323087997959746
257 1.6020599913279625 32.04340428656301
2 1.0 25.653725024939046
3 1.0 25.653725024939046
440 1.0 31.719953794102054
443 1.3010299956639813 29.509952060039822
445 1.6020599913279625 21.739884671677192
447 1.3010299956639813 18.6211653234297
500 1.3010299956639813 24.619860170608522
62 1.0 20.323087997959746
662 1.3010299956639813 19.41917384237332
7 1.3010299956639813 20.637992374919182
805 1.0 24.462808310936932
80 1.3010299956639813 15.680631610845849
829 1.3010299956639813 24.619860170608522
993 1.0 33.541218365030296
