1.585026652029182
173 1.0 18.85938858887468
185 1.0 24.640160608655044
261 1.0 40.472400145134394
267 1.3010299956639813 20.272569941821523
269 1.0 28.06641091839446
309 1.0 17.72718103523344
336 1.0 27.213017312486674
399 1.0 31.06364857854412
421 1.0 22.714705200606023
448 1.0 18.647997157938995
501 1.0 24.640160608655044
535 1.0 18.139512907437105
553 1.3010299956639813 20.46546645488232
585 1.0 30.96669564390913
613 1.6989700043360187 22.32306959448592
616 1.0 23.902881671535816
629 1.0 17.460816329506702
631 1.0 16.9948601162417
632 1.3010299956639813 19.9752240481514
633 1.6989700043360187 22.269887599954423
634 1.6989700043360187 20.53889892996114
636 1.0 18.05674668124595
772 1.0 31.06364857854412
891 1.0 17.72718103523344
917 1.3010299956639813 21.083151146519995
974 1.0 17.88251712427213
