1.2291479883578558
173 1.0 18.85938858887468
185 1.3010299956639813 24.640160608655044
187 1.6020599913279625 25.365184410989947
211 1.3010299956639813 19.87652496554322
212 1.0 22.053003739358804
242 1.0 20.34767568477578
244 1.0 25.829961126625353
248 1.0 16.370386131129504
249 1.6989700043360187 22.75668213035031
258 1.845098040014257 32.05900432440354
259 1.3010299956639813 34.168322910342354
261 1.4771212547196624 40.472400145134394
266 1.3010299956639813 24.006561347142163
271 1.3010299956639813 27.296216475399984
276 1.3010299956639813 20.303531424387252
278 1.0 24.438116936080927
285 1.3010299956639813 27.333530767834674
286 1.6020599913279625 30.579284727285547
295 1.0 18.766205879960378
296 1.3010299956639813 21.560794875219035
326 1.9030899869919435 26.265110333168654
327 1.0 21.408537178610665
328 1.845098040014257 32.88047364596294
331 1.6020599913279625 26.442768047844584
332 1.6989700043360187 26.156648054217282
333 1.3010299956639813 24.251638512278973
338 1.0 25.829961126625353
344 1.3010299956639813 20.86119657744264
446 1.0 21.762871720842014
448 1.0 18.647997157938995
449 1.0 16.13298238638009
450 1.0 16.00461083590737
452 1.0 15.65046621316542
501 1.3010299956639813 24.640160608655044
523 1.0 19.697674446970826
524 1.0 18.188013959901607
528 1.0 21.12339116570097
530 1.0 17.01946628290197
532 1.6020599913279625 19.229822454648716
535 1.3010299956639813 18.139512907437105
565 1.0 25.067378635529828
566 1.0 24.435514902659826
567 1.0 23.07027838400899
594 1.0 21.479558238529965
605 1.0 16.87814769144019
62 1.0 20.34767568477578
732 1.0 28.96885361670166
84 1.6020599913279625 25.365184410989947
87 1.0 24.835731385689954
880 1.0 33.12096543823041
966 1.0 20.37474443529265
968 1.7781512503836436 20.745195199857015
969 1.3010299956639813 20.598971129752556
970 1.6020599913279625 18.816376936112132
971 1.0 19.694865931417798
974 1.6989700043360187 17.88251712427213
978 1.0 19.932540595234652
986 1.0 21.11229795390388
990 1.0 19.267169356987246
