0.8996294548824371
141 1.6989700043360187 22.083311659467373
161 1.0 40.68786868352573
173 1.0 18.85938858887468
176 1.3010299956639813 22.379256958057034
185 1.6020599913279625 24.640160608655044
187 1.4771212547196624 25.365184410989947
191 1.3010299956639813 30.983771998615772
193 1.0 19.923584188401467
197 1.0 21.73615837537494
203 1.0 18.47845587465186
210 1.3010299956639813 20.74943729156614
213 1.3010299956639813 19.298818028563065
219 1.0 20.060459993820544
224 1.0 18.47845587465186
234 1.3010299956639813 20.74943729156614
242 1.0 20.34767568477578
244 1.3010299956639813 25.829961126625353
248 1.0 16.370386131129504
249 1.0 22.75668213035031
258 1.0 32.05900432440354
259 1.0 34.168322910342354
25 1.0 18.174910176754217
261 1.0 40.472400145134394
263 1.0 21.157562303591927
266 2.0413926851582254 24.006561347142163
276 1.0 20.303531424387252
278 1.0 24.438116936080927
285 1.0 27.333530767834674
286 1.845098040014257 30.579284727285547
296 1.3010299956639813 21.560794875219035
2 1.3010299956639813 25.673207973589584
323 1.0 19.99450022605915
326 1.0 26.265110333168654
328 1.3010299956639813 32.88047364596294
332 1.4771212547196624 26.156648054217282
333 1.0 24.251638512278973
336 1.3010299956639813 27.213017312486674
338 1.3010299956639813 25.829961126625353
353 1.3010299956639813 25.406505472371265
397 1.3010299956639813 34.76173337398946
399 1.0 31.06364857854412
3 1.3010299956639813 25.673207973589584
410 1.3010299956639813 20.74943729156614
411 1.0 18.356977856408704
431 1.0 21.076784861203542
432 1.0 20.140245569349506
433 1.0 24.68064648083747
434 1.3010299956639813 26.054272842923844
435 1.0 24.468548355039516
436 1.0 18.15542263413017
441 1.3010299956639813 31.735712827979288
445 1.4771212547196624 16.923811634708713
446 2.1760912590556813 21.762871720842014
448 1.0 18.647997157938995
452 1.0 15.65046621316542
472 1.0 26.198430887398857
47 1.4771212547196624 19.549619832587243
491 1.3010299956639813 18.157117953750248
494 1.6020599913279625 22.47464478924292
500 1.6989700043360187 27.79974623106974
501 1.6020599913279625 24.640160608655044
505 1.0 17.827254209129045
510 1.3010299956639813 21.594628676437562
520 1.0 25.214633181541256
523 1.0 19.697674446970826
525 1.4771212547196624 20.543320381954224
531 1.0 20.572525808084006
536 1.0 17.80770137278335
553 1.0 20.46546645488232
554 1.0 17.95037467412827
555 1.3010299956639813 22.42238581080986
560 1.0 32.40746376373745
561 1.3010299956639813 26.19567707123272
562 1.4771212547196624 20.63816033660684
563 1.7781512503836436 23.476641362660768
565 1.6989700043360187 25.067378635529828
569 1.3010299956639813 21.220451953962858
570 1.3010299956639813 35.00523577088447
573 1.3010299956639813 34.62164344212061
582 1.6020599913279625 26.849702075967517
584 1.3010299956639813 23.292766275876946
594 1.0 21.479558238529965
606 1.4771212547196624 18.53110082385229
61 1.0 18.47845587465186
629 1.0 17.460816329506702
62 1.0 20.34767568477578
634 1.0 20.53889892996114
644 1.0 19.655188678913582
649 1.0 19.923584188401467
651 1.0 21.73615837537494
655 1.6020599913279625 22.47464478924292
69 1.3010299956639813 26.43449543906486
733 1.0 24.09659662047416
751 1.0 24.759982935078224
772 1.0 31.06364857854412
773 1.3010299956639813 25.098242467704086
774 1.0 23.139038800697477
803 1.0 16.74751991200512
807 1.4771212547196624 24.483238969908477
823 1.3010299956639813 30.983771998615772
831 1.6989700043360187 27.79974623106974
84 1.4771212547196624 25.365184410989947
852 1.0 21.864410189197464
854 1.0 20.336569559735775
880 1.0 33.12096543823041
917 1.0 21.083151146519995
91 1.0 21.73615837537494
922 1.0 21.35873785771627
92 1.0 21.402892320890444
932 1.0 22.35128407421646
935 1.3010299956639813 21.549494779071786
946 1.9030899869919435 19.482666389137716
947 1.0 19.409288369513817
955 1.3010299956639813 19.358190264880896
958 1.0 21.012855683925522
960 1.3010299956639813 20.844073091142132
962 1.4771212547196624 17.046701400697756
966 1.0 20.37474443529265
968 1.3010299956639813 20.745195199857015
969 1.3010299956639813 20.598971129752556
971 1.0 19.694865931417798
978 1.0 19.932540595234652
983 1.3010299956639813 15.99285048892566
984 1.0 17.695911660502205
986 1.0 21.11229795390388
988 1.0 18.29479303891827
