1.8239087409443189
131 1.0 31.908356378043813
133 1.0 27.54885932499107
134 1.3010299956639813 29.51314963866556
137 1.3010299956639813 22.26891535791042
140 1.3010299956639813 22.06065850896495
147 1.3010299956639813 39.718947201261805
148 1.0 36.70053413239285
157 1.6020599913279625 40.355627938282694
158 1.3010299956639813 34.64884871982456
160 1.4771212547196624 40.68185651929256
222 1.3010299956639813 19.47615277135082
243 1.4771212547196624 25.8105965022697
24 1.0 22.69262746225858
337 1.4771212547196624 25.8105965022697
486 1.0 19.08673079463014
