1.6777807052660807
132 1.0 31.9240224086541
136 1.0 23.748484428238577
141 1.0 22.083311659467373
148 1.0 39.73153365749456
149 1.0 36.714155384577936
223 1.0 19.5018082949504
266 1.0 24.006561347142163
271 1.6989700043360187 27.296216475399984
326 1.3010299956639813 26.265110333168654
327 1.4771212547196624 21.408537178610665
328 1.4771212547196624 32.88047364596294
329 1.6020599913279625 24.220820861806594
330 1.6989700043360187 25.015154858124397
331 1.3010299956639813 26.442768047844584
448 2.079181246047625 18.647997157938995
500 1.3010299956639813 27.79974623106974
668 1.0 16.496123636808157
754 1.0 21.72844942797455
80 1.0 15.71248572680523
831 1.3010299956639813 27.79974623106974
922 1.4771212547196624 21.35873785771627
