1.7695510786217261
157 1.0 40.355627938282694
161 1.0 29.183057629910973
41 1.0 20.87407005016222
497 1.3010299956639813 22.57404561538827
530 1.4771212547196624 20.54820717542731
553 1.6020599913279625 17.922498457011667
554 1.845098040014257 22.40007556792627
564 1.3010299956639813 25.047424451568215
633 1.0 20.514540434900287
664 1.0 20.597926648495577
827 1.3010299956639813 22.57404561538827
912 1.9542425094393248 21.510199531662707
917 1.9030899869919435 20.297410938444266
935 1.0 16.449077097941938
952 2.0413926851582254 25.38787746985513
955 1.0 20.597926648495577
960 1.4771212547196624 19.164284103879986
