1.744727494896694
187 1.0 25.365184410989947
206 1.0 18.054340943557705
244 1.6989700043360187 25.829961126625353
249 1.3010299956639813 22.75668213035031
295 1.0 18.766205879960378
302 1.0 15.880314132670478
333 1.0 24.251638512278973
336 1.3010299956639813 27.213017312486674
338 1.6989700043360187 25.829961126625353
523 1.0 19.697674446970826
534 1.0 19.72223251625476
601 1.0 13.112389751655092
658 1.0 18.054340943557705
813 1.0 16.555206772911212
84 1.0 25.365184410989947
971 1.0 19.694865931417798
982 1.0 19.85729433713603
986 1.3010299956639813 21.11229795390388
