1.7958800173440752
151 1.0 26.41677324871767
154 1.3010299956639813 39.64347606197456
158 1.7781512503836436 34.64884871982456
159 1.3010299956639813 33.49922392874927
160 1.845098040014257 40.68185651929256
214 1.3010299956639813 18.685531899177228
386 1.3010299956639813 21.856373350068075
396 1.0 34.747346764383785
418 1.0 17.08472326939475
43 1.0 17.11189632348561
536 1.0 17.11189632348561
547 1.0 19.03026025482742
660 1.0 17.15044222388708
684 1.3010299956639813 17.964183562785355
693 1.3010299956639813 18.104685257403954
93 1.0 40.4099170367325
