1.8239087409443189
186 2.0413926851582254 25.345464687070297
1 1.4771212547196624 24.469666509833758
260 1.0 40.46004416097286
42 1.0 17.338897626616056
507 1.0 17.338897626616056
551 1.0 21.162559580914515
561 1.4771212547196624 20.6139191343978
569 1.6989700043360187 34.990949277994865
572 1.845098040014257 34.607198595571596
60 1.6989700043360187 20.28552366248819
81 1.3010299956639813 15.73170187126443
830 1.3010299956639813 15.73170187126443
83 2.0413926851582254 25.345464687070297
84 1.6020599913279625 20.94724544657274
992 1.0 20.972634792127216
