1.4559319556497243
14 1.0 14.489359616347349
15 1.0 14.489359616347349
196 1.0 21.713143045615993
203 1.0 17.809686811690188
22 1.0 20.017303363514117
24 1.0 22.69262746225858
277 1.0 24.417648522770687
2 1.0 25.653725024939046
339 1.0 17.809686811690188
348 1.0 16.926861864319864
349 1.0 18.22236264627707
350 1.0 19.30862768534024
352 1.0 25.386817845441577
3 1.0 25.653725024939046
402 1.0 16.368602790560463
432 1.0 24.66037937080602
434 1.0 24.448105419498397
499 1.3010299956639813 27.781754633425805
501 1.0 18.576070342315386
642 1.0 19.614776409036214
650 1.0 21.713143045615993
660 1.0 17.15044222388708
668 1.0 17.727873548642012
670 1.3010299956639813 20.6370767184495
69 1.0 26.41557398804616
745 1.0 19.115864173216895
787 1.0 16.853403753588953
788 1.0 16.44195035074378
790 1.0 16.35543624625182
798 1.0 19.84500063961507
814 1.3010299956639813 26.382740623521833
828 1.3010299956639813 27.781754633425805
834 1.0 19.359056970763802
850 1.0 21.84153000413391
90 1.0 21.713143045615993
