0.8927900303521317
103 1.0 13.03590292228772
132 1.845098040014257 31.9240224086541
133 2.380211241711606 31.18619433249154
134 2.113943352306837 27.567002922119546
135 2.0 29.53008637972915
136 1.0 23.748484428238577
141 1.4771212547196624 22.083311659467373
142 1.0 19.04038571666816
143 1.3010299956639813 21.629493927449314
146 1.3010299956639813 38.443348131520054
155 1.0 39.65608647202028
174 1.0 25.443847031718235
191 1.4771212547196624 30.983771998615772
1 1.0 24.099314783282633
204 1.3010299956639813 17.837739327910686
218 1.0 15.989944117470667
244 1.0 25.829961126625353
278 1.4771212547196624 24.438116936080927
290 1.0 19.344122607461724
305 1.0 17.98399116678101
307 1.0 16.630431048976302
314 1.0 16.718741339460014
326 1.0 26.265110333168654
335 1.0 26.592389103304416
336 1.4771212547196624 27.213017312486674
338 1.0 25.829961126625353
340 1.3010299956639813 17.837739327910686
352 1.0 22.315951883102834
376 1.0 15.261482973215074
397 1.4771212547196624 34.76173337398946
399 1.3010299956639813 31.06364857854412
400 2.079181246047625 19.159509087472838
405 1.0 14.765194378080146
406 1.6020599913279625 17.13803809591465
407 1.4771212547196624 16.206807375934993
412 1.6020599913279625 21.758302257583633
413 1.4771212547196624 19.441687508621293
415 1.0 16.854896388101817
416 1.4771212547196624 19.445006257673224
417 1.6989700043360187 18.642503692692046
418 1.0 15.939621763732179
419 1.3010299956639813 17.11396415772215
41 1.0 20.898009485572526
423 1.0 15.351295233681704
432 1.0 20.140245569349506
441 1.0 31.735712827979288
444 1.0 29.526890635247195
470 1.0 13.047685080108735
476 1.4771212547196624 15.745555167328087
477 1.4771212547196624 14.222320993086985
487 1.0 19.112909051912595
489 1.0 18.813161782127867
503 2.113943352306837 24.96783731854743
518 1.0 17.902990023252144
519 1.3010299956639813 20.706175002637085
525 1.0 20.543320381954224
531 1.0 20.572525808084006
540 1.9542425094393248 23.36967033208018
542 1.6020599913279625 19.728868427436186
544 2.146128035678238 21.7329857487666
553 1.4771212547196624 20.46546645488232
555 1.0 22.42238581080986
563 1.0 23.476641362660768
565 1.0 25.067378635529828
567 1.0 23.07027838400899
575 1.0 16.63120895803179
594 1.4771212547196624 21.479558238529965
5 1.0 18.48385548625501
624 1.0 16.49972484873875
632 1.0 19.9752240481514
633 1.0 22.269887599954423
634 1.0 20.53889892996114
635 1.0 21.5228993608598
636 1.0 18.05674668124595
662 1.0 19.61461115210067
663 1.0 19.44490454387257
66 1.3010299956639813 17.304976281070527
670 1.0 16.652523466110832
671 1.0 20.661290750656658
673 1.3010299956639813 17.464006401007527
677 1.3010299956639813 20.260093000467393
678 1.0 19.909993307821388
680 1.0 15.775358504069235
69 1.0 26.43449543906486
730 1.0 15.234951641878837
772 1.3010299956639813 31.06364857854412
779 1.4771212547196624 28.58117033955364
793 1.3010299956639813 15.060853163657614
794 1.4771212547196624 15.329372186555613
795 1.0 15.316040163704834
796 1.0 15.424216864581213
798 1.6020599913279625 16.44666201427546
800 1.6020599913279625 19.870179928383198
801 2.4471580313422194 21.773953133516383
802 2.380211241711606 21.49817099427365
803 1.0 16.74751991200512
807 1.9542425094393248 24.483238969908477
809 1.6989700043360187 23.93775068948324
810 1.4771212547196624 15.100671070076253
811 1.0 19.284259305458484
814 2.380211241711606 21.49817099427365
815 1.3010299956639813 20.604951603302737
816 2.113943352306837 26.40168560543113
821 1.0 19.344122607461724
823 1.4771212547196624 30.983771998615772
836 1.0 19.384867469169826
861 1.0 12.989661046433016
862 1.0 13.08594994448978
864 1.3010299956639813 22.523102482333243
866 1.0 13.047685080108735
867 2.113943352306837 36.43404557128479
874 1.3010299956639813 15.628378267266886
875 1.3010299956639813 15.780042124305094
877 1.6020599913279625 22.452284526648562
878 1.4771212547196624 27.134111744574057
879 1.6020599913279625 22.452284526648562
880 1.3010299956639813 33.12096543823041
881 1.0 15.999505166650179
886 1.0 17.98399116678101
888 1.0 16.630431048976302
917 1.4771212547196624 21.083151146519995
929 1.0 15.284913596427298
930 1.6020599913279625 22.37231226242215
953 1.0 19.129941566095997
966 1.4771212547196624 20.37474443529265
982 1.0 19.85729433713603
986 1.0 21.11229795390388
99 1.3010299956639813 15.628378267266886
