1.721246399047171
132 1.0 31.170157473839097
133 1.4771212547196624 27.54885932499107
399 1.6020599913279625 19.13339458833571
405 1.0 17.108838352647496
406 1.0 16.1759267221591
475 1.0 15.713768088124892
502 1.6020599913279625 24.947803517854027
793 1.0 15.283359784295454
794 1.0 15.391766171743628
796 1.3010299956639813 16.41623255841033
798 1.0 19.84500063961507
799 1.845098040014257 21.750977795505374
800 1.845098040014257 21.474900607430737
807 1.0 23.916854058840084
812 1.845098040014257 21.474900607430737
814 1.7781512503836436 26.382740623521833
861 1.0 13.08594994448978
873 1.0 15.748324655176601
879 1.3010299956639813 15.968223619979328
