1.4436974992327127
185 1.0 24.640160608655044
187 1.0 25.365184410989947
206 1.0 18.054340943557705
207 1.0 18.798742484766407
208 1.0 18.083445948480012
225 1.0 18.083445948480012
233 1.0 18.798742484766407
282 1.0 18.824144686242487
285 1.0 27.333530767834674
286 1.0 30.579284727285547
326 1.0 26.265110333168654
328 1.6020599913279625 32.88047364596294
329 1.0 24.220820861806594
330 1.4771212547196624 25.015154858124397
335 1.0 26.592389103304416
409 1.0 18.798742484766407
47 1.3010299956639813 19.549619832587243
498 1.0 22.596184090364247
501 1.0 24.640160608655044
523 1.0 19.697674446970826
530 1.0 17.01946628290197
536 1.0 17.80770137278335
544 1.0 21.7329857487666
550 1.0 22.418090015600434
555 1.0 22.42238581080986
565 1.0 25.067378635529828
567 1.0 23.07027838400899
639 1.0 18.00030745664779
658 1.0 18.054340943557705
659 1.0 18.798742484766407
830 1.0 22.596184090364247
84 1.0 25.365184410989947
87 1.0 24.835731385689954
93 1.0 19.110011561305157
958 1.0 21.012855683925522
990 1.0 19.267169356987246
