1.721246399047171
106 1.3010299956639813 21.237877873941795
207 1.0 18.0557751805786
224 1.0 18.0557751805786
238 1.0 16.834808931146938
241 1.0 20.323087997959746
260 1.0 40.46004416097286
262 1.0 21.133916878571615
327 1.0 32.86526353435894
328 1.0 24.20016866097684
398 1.0 31.04754842191709
472 1.0 20.431753744712537
518 1.0 20.682013519960595
554 1.0 22.40007556792627
571 1.0 29.826229749704215
576 1.0 21.517861792661158
583 1.0 23.271290483826427
62 1.0 20.323087997959746
770 1.0 31.04754842191709
959 1.0 20.989047238821517
