1.1307682802690238
1000 1.0 16.329300295473313
114 1.0 16.58655052158543
115 1.3010299956639813 17.956167137974
248 1.3010299956639813 22.73469994483774
252 1.0 16.401453406092962
253 1.0 16.396443136520976
254 1.0 16.329300295473313
255 1.0 16.767843670427574
258 1.0 34.15368633845293
259 2.113943352306837 27.067295817703585
260 2.3979400086720375 40.46004416097286
262 1.3010299956639813 21.133916878571615
263 1.6020599913279625 18.961368666684063
264 1.3010299956639813 16.714220604471006
266 2.146128035678238 20.247891051811926
268 1.9542425094393248 28.048590371713367
290 1.3010299956639813 17.858124243150325
302 1.3010299956639813 14.567110784185882
303 1.0 16.58655052158543
304 1.3010299956639813 17.956167137974
305 1.3010299956639813 18.712967679843132
306 1.0 16.600338456632596
310 1.3010299956639813 18.574581934797493
311 1.0 16.33409561676385
312 1.0 16.2406870095727
313 1.0 16.688807985466465
314 1.0 16.038281372083322
315 1.0 16.836578834986856
325 1.0 26.246066768442137
477 1.3010299956639813 18.712967679843132
478 1.0 16.600338456632596
53 1.0 15.484623446241047
562 1.0 23.455333927936188
564 1.0 25.047424451568215
573 1.0 16.9403306571999
574 1.0 16.601117775791995
575 1.0 16.359093907045278
580 2.146128035678238 25.521710205582426
582 1.7781512503836436 24.99171329470656
583 1.0 23.271290483826427
584 2.146128035678238 30.950545053399313
585 1.0 15.484623446241047
591 1.0 15.92624199010319
597 1.0 19.894981669475758
605 1.6989700043360187 18.5040994848109
609 1.3010299956639813 13.205989559567152
610 1.3010299956639813 16.926793752845303
612 1.845098040014257 22.300659992929845
613 1.0 16.24635806045507
615 1.9030899869919435 23.88195453063762
622 1.0 16.29894691934756
623 1.0 16.469393434006214
881 1.0 16.868603706098174
883 1.3010299956639813 18.574581934797493
884 1.0 16.33409561676385
885 1.0 16.2406870095727
886 1.0 16.688807985466465
887 1.0 16.038281372083322
888 1.0 16.836578834986856
967 1.0 20.350189453749287
971 1.3010299956639813 18.789785549650443
972 1.0 19.669462220826514
974 1.4771212547196624 18.84312245235009
975 1.0 17.854534961736917
978 1.6020599913279625 17.34793605111952
979 1.6989700043360187 19.907440181516993
980 1.4771212547196624 17.619733479266785
984 1.6020599913279625 15.961555900385454
985 1.6020599913279625 17.667633952974512
986 1.4771212547196624 19.998220484206893
993 1.0 33.541218365030296
995 1.0 16.341134900020474
998 1.0 16.401453406092962
999 1.0 16.396443136520976
