1.721246399047171
14 1.0 14.523826702761134
15 1.0 14.523826702761134
185 1.4771212547196624 24.640160608655044
204 1.0 17.837739327910686
285 1.4771212547196624 27.333530767834674
2 1.0 25.673207973589584
340 1.0 17.837739327910686
348 1.0 18.44095543145629
3 1.0 25.673207973589584
433 1.0 24.68064648083747
435 1.0 24.468548355039516
501 1.4771212547196624 24.640160608655044
545 1.0 16.369127366332837
550 1.0 22.418090015600434
809 1.3010299956639813 23.93775068948324
947 1.0 19.409288369513817
958 1.0 21.012855683925522
973 1.0 18.869638675773842
992 1.0 33.556122085405605
