1.207608310501746
121 1.0 25.97780851667672
142 1.0 21.606364977884798
172 1.0 18.832857933573873
184 1.3010299956639813 24.619860170608522
190 1.3010299956639813 30.967630313961816
196 1.0 21.713143045615993
216 1.0 16.721725650862297
218 1.0 20.03551983762025
225 1.0 16.31314212731362
259 1.4771212547196624 27.067295817703585
260 2.0413926851582254 40.46004416097286
266 1.0 20.247891051811926
267 1.845098040014257 24.25543451426215
268 1.0 28.048590371713367
269 1.3010299956639813 26.08506226190013
271 1.0 14.256693170752603
396 1.0 34.747346764383785
398 1.3010299956639813 31.04754842191709
440 1.3010299956639813 31.719953794102054
455 1.0 18.409755324317654
456 1.0 17.667086492329588
485 1.0 18.6714979484428
497 1.0 22.57404561538827
500 1.3010299956639813 24.619860170608522
514 1.0 23.1822442953396
519 1.3010299956639813 25.19479562289961
532 1.3010299956639813 15.834509410850428
552 1.0 20.441020454368555
555 1.0 21.325804237253536
556 1.3010299956639813 32.02299329624464
557 1.3010299956639813 29.473606133346674
558 1.0 21.15084713075001
559 1.0 32.39203154477896
569 1.4771212547196624 34.990949277994865
570 1.0 19.48325860666556
578 1.0 17.196077893890912
580 1.6020599913279625 25.521710205582426
581 1.0 26.831073433021917
582 1.0 24.99171329470656
583 1.0 23.271290483826427
584 1.9030899869919435 30.950545053399313
650 1.0 21.713143045615993
670 1.0 20.6370767184495
678 1.0 17.392347547587537
681 1.0 18.065059521538757
688 1.3010299956639813 16.363787416979306
770 1.3010299956639813 31.04754842191709
772 1.0 23.117420198200822
806 1.6020599913279625 27.27436952647854
820 1.3010299956639813 30.967630313961816
827 1.0 22.57404561538827
829 1.3010299956639813 24.619860170608522
871 1.0 25.16854217073077
876 1.0 27.115678493576954
90 1.0 21.713143045615993
914 1.3010299956639813 18.44622626314255
918 1.0 21.05942217315108
920 1.0 17.092496631953207
93 1.0 40.4099170367325
979 1.0 19.907440181516993
985 1.0 17.667633952974512
991 1.0 19.241200976831678
