1.744727494896694
219 1.3010299956639813 20.060459993820544
261 1.3010299956639813 40.472400145134394
268 1.0 24.276039699169623
281 1.0 20.385373369801357
285 1.0 27.333530767834674
328 1.0 32.88047364596294
339 1.0 21.777753188456284
375 1.0 18.075636329874662
397 1.4771212547196624 34.76173337398946
557 1.0 32.03860327247943
570 1.0 35.00523577088447
585 1.3010299956639813 30.96669564390913
733 1.3010299956639813 24.09659662047416
751 1.3010299956639813 24.759982935078224
864 1.0 22.523102482333243
946 1.0 19.482666389137716
94 1.0 40.42228834338309
992 1.0 33.556122085405605
