1.6575773191777938
127 1.0 18.613796434027876
186 1.4771212547196624 25.345464687070297
227 1.0 19.245446135136124
241 1.0 20.323087997959746
257 1.0 32.04340428656301
258 1.0 34.15368633845293
265 1.0 23.98572466518575
2 1.0 25.653725024939046
325 1.0 26.246066768442137
327 1.3010299956639813 32.86526353435894
338 1.4771212547196624 21.754781863703386
343 1.0 20.837214848503734
3 1.0 25.653725024939046
432 1.0 24.66037937080602
434 1.0 24.448105419498397
472 1.0 20.431753744712537
583 1.3010299956639813 23.271290483826427
5 1.0 18.45678502981382
62 1.0 20.323087997959746
83 1.4771212547196624 25.345464687070297
93 1.3010299956639813 40.4099170367325
985 1.0 17.667633952974512
