1.6020599913279623
104 1.0 21.315476777332258
131 1.0 31.908356378043813
134 1.0 29.51314963866556
142 1.0 21.606364977884798
146 1.0 38.26126400416704
148 1.0 36.70053413239285
153 1.3010299956639813 38.91027615891787
154 1.0 39.64347606197456
157 1.6989700043360187 40.355627938282694
160 1.3010299956639813 40.68185651929256
161 1.0 29.183057629910973
163 1.0 29.043663537477517
173 1.3010299956639813 25.424188320838816
352 1.4771212547196624 25.386817845441577
470 1.0 23.994543772969674
517 1.0 17.875039909680364
559 1.0 32.39203154477896
566 1.0 23.04859528725498
66 1.0 17.276058696601304
671 1.0 19.58191513861614
677 1.0 19.89770402247368
862 1.0 22.500892102974184
871 1.0 25.16854217073077
93 1.7781512503836436 40.4099170367325
942 1.0 17.99083394469146
