1.4814860601221125
184 1.0 24.619860170608522
188 1.0 22.772628792451215
199 1.0 22.603396897878287
1 1.3010299956639813 24.469666509833758
211 1.3010299956639813 22.03031942410671
216 1.0 16.721725650862297
229 1.0 22.603396897878287
238 1.3010299956639813 16.834808931146938
239 1.3010299956639813 15.026860203291795
241 1.4771212547196624 20.323087997959746
246 1.0 17.897958254775837
247 1.0 16.339814628149156
257 1.0 32.04340428656301
258 1.0 34.15368633845293
275 1.0 20.27889021374396
335 1.0 27.194637545841633
342 1.0 22.806563635018236
343 1.3010299956639813 20.837214848503734
411 1.0 21.73531037580023
41 1.0 20.87407005016222
500 1.0 24.619860170608522
50 1.4771212547196624 14.451107282168001
527 1.4771212547196624 21.0997074467684
59 1.0 17.024968450726956
62 1.4771212547196624 20.323087997959746
645 1.0 20.99530825830948
647 1.0 22.772628792451215
653 1.0 22.603396897878287
659 1.0 17.024968450726956
69 1.0 26.41557398804616
731 1.0 28.951588555136127
816 1.0 14.352205274873025
829 1.0 24.619860170608522
