1.045757490560675
122 1.0 25.99704858881334
158 1.3010299956639813 40.36801588254125
173 1.0 18.85938858887468
189 1.3010299956639813 22.794574400913437
191 1.4771212547196624 30.983771998615772
198 1.0 18.00016847208931
199 1.3010299956639813 19.95515608969582
1 1.0 24.099314783282633
200 1.0 22.625506653399253
209 1.0 19.7404272810474
216 1.0 16.421261094972383
217 1.0 16.75160018454076
229 1.3010299956639813 19.919432784468437
230 1.0 22.625506653399253
231 1.0 19.843697587754125
259 1.4771212547196624 34.168322910342354
267 1.0 20.272569941821523
278 1.0 24.438116936080927
285 1.3010299956639813 27.333530767834674
286 1.0 30.579284727285547
2 1.3010299956639813 25.673207973589584
302 1.3010299956639813 15.880314132670478
311 1.0 18.601480963958362
336 1.0 27.213017312486674
339 1.3010299956639813 21.777753188456284
341 2.0413926851582254 20.951702374187988
397 1.0 34.76173337398946
399 1.4771212547196624 31.06364857854412
3 1.3010299956639813 25.673207973589584
402 2.204119982655925 24.177242781351655
41 1.0 20.898009485572526
498 1.3010299956639813 22.596184090364247
499 1.0 19.843697587754125
500 1.0 27.79974623106974
510 1.0 21.594628676437562
519 1.0 20.706175002637085
527 1.6989700043360187 20.61363026869414
540 1.3010299956639813 23.36967033208018
544 1.3010299956639813 21.7329857487666
547 1.0 20.421608203426736
551 1.0 15.64922422599311
553 1.0 20.46546645488232
555 1.3010299956639813 22.42238581080986
563 1.0 23.476641362660768
565 1.0 25.067378635529828
566 1.0 24.435514902659826
567 1.0 23.07027838400899
592 1.0 15.957605833185818
598 1.6989700043360187 19.920097781606806
599 1.0 12.932211177895763
59 1.0 17.054311793451188
5 1.0 18.48385548625501
605 1.0 16.87814769144019
616 1.0 23.902881671535816
636 1.0 18.05674668124595
63 1.0 17.37188739596265
648 1.3010299956639813 22.794574400913437
652 1.0 18.00016847208931
653 1.3010299956639813 19.95515608969582
654 1.0 22.625506653399253
656 1.0 19.843697587754125
660 1.0 17.054311793451188
66 1.4771212547196624 17.304976281070527
672 1.0 19.607432276969973
683 1.0 17.37188739596265
713 1.0 16.184280047905055
772 1.4771212547196624 31.06364857854412
774 1.0 23.139038800697477
777 2.204119982655925 24.177242781351655
778 2.0 25.828938051552868
779 2.380211241711606 28.58117033955364
780 2.6989700043360187 29.39263705080337
781 2.0413926851582254 26.78123592188267
782 2.278753600952829 28.670617617530514
783 2.146128035678238 24.23640676791617
784 2.3222192947339195 28.829559825624525
803 1.0 16.74751991200512
807 1.0 24.483238969908477
823 1.4771212547196624 30.983771998615772
830 1.3010299956639813 22.596184090364247
831 1.0 27.79974623106974
833 1.3010299956639813 15.885438230900338
909 1.0 17.04982557935131
917 1.0 21.083151146519995
918 1.6020599913279625 24.222096258795588
921 1.0 16.37330158288374
942 1.0 19.45006435459591
953 1.4771212547196624 19.129941566095997
958 1.6020599913279625 21.012855683925522
977 1.4771212547196624 17.376734020918096
