0.9469215565165803
114 1.0 16.58655052158543
115 1.3010299956639813 17.956167137974
119 1.0 22.648675884415564
145 1.4771212547196624 38.43033977941447
146 1.4771212547196624 38.26126400416704
147 1.4771212547196624 39.718947201261805
148 1.4771212547196624 36.70053413239285
157 1.0 40.355627938282694
158 1.0 34.64884871982456
159 1.0 33.49922392874927
160 1.3010299956639813 40.68185651929256
161 1.0 29.183057629910973
173 1.4771212547196624 25.424188320838816
174 1.3010299956639813 18.86162482260781
190 1.4771212547196624 30.967630313961816
210 1.3010299956639813 19.851353724768064
211 1.0 22.03031942410671
238 1.0 16.834808931146938
23 1.0 18.90126570373093
241 1.0 20.323087997959746
246 1.0 17.897958254775837
248 1.3010299956639813 22.73469994483774
250 1.4771212547196624 16.070194442289612
255 1.0 16.767843670427574
257 1.0 32.04340428656301
259 1.0 27.067295817703585
301 1.0 15.848797334570648
303 1.0 16.58655052158543
304 1.3010299956639813 17.956167137974
305 1.0 18.712967679843132
306 1.0 16.600338456632596
307 1.3010299956639813 18.45025554098666
308 1.0 17.69895328701503
311 1.0 16.33409561676385
315 1.4771212547196624 16.836578834986856
321 1.0 19.38943069849081
342 1.0 22.806563635018236
396 1.0 34.747346764383785
41 1.6020599913279625 20.87407005016222
436 1.0 16.48783672419816
437 1.0 16.500863545850883
438 1.0 16.11979502108222
439 1.0 16.057639662220197
440 1.3010299956639813 31.719953794102054
445 1.0 21.739884671677192
453 1.6020599913279625 15.044342067483518
460 1.3010299956639813 14.356967600895358
477 1.0 18.712967679843132
478 1.0 16.600338456632596
480 1.3010299956639813 18.45025554098666
481 1.0 17.69895328701503
497 1.0 22.57404561538827
503 1.3010299956639813 18.364443485111277
509 1.3010299956639813 21.57146234433863
521 1.0 16.13648804769188
545 1.0 23.297633308982533
549 1.0 22.395775493328287
552 1.0 20.441020454368555
554 1.3010299956639813 22.40007556792627
573 1.0 16.9403306571999
576 1.0 21.517861792661158
580 1.0 25.521710205582426
596 1.0 19.971318757650213
599 1.3010299956639813 18.573663222245116
604 1.3010299956639813 16.848497544115553
610 1.0 16.926793752845303
612 1.4771212547196624 22.300659992929845
613 1.0 16.24635806045507
615 1.6020599913279625 23.88195453063762
616 1.4771212547196624 16.2837123301042
617 1.0 16.258590605316485
624 1.4771212547196624 16.24926695969382
62 1.0 20.323087997959746
631 1.0 19.950177336902193
643 1.0 19.629733620293802
665 1.0 21.956288146883587
676 1.0 20.23539889371069
681 1.0 18.065059521538757
684 1.3010299956639813 17.964183562785355
693 1.3010299956639813 18.104685257403954
731 1.0 28.951588555136127
732 1.3010299956639813 24.075837860598885
746 1.0 22.32660375113389
750 1.3010299956639813 24.739780818458456
769 1.3010299956639813 19.37976637155202
772 1.0 23.117420198200822
809 1.0 19.258313969819948
810 1.0 18.41805748667281
81 1.0 15.73170187126443
820 1.4771212547196624 30.967630313961816
827 1.0 22.57404561538827
830 1.0 15.73170187126443
833 1.0 13.116644911485228
838 1.0 14.879955303930068
862 1.0 22.500892102974184
871 1.0 25.16854217073077
884 1.0 16.33409561676385
888 1.4771212547196624 16.836578834986856
895 1.0 16.22969191138666
918 1.0 21.05942217315108
919 1.0 24.20144514632048
928 1.3010299956639813 18.737561566460872
92 1.0 19.083829329388184
937 1.0 20.6196626379172
943 1.0 19.424340488107244
945 1.0 19.892020741815653
974 1.6989700043360187 18.84312245235009
975 1.4771212547196624 17.854534961736917
976 1.3010299956639813 19.01089422974206
980 1.0 17.619733479266785
992 1.0 20.972634792127216
994 1.4771212547196624 16.070194442289612
995 1.3010299956639813 16.341134900020474
