1.3565473235138126
174 1.4771212547196624 25.443847031718235
175 1.3010299956639813 18.88811507135678
188 1.0 18.394820991631416
212 1.0 22.053003739358804
242 1.0 20.34767568477578
254 1.3010299956639813 16.42690925065229
255 1.3010299956639813 16.359891446453577
278 1.3010299956639813 24.438116936080927
306 1.3010299956639813 18.739668070348888
307 1.0 16.630431048976302
309 1.0 17.72718103523344
315 1.0 16.06942654142066
322 1.3010299956639813 19.415200818214007
343 1.0 22.828476621056783
437 1.0 16.518134272484215
438 1.0 16.53113721916283
439 1.0 16.150783000266802
440 1.0 16.088747357134647
479 1.0 16.116413501007873
506 1.0 20.117459620901656
510 1.3010299956639813 21.594628676437562
546 1.0 23.31908484052949
577 1.0 21.541085769479377
597 1.0 19.996338987916545
612 1.0 16.40190763707712
613 1.3010299956639813 22.32306959448592
616 1.0 23.902881671535816
62 1.0 20.34767568477578
635 1.0 21.5228993608598
643 1.0 19.64025085319644
771 1.0 19.405549325281637
779 1.0 28.58117033955364
820 1.0 18.394820991631416
887 1.3010299956639813 18.739668070348888
888 1.0 16.630431048976302
891 1.0 17.72718103523344
897 1.0 15.971940710676494
94 1.0 40.42228834338309
952 1.0 19.20083241364576
957 1.0 18.152757365381166
972 1.0 19.608298803683244
989 1.0 17.072459926998317
998 1.3010299956639813 16.42690925065229
999 1.3010299956639813 16.359891446453577
