1.7695510786217261
208 1.0 19.715082278253885
259 1.3010299956639813 27.067295817703585
260 2.278753600952829 40.46004416097286
284 1.0 27.31523209193297
334 1.0 26.57358007912264
457 2.8129133566428557 24.521319277035015
496 1.0 21.534181820846815
499 1.3010299956639813 27.781754633425805
511 1.7781512503836436 21.085117241154542
544 1.0 16.338553508044296
561 1.0 20.6139191343978
81 1.0 15.73170187126443
826 1.0 21.534181820846815
828 1.3010299956639813 27.781754633425805
830 1.0 15.73170187126443
838 1.4771212547196624 14.879955303930068
86 1.0 24.815590935179138
