1.7958800173440752
121 1.0 25.97780851667672
171 1.0 13.78444399364049
260 1.4771212547196624 40.46004416097286
269 1.0 26.08506226190013
326 1.3010299956639813 21.385169256471997
396 1.6989700043360187 34.747346764383785
513 1.3010299956639813 18.984876032460487
555 1.0 21.325804237253536
556 1.0 32.02299329624464
558 1.0 21.15084713075001
559 1.3010299956639813 32.39203154477896
565 1.0 24.415044307928472
569 1.6020599913279625 34.990949277994865
571 1.3010299956639813 29.826229749704215
832 1.0 14.292410634951741
931 1.0 22.349952035011718
