1.744727494896694
146 1.0 38.443348131520054
158 1.0 40.36801588254125
19 1.0 22.906892828979473
205 1.0 18.460464588544884
210 1.0 20.74943729156614
232 1.0 18.460464588544884
234 1.0 20.74943729156614
323 1.0 19.99450022605915
410 1.0 20.74943729156614
536 1.0 17.80770137278335
542 1.3010299956639813 19.728868427436186
608 1.3010299956639813 15.484181606986061
657 1.0 18.460464588544884
671 1.0 20.661290750656658
94 1.3010299956639813 40.42228834338309
950 1.0 16.21290906039629
959 1.0 19.190356568188804
991 1.0 20.996461847748183
