1.5086383061657274
105 1.0 21.33892101876266
122 1.0 25.99704858881334
133 1.0 31.18619433249154
158 1.0 40.36801588254125
160 1.3010299956639813 33.51414632402991
191 1.0 30.983771998615772
22 1.0 20.042266187907835
23 1.0 18.927700473196293
259 1.0 34.168322910342354
260 1.3010299956639813 27.085761995614487
326 1.0 26.265110333168654
332 1.0 26.156648054217282
333 1.0 24.251638512278973
339 1.0 21.777753188456284
341 1.0 20.951702374187988
397 1.0 34.76173337398946
413 1.0 19.441687508621293
421 1.0 22.714705200606023
434 1.3010299956639813 26.054272842923844
441 1.0 31.735712827979288
471 1.3010299956639813 24.01537280312254
527 1.0 20.61363026869414
556 1.0 21.34923713779162
559 1.0 21.174473649853873
560 1.3010299956639813 32.40746376373745
771 1.0 19.405549325281637
823 1.0 30.983771998615772
867 1.0 36.43404557128479
873 1.0 25.188400405739408
93 1.0 19.110011561305157
992 1.0 33.556122085405605
