1.5086383061657274
103 1.0 13.03590292228772
104 1.0 13.08594994448978
106 1.0 13.009307666040192
107 1.0 21.261407681253527
108 1.0 13.12410324363886
1 1.6989700043360187 24.099314783282633
430 1.0 12.947101762515304
432 1.3010299956639813 20.140245569349506
434 1.0 26.054272842923844
453 1.3010299956639813 19.168795308535405
473 1.0 20.456210819322695
474 1.0 13.112389751655092
476 1.9030899869919435 15.745555167328087
477 1.4771212547196624 14.222320993086985
78 1.3010299956639813 15.342485760021395
80 1.0 15.71248572680523
860 1.0 13.074202270093174
861 1.0 12.989661046433016
862 1.0 13.08594994448978
865 1.0 13.12410324363886
869 1.0 20.353723559156737
870 1.0 13.12410324363886
871 1.0 13.074202270093174
872 1.0 13.138776352801159
874 1.845098040014257 15.628378267266886
875 1.7781512503836436 15.780042124305094
876 1.0 13.009307666040192
878 1.0 27.134111744574057
880 1.3010299956639813 33.12096543823041
881 1.845098040014257 15.999505166650179
99 1.845098040014257 15.628378267266886
