0.7958800173440752
109 1.0 19.715945972128416
114 1.0 16.58655052158543
116 1.4771212547196624 21.142493979490386
117 1.0 14.688235307452093
119 1.0 22.648675884415564
120 1.4771212547196624 16.42166336328676
121 2.230448921378274 25.97780851667672
122 2.113943352306837 21.918380641831487
124 1.0 17.76930122808498
125 1.4771212547196624 19.0809900086681
126 1.3010299956639813 17.339097888099232
127 1.4771212547196624 18.613796434027876
131 1.6989700043360187 31.908356378043813
132 1.0 31.170157473839097
137 1.0 22.26891535791042
139 1.3010299956639813 21.045092986540304
13 1.3010299956639813 14.881124838959494
157 1.3010299956639813 40.355627938282694
158 1.0 34.64884871982456
159 1.3010299956639813 33.49922392874927
160 1.4771212547196624 40.68185651929256
163 1.0 29.043663537477517
174 1.3010299956639813 18.86162482260781
184 1.0 24.619860170608522
186 1.0 25.345464687070297
190 1.3010299956639813 30.967630313961816
202 1.0 18.45137749631327
211 1.0 22.03031942410671
212 1.0 19.272892292014472
218 1.0 20.03551983762025
219 1.3010299956639813 15.855377524671088
21 1.0 18.02167784870146
220 1.0 14.895870535814339
223 1.0 18.45137749631327
22 1.0 20.017303363514117
23 1.4771212547196624 18.90126570373093
242 1.0 17.48060764330447
24 1.0 22.69262746225858
257 1.3010299956639813 32.04340428656301
258 1.6020599913279625 34.15368633845293
25 1.0 18.14737887225271
260 1.0 40.46004416097286
262 1.3010299956639813 21.133916878571615
263 1.3010299956639813 18.961368666684063
265 1.3010299956639813 23.98572466518575
26 1.0 18.618919907073398
270 2.361727836017593 27.27789276817213
271 1.0 14.256693170752603
278 1.0 17.70612989299446
284 1.0 27.31523209193297
285 1.3010299956639813 30.562929415100232
303 1.0 16.58655052158543
328 1.3010299956639813 24.20016866097684
329 1.0 24.995158982809944
331 1.3010299956639813 26.137525464974466
336 1.0 17.48060764330447
350 1.0 19.30862768534024
374 1.0 18.047953588423393
406 1.0 16.1759267221591
418 1.3010299956639813 17.08472326939475
420 1.3010299956639813 22.69268235247738
430 1.0 21.053048712370824
432 1.0 24.66037937080602
434 1.0 24.448105419498397
436 1.0 16.48783672419816
437 1.0 16.500863545850883
440 1.0 31.719953794102054
443 1.3010299956639813 29.509952060039822
446 1.3010299956639813 17.40906918615375
447 1.3010299956639813 18.6211653234297
449 1.0 15.973339287977442
44 1.845098040014257 15.69981269395225
453 1.0 15.044342067483518
457 1.0 24.521319277035015
471 1.3010299956639813 26.179338818270686
486 1.3010299956639813 19.08673079463014
496 1.0 21.534181820846815
500 1.0 24.619860170608522
502 1.0 24.947803517854027
514 1.0 23.1822442953396
515 1.3010299956639813 20.34226440586786
518 1.0 20.682013519960595
519 1.0 25.19479562289961
53 1.0 15.484623446241047
545 1.0 23.297633308982533
549 1.0 22.395775493328287
551 1.6989700043360187 21.162559580914515
553 1.0 17.922498457011667
555 1.0 21.325804237253536
556 1.0 32.02299329624464
558 1.3010299956639813 21.15084713075001
559 1.845098040014257 32.39203154477896
560 1.4771212547196624 26.176582993590046
561 1.9030899869919435 20.6139191343978
562 1.0 23.455333927936188
563 1.845098040014257 15.69981269395225
564 1.9030899869919435 25.047424451568215
565 1.7781512503836436 24.415044307928472
566 1.0 23.04859528725498
568 1.3010299956639813 21.196876683380644
569 1.6989700043360187 34.990949277994865
570 1.6020599913279625 19.48325860666556
571 1.0 29.826229749704215
572 1.6020599913279625 34.607198595571596
578 1.0 17.196077893890912
581 1.6989700043360187 26.831073433021917
582 1.3010299956639813 24.99171329470656
583 1.3010299956639813 23.271290483826427
584 1.3010299956639813 30.950545053399313
585 1.0 15.484623446241047
5 1.0 18.45678502981382
604 1.0 16.848497544115553
61 1.0 18.45137749631327
633 1.0 20.514540434900287
645 1.3010299956639813 20.99530825830948
646 1.3010299956639813 18.504078859130104
661 1.0 19.589103365088256
667 1.3010299956639813 16.465785588330146
669 1.3010299956639813 16.622470868958438
671 1.0 19.58191513861614
731 1.0 28.951588555136127
733 1.0 16.680401854673583
750 1.0 24.739780818458456
771 1.6020599913279625 25.078312841330952
772 1.0 23.117420198200822
773 1.0 23.472958228275314
799 1.3010299956639813 21.750977795505374
7 1.0 20.637992374919182
800 1.3010299956639813 21.474900607430737
805 1.0 24.462808310936932
806 1.6020599913279625 27.27436952647854
807 1.0 23.916854058840084
808 1.4771212547196624 15.067523577769435
80 1.0 15.680631610845849
810 1.0 18.41805748667281
812 1.3010299956639813 21.474900607430737
820 1.3010299956639813 30.967630313961816
826 1.0 21.534181820846815
829 1.0 24.619860170608522
83 1.0 25.345464687070297
850 1.0 21.84153000413391
852 1.0 20.31196842893302
862 1.0 22.500892102974184
865 2.342422680822206 36.420319557775116
871 1.6020599913279625 25.16854217073077
876 1.3010299956639813 27.115678493576954
878 1.6020599913279625 33.105865818015594
87 1.0 14.185473624911529
880 1.0 15.076218839772537
889 1.0 15.099016185383055
890 1.0 15.846061238571657
909 1.0 18.220820409533506
915 1.0 15.830828169778773
91 1.7781512503836436 21.379518228894476
934 1.0 19.043662363227906
935 1.0 16.449077097941938
948 1.0 19.383510389270164
974 1.3010299956639813 18.84312245235009
985 1.3010299956639813 17.667633952974512
987 1.3010299956639813 21.088601776656837
