1.0
122 1.0 25.99704858881334
133 1.3010299956639813 31.18619433249154
136 1.0 23.748484428238577
137 1.0 22.922196064917607
146 3.1172712956557644 38.443348131520054
147 1.6020599913279625 38.27432982034523
148 1.0 39.73153365749456
149 1.0 36.714155384577936
154 1.6020599913279625 38.92312411360697
155 1.0 39.65608647202028
156 1.3010299956639813 32.80078913912944
158 1.6989700043360187 40.36801588254125
159 2.0 34.663276209978875
160 1.6989700043360187 33.51414632402991
161 1.6989700043360187 40.68786868352573
162 1.0 29.200185832126223
163 1.0 27.444701699266258
164 1.3010299956639813 29.060873897358988
174 1.0 25.443847031718235
189 1.0 22.794574400913437
190 1.3010299956639813 20.72132492096882
197 1.0 21.73615837537494
1 1.4771212547196624 24.099314783282633
216 1.0 16.421261094972383
21 1.0 18.049400889846094
22 1.4771212547196624 20.042266187907835
23 1.0 18.927700473196293
24 1.3010299956639813 22.714650363605696
25 1.3010299956639813 18.174910176754217
27 1.0 16.156094595531805
285 1.0 27.333530767834674
2 1.4771212547196624 25.673207973589584
348 1.0 18.44095543145629
349 1.0 16.95637498328479
350 1.6020599913279625 18.249780831901347
351 1.6020599913279625 19.334505504177955
352 1.0 22.315951883102834
354 1.0 20.162522130165478
355 1.0 20.7163402836389
356 1.0 19.686795467789832
375 1.0 18.075636329874662
399 1.3010299956639813 31.06364857854412
3 1.4771212547196624 25.673207973589584
413 1.0 19.441687508621293
431 1.0 21.076784861203542
433 1.0 24.68064648083747
434 1.0 26.054272842923844
435 1.0 24.468548355039516
457 1.6989700043360187 18.43689483349195
471 1.3010299956639813 24.01537280312254
472 1.4771212547196624 26.198430887398857
482 1.0 19.755861749534457
502 1.3010299956639813 18.60296721930803
503 1.4771212547196624 24.96783731854743
512 1.6989700043360187 21.108817330045582
513 1.9030899869919435 17.51618482981768
515 1.0 23.20380250236597
527 1.0 20.61363026869414
545 1.6020599913279625 16.369127366332837
554 1.0 17.95037467412827
585 1.0 30.96669564390913
616 1.3010299956639813 23.902881671535816
63 1.0 17.37188739596265
648 1.0 22.794574400913437
651 1.0 21.73615837537494
65 1.7781512503836436 18.842982330593173
669 1.0 17.756055320837486
670 1.0 16.652523466110832
671 1.0 20.661290750656658
672 1.0 19.607432276969973
673 1.0 17.464006401007527
674 1.0 19.06561234581387
675 1.0 18.16831043775807
676 1.0 19.150858948951786
677 1.0 20.260093000467393
678 1.3010299956639813 19.909993307821388
679 1.3010299956639813 17.421072102946884
67 1.0 17.777478226009574
683 1.0 17.37188739596265
68 1.0 17.582897293622267
733 1.4771212547196624 24.09659662047416
751 1.4771212547196624 24.759982935078224
772 1.3010299956639813 31.06364857854412
775 1.6989700043360187 23.494249679152507
776 1.6020599913279625 20.10376748540877
789 1.0 16.883045284589098
790 1.0 16.472332298017896
807 1.4771212547196624 24.483238969908477
81 1.0 15.777603950735331
822 1.3010299956639813 20.72132492096882
82 1.0 16.571218594456724
832 1.0 15.777603950735331
855 1.0 16.571218594456724
867 1.6020599913279625 36.43404557128479
877 1.0 22.452284526648562
879 1.0 22.452284526648562
918 1.0 24.222096258795588
91 1.0 21.73615837537494
93 1.0 19.110011561305157
94 1.6020599913279625 40.42228834338309
