1.6020599913279623
113 1.0 16.83451201033724
139 1.0 21.045092986540304
145 1.3010299956639813 38.43033977941447
146 1.0 38.26126400416704
147 1.0 39.718947201261805
148 1.0 36.70053413239285
158 1.0 34.64884871982456
190 1.3010299956639813 30.967630313961816
234 1.0 18.103713917062354
237 1.0 17.76548249061496
340 1.0 20.927824358412284
389 1.0 22.987930278533103
452 1.0 19.142693477683043
494 1.0 16.83451201033724
499 1.3010299956639813 27.781754633425805
556 1.0 32.02299329624464
557 1.0 29.473606133346674
572 1.0 34.607198595571596
60 1.0 20.28552366248819
65 1.3010299956639813 18.816428542926165
741 1.0 21.665271886223913
773 1.0 23.472958228275314
820 1.3010299956639813 30.967630313961816
828 1.3010299956639813 27.781754633425805
93 1.0 40.4099170367325
