1.2839966563652008
187 1.3010299956639813 25.365184410989947
1 1.3010299956639813 24.099314783282633
213 1.0 19.298818028563065
219 1.3010299956639813 20.060459993820544
247 1.0 17.92587263398071
250 1.0 21.593723016307443
259 1.0 34.168322910342354
260 1.0 27.085761995614487
272 1.3010299956639813 14.291721385647843
278 1.0 24.438116936080927
284 1.0 16.021430614511992
286 1.0 30.579284727285547
326 1.9030899869919435 26.265110333168654
327 1.3010299956639813 21.408537178610665
329 1.0 24.220820861806594
341 1.0 20.951702374187988
345 1.0 19.45537620834872
399 1.3010299956639813 31.06364857854412
441 1.0 31.735712827979288
444 1.0 29.526890635247195
471 1.0 24.01537280312254
483 1.0 14.843383405093189
485 1.0 14.548650732915977
505 1.3010299956639813 17.827254209129045
520 1.0 25.214633181541256
528 1.0 21.12339116570097
557 1.845098040014257 32.03860327247943
558 1.0 29.49056558466878
572 1.0 29.842988809469816
573 1.6989700043360187 34.62164344212061
581 1.4771212547196624 25.541293855592556
582 2.5314789170422554 26.849702075967517
584 1.845098040014257 23.292766275876946
585 1.4771212547196624 30.96669564390913
597 1.0 19.996338987916545
632 1.4771212547196624 19.9752240481514
64 1.0 16.737458178003557
687 1.0 17.191449064838324
690 1.4771212547196624 16.958302953633954
70 1.0 13.219072433822898
712 1.0 16.737458178003557
772 1.3010299956639813 31.06364857854412
84 1.3010299956639813 25.365184410989947
854 1.0 20.336569559735775
85 1.0 20.97110134921298
894 1.3010299956639813 16.898218574553624
898 1.6989700043360187 14.029360356309446
899 1.3010299956639813 14.135030468925212
902 1.6020599913279625 16.786437281709325
907 1.0 16.02381405871867
930 1.0 22.37231226242215
958 1.0 21.012855683925522
