1.5228787452803376
184 1.0 24.619860170608522
186 1.0 25.345464687070297
193 1.3010299956639813 17.74702978158316
210 1.0 19.851353724768064
242 1.0 17.48060764330447
258 1.0 34.15368633845293
284 1.0 27.31523209193297
290 1.0 17.858124243150325
2 1.0 25.653725024939046
336 1.0 17.48060764330447
345 1.0 17.350406766716183
397 1.0 15.59311007460044
3 1.0 25.653725024939046
42 1.0 17.338897626616056
431 1.3010299956639813 20.115404335824383
451 1.3010299956639813 15.618485608068163
500 1.0 24.619860170608522
507 1.0 17.338897626616056
531 1.0 19.203803572139346
541 1.0 19.703508556272116
649 1.3010299956639813 17.74702978158316
732 1.3010299956639813 24.075837860598885
750 1.0 24.739780818458456
768 1.0 15.59311007460044
772 1.0 23.117420198200822
806 1.0 27.27436952647854
80 1.0 15.680631610845849
829 1.0 24.619860170608522
83 1.0 25.345464687070297
973 1.0 19.582782794447926
