1.2441251443275085
176 1.0 22.379256958057034
185 1.0 24.640160608655044
207 1.0 18.798742484766407
214 1.0 18.044528672125754
233 1.0 18.798742484766407
236 1.0 23.511023087218234
258 1.4771212547196624 32.05900432440354
259 1.0 34.168322910342354
261 1.0 40.472400145134394
266 1.0 24.006561347142163
278 1.0 24.438116936080927
285 1.3010299956639813 27.333530767834674
286 1.3010299956639813 30.579284727285547
2 1.0 25.673207973589584
326 1.3010299956639813 26.265110333168654
331 1.4771212547196624 26.442768047844584
332 1.6020599913279625 26.156648054217282
333 1.0 24.251638512278973
341 1.0 20.951702374187988
397 1.0 34.76173337398946
399 1.6989700043360187 31.06364857854412
3 1.0 25.673207973589584
409 1.0 18.798742484766407
431 1.0 21.076784861203542
432 1.0 20.140245569349506
433 1.3010299956639813 24.68064648083747
435 1.3010299956639813 24.468548355039516
446 1.3010299956639813 21.762871720842014
449 1.0 16.13298238638009
501 1.0 24.640160608655044
524 1.0 18.188013959901607
530 1.0 17.01946628290197
536 1.0 17.80770137278335
546 1.0 23.31908484052949
565 1.4771212547196624 25.067378635529828
566 1.0 24.435514902659826
567 1.6020599913279625 23.07027838400899
600 1.0 18.60056357999351
644 1.0 19.655188678913582
659 1.0 18.798742484766407
732 1.0 28.96885361670166
733 1.4771212547196624 24.09659662047416
751 1.6020599913279625 24.759982935078224
754 1.0 21.72844942797455
771 1.0 19.405549325281637
772 1.6989700043360187 31.06364857854412
803 1.0 16.74751991200512
811 1.0 19.284259305458484
864 1.0 22.523102482333243
867 1.0 36.43404557128479
911 1.0 21.53343177229172
916 1.0 20.322029692038072
931 1.0 19.569247311356932
935 1.0 21.549494779071786
975 1.0 19.03717677110868
978 1.0 19.932540595234652
979 1.0 17.6480879383687
