0.679853713888946
113 1.0 16.11034052774081
115 1.0 16.237932532274638
128 1.0 18.640638875516817
132 1.3010299956639813 31.9240224086541
133 1.3010299956639813 31.18619433249154
135 1.3010299956639813 29.53008637972915
141 1.0 22.083311659467373
146 1.3010299956639813 38.443348131520054
147 1.4771212547196624 38.27432982034523
159 1.0 34.663276209978875
160 1.0 33.51414632402991
161 1.0 40.68786868352573
162 1.0 29.200185832126223
163 1.0 27.444701699266258
173 1.0 18.85938858887468
174 1.3010299956639813 25.443847031718235
185 1.6989700043360187 24.640160608655044
188 1.7781512503836436 18.394820991631416
191 1.0 30.983771998615772
192 1.0 16.982274168574502
193 1.6020599913279625 19.923584188401467
195 1.6020599913279625 16.82457919792204
196 1.6020599913279625 16.82457919792204
198 1.3010299956639813 18.00016847208931
199 1.3010299956639813 19.95515608969582
1 1.4771212547196624 24.099314783282633
200 1.7781512503836436 22.625506653399253
202 1.0 16.202778266288398
203 1.0 18.47845587465186
208 1.3010299956639813 18.083445948480012
210 1.0 20.74943729156614
213 1.3010299956639813 19.298818028563065
214 1.4771212547196624 18.044528672125754
217 1.3010299956639813 16.75160018454076
224 1.0 18.47845587465186
225 1.3010299956639813 18.083445948480012
226 1.4771212547196624 16.343763522087997
227 1.0 16.92409468367376
229 1.3010299956639813 19.919432784468437
230 1.7781512503836436 22.625506653399253
231 1.0 19.843697587754125
234 1.0 20.74943729156614
237 1.3010299956639813 18.99543449459334
238 1.0 17.79360469731602
242 1.6989700043360187 20.34767568477578
24 1.0 22.714650363605696
261 1.9030899869919435 40.472400145134394
264 1.0 18.98771976077981
268 1.0 24.276039699169623
269 1.4771212547196624 28.06641091839446
270 1.9542425094393248 26.10422328297102
271 1.3010299956639813 27.296216475399984
274 1.3010299956639813 16.400153272087692
284 1.0 16.021430614511992
296 1.3010299956639813 21.560794875219035
303 1.0 14.601394337485191
309 1.0 17.72718103523344
310 1.0 16.384505338266393
316 1.0 16.866249934906318
317 1.0 16.431343755560334
319 1.4771212547196624 15.794383648680418
322 1.0 19.415200818214007
335 1.4771212547196624 26.592389103304416
341 1.4771212547196624 20.951702374187988
345 1.6989700043360187 19.45537620834872
346 1.0 17.379200642449316
359 1.6020599913279625 13.553227307353156
35 1.6020599913279625 14.052201094474524
360 1.6020599913279625 13.596759086117835
361 1.3010299956639813 13.596759086117833
362 1.3010299956639813 13.983516145523103
36 1.6020599913279625 14.052201094474524
372 1.3010299956639813 16.799196227548762
373 1.3010299956639813 15.930282308948243
399 1.845098040014257 31.06364857854412
410 1.0 20.74943729156614
412 1.0 21.758302257583633
41 1.7781512503836436 20.898009485572526
42 1.6020599913279625 17.36771058332882
431 1.0 21.076784861203542
432 1.3010299956639813 20.140245569349506
433 1.0 24.68064648083747
435 1.0 24.468548355039516
43 1.3010299956639813 17.141090857518964
448 1.3010299956639813 18.647997157938995
453 1.3010299956639813 19.168795308535405
457 1.3010299956639813 18.43689483349195
460 1.3010299956639813 16.24091782837226
461 1.3010299956639813 14.461504091988365
479 1.0 16.116413501007873
482 1.3010299956639813 19.755861749534457
484 1.0 16.33121855046969
48 1.3010299956639813 14.721765395784356
494 1.0 22.47464478924292
495 1.0 16.86418674665899
496 1.0 17.074026788002808
499 1.0 19.843697587754125
501 1.6989700043360187 24.640160608655044
502 1.6020599913279625 18.60296721930803
506 1.4771212547196624 20.117459620901656
508 1.6020599913279625 17.36771058332882
510 1.6020599913279625 21.594628676437562
512 1.0 21.108817330045582
523 1.4771212547196624 19.697674446970826
526 1.6020599913279625 17.752415668623385
530 1.0 17.01946628290197
534 1.0 19.72223251625476
536 1.3010299956639813 17.80770137278335
537 1.3010299956639813 17.141090857518964
540 1.0 23.36967033208018
541 1.4771212547196624 18.888440514559967
542 1.4771212547196624 19.728868427436186
545 1.0 16.369127366332837
546 1.0 23.31908484052949
547 1.7781512503836436 20.421608203426736
548 1.0 19.056516086799924
549 1.4771212547196624 19.672691459680365
54 1.0 16.35174061696333
550 1.9030899869919435 22.418090015600434
555 1.0 22.42238581080986
560 1.9542425094393248 32.40746376373745
561 1.4771212547196624 26.19567707123272
567 1.0 23.07027838400899
571 1.4771212547196624 19.508904785615407
572 1.0 29.842988809469816
578 1.0 16.152119214909096
583 1.7781512503836436 25.011711924712642
584 1.3010299956639813 23.292766275876946
589 1.0 16.35174061696333
606 1.4771212547196624 18.53110082385229
611 1.3010299956639813 16.956306990360925
612 1.0 16.40190763707712
613 1.0 22.32306959448592
615 1.0 17.287230481631443
616 1.3010299956639813 23.902881671535816
61 1.0 18.47845587465186
620 1.0 16.033724637658167
629 1.3010299956639813 17.460816329506702
62 1.6989700043360187 20.34767568477578
631 1.3010299956639813 16.9948601162417
632 1.6020599913279625 19.9752240481514
633 1.7781512503836436 22.269887599954423
634 1.6020599913279625 20.53889892996114
636 1.3010299956639813 18.05674668124595
637 1.4771212547196624 16.02625467467848
638 1.0 15.377715785664936
639 1.3010299956639813 18.00030745664779
640 1.4771212547196624 16.590546453751475
643 1.0 19.64025085319644
644 1.0 19.655188678913582
649 1.6020599913279625 19.923584188401467
64 1.4771212547196624 16.737458178003557
652 1.3010299956639813 18.00016847208931
653 1.3010299956639813 19.95515608969582
654 1.7781512503836436 22.625506653399253
655 1.0 22.47464478924292
656 1.0 19.843697587754125
661 1.3010299956639813 17.17957125410552
662 1.0 19.61461115210067
663 1.4771212547196624 19.44490454387257
665 1.3010299956639813 20.62218664974217
667 1.4771212547196624 20.441369254248713
70 1.0 13.219072433822898
712 1.4771212547196624 16.737458178003557
713 1.3010299956639813 16.184280047905055
726 1.3010299956639813 15.370445248663776
732 1.0 28.96885361670166
771 1.3010299956639813 19.405549325281637
772 1.845098040014257 31.06364857854412
774 1.6020599913279625 23.139038800697477
779 1.4771212547196624 28.58117033955364
80 1.0 15.71248572680523
820 1.7781512503836436 18.394820991631416
823 1.0 30.983771998615772
824 1.0 16.982274168574502
826 1.6020599913279625 16.82457919792204
828 1.0 17.074026788002808
82 1.0 16.571218594456724
834 1.0 14.327351526296884
838 1.3010299956639813 13.045868669786094
840 1.4771212547196624 14.949174756130038
855 1.0 16.571218594456724
878 1.0 27.134111744574057
87 1.0 24.835731385689954
882 1.6020599913279625 18.91930081490118
883 1.0 16.982274168574502
884 1.0 16.86418674665899
891 1.0 17.72718103523344
892 1.0 16.384505338266393
908 1.3010299956639813 18.24824091238585
913 1.0 18.473312192215285
927 1.0 18.7642269613462
934 1.0 16.479445906159526
936 1.3010299956639813 20.64389709578883
93 1.3010299956639813 19.110011561305157
94 1.6989700043360187 40.42228834338309
951 1.7781512503836436 25.40756427571084
952 1.0 19.20083241364576
954 1.3010299956639813 20.62218664974217
957 1.0 18.152757365381166
958 1.4771212547196624 21.012855683925522
959 1.6020599913279625 19.190356568188804
961 1.845098040014257 18.914849636919964
979 1.0 17.6480879383687
983 1.4771212547196624 15.99285048892566
984 1.3010299956639813 17.695911660502205
986 1.0 21.11229795390388
991 1.0 20.996461847748183
994 1.0 16.371703937607325
