1.3187587626244128
110 1.0 16.382580531642766
111 1.0 16.152248564614663
112 1.0 16.283682408859754
114 1.0 16.193892293870782
116 1.0 16.285640371001193
186 1.3010299956639813 17.074068216246978
192 1.3010299956639813 16.982274168574502
201 1.0 16.675223517292782
214 1.0 18.044528672125754
227 1.0 16.92409468367376
251 1.0 16.101277881366933
252 1.0 15.94853123487721
303 1.0 14.601394337485191
308 1.6020599913279625 18.477335563541324
309 1.0 17.72718103523344
310 1.0 16.384505338266393
341 1.3010299956639813 20.951702374187988
35 1.6020599913279625 14.052201094474524
36 1.6020599913279625 14.052201094474524
40 1.0 13.974390039448755
478 1.0 16.265225052820202
480 1.0 16.113389796665334
484 1.0 16.33121855046969
506 1.6989700043360187 20.117459620901656
510 1.0 21.594628676437562
550 1.6020599913279625 22.418090015600434
576 1.0 16.389629448511823
608 1.0 15.484181606986061
609 1.3010299956639813 13.38381777866283
615 1.0 17.287230481631443
617 1.0 16.314388963414707
618 1.0 16.289314548847216
619 1.0 16.011110159818838
621 1.0 15.932112845694121
622 1.0 16.21874466519853
625 1.0 16.28000849899647
637 1.0 16.02625467467848
638 1.0 15.377715785664936
639 1.0 18.00030745664779
824 1.3010299956639813 16.982274168574502
883 1.3010299956639813 16.982274168574502
889 1.3010299956639813 17.074068216246978
890 1.6020599913279625 18.477335563541324
891 1.0 17.72718103523344
892 1.0 16.384505338266393
993 1.0 16.101277881366933
995 1.0 16.320376040179806
996 1.0 15.94853123487721
