1.8239087409443189
154 1.0 38.92312411360697
156 1.3010299956639813 32.80078913912944
163 1.3010299956639813 27.444701699266258
164 1.3010299956639813 29.060873897358988
336 1.0 27.213017312486674
397 1.0 34.76173337398946
498 1.0 22.596184090364247
553 1.0 20.46546645488232
557 1.3010299956639813 32.03860327247943
558 1.3010299956639813 29.49056558466878
773 1.3010299956639813 25.098242467704086
778 1.0 25.828938051552868
783 1.0 24.23640676791617
830 1.0 22.596184090364247
917 1.0 21.083151146519995
