1.494850021680094
120 1.0 22.67074148141845
220 1.0 15.886881268828224
258 1.6989700043360187 32.05900432440354
259 1.6020599913279625 34.168322910342354
261 1.0 40.472400145134394
267 1.3010299956639813 20.272569941821523
269 1.3010299956639813 28.06641091839446
281 1.0 20.385373369801357
286 1.0 30.579284727285547
326 1.3010299956639813 26.265110333168654
332 1.0 26.156648054217282
397 1.0 34.76173337398946
446 1.0 21.762871720842014
498 1.0 22.596184090364247
516 1.6020599913279625 20.36682894213624
552 1.4771212547196624 21.18617303846442
553 1.0 20.46546645488232
555 1.0 22.42238581080986
557 1.6989700043360187 32.03860327247943
558 1.845098040014257 29.49056558466878
560 1.7781512503836436 32.40746376373745
561 1.0 26.19567707123272
569 1.4771212547196624 21.220451953962858
570 1.6020599913279625 35.00523577088447
572 1.0 29.842988809469816
573 1.0 34.62164344212061
577 1.3010299956639813 21.541085769479377
585 1.0 30.96669564390913
751 1.0 24.759982935078224
830 1.0 22.596184090364247
917 1.0 21.083151146519995
990 1.0 19.267169356987246
