1.7958800173440752
132 1.0 31.9240224086541
133 1.3010299956639813 31.18619433249154
134 1.4771212547196624 27.567002922119546
135 1.0 29.53008637972915
136 1.0 23.748484428238577
137 1.0 22.922196064917607
138 1.0 22.291356872514033
140 1.0 21.068838098294076
141 1.3010299956639813 22.083311659467373
143 1.3010299956639813 21.629493927449314
145 1.3010299956639813 13.597726219616904
212 1.0 22.053003739358804
28 1.4771212547196624 13.960944211158973
486 1.0 18.698257556219072
488 1.3010299956639813 18.91692636651541
490 1.4771212547196624 13.960944211158973
