1.7695510786217261
185 1.0 24.640160608655044
190 1.0 20.72132492096882
191 1.0 30.983771998615772
223 1.0 19.5018082949504
421 1.0 22.714705200606023
422 1.0 19.196609027115258
497 1.0 21.557388215952543
501 1.0 24.640160608655044
732 1.3010299956639813 28.96885361670166
741 1.0 16.52566545054529
822 1.0 20.72132492096882
823 1.0 30.983771998615772
829 1.0 21.557388215952543
911 1.0 21.53343177229172
913 1.0 18.473312192215285
916 1.0 20.322029692038072
92 1.3010299956639813 21.402892320890444
