1.1739251972991736
158 1.0 40.36801588254125
185 1.0 24.640160608655044
187 1.0 25.365184410989947
189 1.3010299956639813 22.794574400913437
195 1.0 16.82457919792204
196 1.0 16.82457919792204
200 1.0 22.625506653399253
203 1.0 18.47845587465186
205 1.0 18.460464588544884
206 1.7781512503836436 18.054340943557705
208 1.3010299956639813 18.083445948480012
209 1.3010299956639813 19.7404272810474
211 1.0 19.87652496554322
214 1.0 18.044528672125754
224 1.0 18.47845587465186
225 1.3010299956639813 18.083445948480012
230 1.0 22.625506653399253
231 1.0 19.843697587754125
232 1.0 18.460464588544884
243 1.0 17.509187404878464
246 1.0 15.611383332448497
273 1.0 15.490090513554941
292 1.0 16.614286248179223
328 1.0 32.88047364596294
337 1.0 17.509187404878464
339 1.0 21.777753188456284
341 1.3010299956639813 20.951702374187988
344 1.0 20.86119657744264
346 1.0 17.379200642449316
372 1.0 16.799196227548762
385 1.0 18.664082738893658
401 1.0 14.1192438041068
418 1.3010299956639813 15.939621763732179
43 1.0 17.141090857518964
453 1.0 19.168795308535405
459 1.9030899869919435 24.541701226408268
472 1.0 26.198430887398857
499 1.0 19.843697587754125
501 1.0 24.640160608655044
502 1.3010299956639813 18.60296721930803
503 1.0 24.96783731854743
504 1.0 18.391649858504977
529 1.3010299956639813 16.631082353314728
530 1.0 17.01946628290197
537 1.0 17.141090857518964
61 1.0 18.47845587465186
648 1.3010299956639813 22.794574400913437
654 1.0 22.625506653399253
656 1.0 19.843697587754125
657 1.0 18.460464588544884
658 1.7781512503836436 18.054340943557705
682 1.0 18.092716090093774
700 1.0 13.016779750010134
733 1.3010299956639813 24.09659662047416
775 2.204119982655925 23.494249679152507
812 1.0 18.445184780380607
818 1.0 15.490090513554941
81 1.0 15.777603950735331
825 1.0 16.614286248179223
826 1.0 16.82457919792204
832 1.0 15.777603950735331
84 1.0 25.365184410989947
864 1.0 22.523102482333243
869 1.0 20.353723559156737
878 1.0 27.134111744574057
936 1.0 20.64389709578883
966 1.0 20.37474443529265
