1.3665315444204134
133 1.0 31.18619433249154
155 1.0 39.65608647202028
159 1.0 34.663276209978875
161 1.0 40.68786868352573
189 1.3010299956639813 22.794574400913437
190 1.0 20.72132492096882
209 1.0 19.7404272810474
268 1.0 24.276039699169623
270 1.4771212547196624 26.10422328297102
271 1.0 27.296216475399984
329 1.0 24.220820861806594
330 1.0 25.015154858124397
335 1.0 26.592389103304416
339 1.0 21.777753188456284
351 1.0 19.334505504177955
352 1.0 22.315951883102834
402 1.3010299956639813 24.177242781351655
500 1.9030899869919435 27.79974623106974
504 1.0 18.391649858504977
512 1.3010299956639813 21.108817330045582
515 1.0 23.20380250236597
557 1.0 32.03860327247943
583 1.4771212547196624 25.011711924712642
598 2.0413926851582254 19.920097781606806
648 1.3010299956639813 22.794574400913437
65 1.0 18.842982330593173
675 1.3010299956639813 18.16831043775807
732 1.9030899869919435 28.96885361670166
733 1.4771212547196624 24.09659662047416
746 1.9542425094393248 19.14200258825803
749 1.0 22.58723493033533
774 1.3010299956639813 23.139038800697477
777 1.3010299956639813 24.177242781351655
778 2.623249290397901 25.828938051552868
779 2.6127838567197355 28.58117033955364
781 2.079181246047625 26.78123592188267
783 2.57978359661681 24.23640676791617
822 1.0 20.72132492096882
831 1.9030899869919435 27.79974623106974
87 1.0 24.835731385689954
935 1.3010299956639813 21.549494779071786
939 1.0 19.57746517154891
942 1.6020599913279625 19.45006435459591
