1.4814860601221125
127 1.3010299956639813 18.613796434027876
175 1.0 22.356903676375765
187 1.3010299956639813 18.36761931536485
196 1.0 21.713143045615993
200 1.0 16.645211904679204
209 1.0 20.72532624391316
212 1.0 19.272892292014472
213 1.3010299956639813 18.016798133940682
21 1.0 18.02167784870146
233 1.0 20.72532624391316
257 1.0 32.04340428656301
2 1.4771212547196624 25.653725024939046
327 1.0 32.86526353435894
340 1.0 20.927824358412284
3 1.4771212547196624 25.653725024939046
409 1.0 20.72532624391316
420 1.0 22.69268235247738
43 1.0 17.11189632348561
440 1.0 31.719953794102054
505 1.4771212547196624 20.09259021626153
519 1.3010299956639813 25.19479562289961
536 1.0 17.11189632348561
560 1.0 26.176582993590046
650 1.0 21.713143045615993
660 1.0 17.15044222388708
769 1.0 19.37976637155202
7 1.3010299956639813 20.637992374919182
805 1.0 24.462808310936932
817 1.3010299956639813 18.36761931536485
84 1.0 20.94724544657274
878 1.0 33.105865818015594
90 1.0 21.713143045615993
993 1.0 33.541218365030296
