1.537602002101044
120 1.0 22.67074148141845
1 1.0 24.099314783282633
243 1.0 17.509187404878464
260 1.0 27.085761995614487
275 1.3010299956639813 17.353484581504098
328 1.0 32.88047364596294
337 1.0 17.509187404878464
456 1.0 14.185030139327283
513 1.0 17.51618482981768
51 1.0 16.49843751688567
520 1.3010299956639813 25.214633181541256
54 1.0 16.35174061696333
561 1.0 26.19567707123272
563 1.3010299956639813 23.476641362660768
565 1.7781512503836436 25.067378635529828
566 1.0 24.435514902659826
567 1.0 23.07027838400899
580 1.0 16.49843751688567
589 1.0 16.35174061696333
59 1.0 17.054311793451188
660 1.0 17.054311793451188
819 1.0 14.38700094710823
81 1.0 15.777603950735331
827 1.0 14.220677268086096
832 1.0 15.777603950735331
83 1.0 16.202098073055122
85 1.0 20.97110134921298
88 1.0 14.220677268086096
981 1.0 19.04032511818754
