1.721246399047171
199 1.0 22.603396897878287
219 1.0 15.855377524671088
229 1.0 22.603396897878287
259 1.3010299956639813 27.067295817703585
263 1.0 18.961368666684063
266 1.0 20.247891051811926
455 1.0 18.409755324317654
509 1.0 21.57146234433863
512 1.6020599913279625 17.487616504038936
515 1.3010299956639813 20.34226440586786
53 1.0 15.484623446241047
551 1.0 21.162559580914515
553 1.0 17.922498457011667
559 1.3010299956639813 32.39203154477896
571 1.0 29.826229749704215
580 1.3010299956639813 25.521710205582426
585 1.0 15.484623446241047
653 1.0 22.603396897878287
769 1.0 19.37976637155202
