1.6197887582883939
108 1.0 15.676749598065259
111 1.0 18.8928542926875
113 1.0 16.83451201033724
185 1.0 17.044758885154558
213 1.0 18.016798133940682
288 1.0 19.392382017280667
341 1.0 19.392382017280667
396 1.6989700043360187 34.747346764383785
398 1.6020599913279625 31.04754842191709
456 1.0 17.667086492329588
479 1.0 17.044758885154558
494 1.0 16.83451201033724
497 1.0 22.57404561538827
502 1.0 24.947803517854027
505 1.0 20.09259021626153
512 1.3010299956639813 17.487616504038936
515 1.0 20.34226440586786
569 1.0 34.990949277994865
572 1.9030899869919435 34.607198595571596
732 1.0 24.075837860598885
750 1.0 24.739780818458456
770 1.6020599913279625 31.04754842191709
827 1.0 22.57404561538827
882 1.0 15.650130639830621
