1.136677139879544
148 1.3010299956639813 39.73153365749456
149 1.0 36.714155384577936
154 1.0 38.92312411360697
158 1.0 40.36801588254125
160 1.3010299956639813 33.51414632402991
187 1.0 25.365184410989947
191 1.0 30.983771998615772
206 1.0 18.054340943557705
211 1.0 19.87652496554322
212 1.0 22.053003739358804
231 1.0 19.843697587754125
236 1.6989700043360187 23.511023087218234
237 1.6020599913279625 18.99543449459334
238 1.9542425094393248 17.79360469731602
242 1.3010299956639813 20.34767568477578
244 1.3010299956639813 25.829961126625353
258 1.0 32.05900432440354
263 1.0 21.157562303591927
264 1.0 18.98771976077981
271 1.0 27.296216475399984
285 1.0 27.333530767834674
286 1.0 30.579284727285547
326 1.0 26.265110333168654
327 1.0 21.408537178610665
328 1.7781512503836436 32.88047364596294
331 1.6020599913279625 26.442768047844584
332 1.0 26.156648054217282
338 1.3010299956639813 25.829961126625353
341 1.0 20.951702374187988
347 1.0 14.556617982255124
419 1.0 17.11396415772215
444 1.0 29.526890635247195
447 1.0 17.43776619662874
451 1.0 15.797072840726699
496 1.0 17.074026788002808
499 1.0 19.843697587754125
49 1.0 16.36609320638818
504 1.0 18.391649858504977
520 1.0 25.214633181541256
524 1.0 18.188013959901607
526 1.0 17.752415668623385
529 1.0 16.631082353314728
542 1.0 19.728868427436186
547 1.4771212547196624 20.421608203426736
572 1.6020599913279625 29.842988809469816
62 1.3010299956639813 20.34767568477578
639 1.0 18.00030745664779
656 1.0 19.843697587754125
658 1.0 18.054340943557705
666 1.3010299956639813 21.979048869070308
667 1.3010299956639813 20.441369254248713
668 1.0 16.496123636808157
810 1.3010299956639813 15.100671070076253
811 1.3010299956639813 19.284259305458484
823 1.0 30.983771998615772
828 1.0 17.074026788002808
84 1.0 25.365184410989947
867 1.9542425094393248 36.43404557128479
877 1.0 22.452284526648562
878 2.079181246047625 27.134111744574057
879 1.0 22.452284526648562
880 1.6020599913279625 33.12096543823041
938 1.3010299956639813 17.906540871879564
941 1.3010299956639813 18.01860444167257
950 1.0 16.21290906039629
952 1.3010299956639813 19.20083241364576
960 1.0 20.844073091142132
961 1.0 18.914849636919964
972 1.0 19.608298803683244
976 1.0 19.12532909112134
986 1.0 21.11229795390388
991 1.4771212547196624 20.996461847748183
992 1.3010299956639813 33.556122085405605
