1.4559319556497243
134 1.3010299956639813 27.567002922119546
135 1.3010299956639813 29.53008637972915
136 1.0 23.748484428238577
137 1.0 22.922196064917607
138 1.3010299956639813 22.291356872514033
140 1.4771212547196624 21.068838098294076
141 1.3010299956639813 22.083311659467373
143 1.0 21.629493927449314
146 1.4771212547196624 38.443348131520054
147 1.3010299956639813 38.27432982034523
148 1.3010299956639813 39.73153365749456
154 1.6020599913279625 38.92312411360697
156 1.0 32.80078913912944
158 1.0 40.36801588254125
159 1.0 34.663276209978875
161 1.3010299956639813 40.68786868352573
162 1.4771212547196624 29.200185832126223
164 1.0 29.060873897358988
19 1.6020599913279625 22.906892828979473
210 1.0 20.74943729156614
234 1.0 20.74943729156614
268 1.0 24.276039699169623
410 1.0 20.74943729156614
439 1.0 16.150783000266802
440 1.0 16.088747357134647
515 1.0 23.20380250236597
585 1.0 30.96669564390913
606 1.0 18.53110082385229
646 1.0 21.019109611528222
691 1.3010299956639813 20.252883122476465
69 1.0 26.43449543906486
751 1.0 24.759982935078224
878 1.0 27.134111744574057
880 1.3010299956639813 33.12096543823041
94 2.4471580313422194 40.42228834338309
