1.337242168318426
207 1.0 18.798742484766407
231 1.0 19.843697587754125
233 1.0 18.798742484766407
260 1.6020599913279625 27.085761995614487
261 1.0 40.472400145134394
263 1.0 21.157562303591927
267 1.3010299956639813 20.272569941821523
268 1.0 24.276039699169623
270 1.3010299956639813 26.10422328297102
271 1.0 27.296216475399984
327 1.3010299956639813 21.408537178610665
328 1.0 32.88047364596294
329 1.0 24.220820861806594
330 1.0 25.015154858124397
333 1.3010299956639813 24.251638512278973
344 1.0 20.86119657744264
375 1.4771212547196624 18.075636329874662
397 1.3010299956639813 34.76173337398946
399 1.0 31.06364857854412
409 1.0 18.798742484766407
412 1.3010299956639813 21.758302257583633
491 1.0 18.157117953750248
499 1.0 19.843697587754125
516 1.7781512503836436 20.36682894213624
520 1.3010299956639813 25.214633181541256
525 1.0 20.543320381954224
546 1.0 23.31908484052949
552 1.7781512503836436 21.18617303846442
556 1.0 21.34923713779162
557 1.9542425094393248 32.03860327247943
558 1.9542425094393248 29.49056558466878
559 1.0 21.174473649853873
560 1.9542425094393248 32.40746376373745
561 1.0 26.19567707123272
567 1.7781512503836436 23.07027838400899
570 2.8750612633917 35.00523577088447
573 1.3010299956639813 34.62164344212061
581 1.0 25.541293855592556
582 1.0 26.849702075967517
656 1.0 19.843697587754125
659 1.0 18.798742484766407
663 1.3010299956639813 19.44490454387257
772 1.0 31.06364857854412
774 1.3010299956639813 23.139038800697477
7 1.0 20.662205334068826
946 1.0 19.482666389137716
