1.4814860601221125
133 1.3010299956639813 31.18619433249154
136 1.0 23.748484428238577
139 1.0 17.437449700363672
141 1.0 22.083311659467373
143 1.3010299956639813 21.629493927449314
147 1.0 38.27432982034523
155 1.3010299956639813 39.65608647202028
158 1.0 40.36801588254125
159 1.0 34.663276209978875
162 1.3010299956639813 29.200185832126223
164 1.0 29.060873897358988
24 1.3010299956639813 22.714650363605696
258 1.0 32.05900432440354
285 1.0 27.333530767834674
352 1.0 22.315951883102834
380 1.0 15.615254870204684
400 1.0 19.159509087472838
406 1.0 17.13803809591465
407 1.0 16.206807375934993
486 1.0 18.698257556219072
487 1.0 19.112909051912595
488 1.0 18.91692636651541
672 1.0 19.607432276969973
740 1.0 14.870504244951293
773 1.3010299956639813 25.098242467704086
798 1.0 16.44666201427546
800 1.0 19.870179928383198
801 1.3010299956639813 21.773953133516383
802 1.3010299956639813 21.49817099427365
809 1.0 23.93775068948324
814 1.3010299956639813 21.49817099427365
816 1.4771212547196624 26.40168560543113
873 1.0 25.188400405739408
