1.408935392973501
117 1.0 21.166129822732998
137 1.3010299956639813 22.922196064917607
140 1.4771212547196624 21.068838098294076
141 1.3010299956639813 22.083311659467373
143 1.0 21.629493927449314
155 1.0 39.65608647202028
158 1.0 40.36801588254125
160 1.6020599913279625 33.51414632402991
162 1.0 29.200185832126223
163 1.3010299956639813 27.444701699266258
174 1.0 25.443847031718235
188 1.0 18.394820991631416
197 1.3010299956639813 21.73615837537494
206 1.0 18.054340943557705
258 1.0 32.05900432440354
261 1.3010299956639813 40.472400145134394
268 1.0 24.276039699169623
269 1.0 28.06641091839446
328 1.3010299956639813 32.88047364596294
399 1.0 31.06364857854412
421 1.0 22.714705200606023
439 1.0 16.150783000266802
440 1.0 16.088747357134647
485 1.0 14.548650732915977
557 1.0 32.03860327247943
585 1.6020599913279625 30.96669564390913
651 1.3010299956639813 21.73615837537494
658 1.0 18.054340943557705
65 1.0 18.842982330593173
746 1.0 19.14200258825803
772 1.0 31.06364857854412
820 1.0 18.394820991631416
867 1.7781512503836436 36.43404557128479
873 1.0 25.188400405739408
903 1.0 13.386337821254202
912 1.0 13.3554081060212
91 1.3010299956639813 21.73615837537494
936 1.0 20.64389709578883
937 1.0 17.488110770017975
