1.6382721639824072
111 1.0 18.8928542926875
133 1.3010299956639813 27.54885932499107
134 1.3010299956639813 29.51314963866556
154 1.3010299956639813 39.64347606197456
317 1.0 15.824754366327694
349 1.0 18.22236264627707
622 1.3010299956639813 16.29894691934756
636 1.0 15.995025442232151
637 1.0 15.345166756496607
638 1.0 17.972508687822355
661 1.0 19.589103365088256
662 1.0 19.41917384237332
663 1.0 17.854013827579386
664 1.4771212547196624 20.597926648495577
895 1.3010299956639813 16.22969191138666
953 1.0 19.174774193635493
955 1.4771212547196624 20.597926648495577
956 1.0 19.332344149929916
982 1.3010299956639813 19.01404692868626
987 1.4771212547196624 21.088601776656837
991 1.3010299956639813 19.241200976831678
992 1.3010299956639813 20.972634792127216
993 1.0 33.541218365030296
