1.7695510786217261
161 1.0 40.68786868352573
186 1.0 17.074068216246978
188 1.3010299956639813 18.394820991631416
214 1.0 18.044528672125754
259 1.0 34.168322910342354
498 1.0 22.596184090364247
502 1.3010299956639813 18.60296721930803
506 1.4771212547196624 20.117459620901656
510 1.0 21.594628676437562
563 1.0 23.476641362660768
571 1.3010299956639813 19.508904785615407
572 1.0 29.842988809469816
573 2.079181246047625 34.62164344212061
820 1.3010299956639813 18.394820991631416
830 1.0 22.596184090364247
882 1.3010299956639813 18.91930081490118
889 1.0 17.074068216246978
