1.4559319556497243
107 1.0 21.261407681253527
133 1.4771212547196624 31.18619433249154
134 1.0 27.567002922119546
135 1.0 29.53008637972915
136 1.0 23.748484428238577
160 1.0 33.51414632402991
258 1.3010299956639813 32.05900432440354
276 1.0 20.303531424387252
328 1.0 32.88047364596294
331 1.3010299956639813 26.442768047844584
332 1.0 26.156648054217282
445 1.0 16.923811634708713
471 1.3010299956639813 24.01537280312254
473 1.0 20.456210819322695
552 1.0 21.18617303846442
560 1.3010299956639813 32.40746376373745
562 1.0 20.63816033660684
566 1.0 24.435514902659826
567 1.0 23.07027838400899
569 1.0 21.220451953962858
570 1.0 35.00523577088447
573 1.0 34.62164344212061
579 1.0 17.22512975082521
584 1.3010299956639813 23.292766275876946
751 1.0 24.759982935078224
808 1.3010299956639813 27.292695599132404
867 1.6989700043360187 36.43404557128479
873 1.6020599913279625 25.188400405739408
878 1.4771212547196624 27.134111744574057
880 1.4771212547196624 33.12096543823041
950 1.4771212547196624 16.21290906039629
969 1.0 20.598971129752556
973 1.0 18.869638675773842
976 1.0 19.12532909112134
984 1.0 17.695911660502205
