0.9355420107730815
117 1.0 21.166129822732998
118 1.0 14.722236801759516
134 1.3010299956639813 27.567002922119546
135 1.3010299956639813 29.53008637972915
136 1.3010299956639813 23.748484428238577
137 1.3010299956639813 22.922196064917607
140 1.0 21.068838098294076
142 1.0 19.04038571666816
148 1.0 39.73153365749456
158 1.0 40.36801588254125
159 1.0 34.663276209978875
161 1.4771212547196624 40.68786868352573
173 1.0 18.85938858887468
174 1.7781512503836436 25.443847031718235
176 1.3010299956639813 22.379256958057034
191 1.0 30.983771998615772
194 1.0 17.77518118243523
207 1.0 18.798742484766407
209 1.0 19.7404272810474
216 1.0 16.421261094972383
219 1.0 20.060459993820544
231 1.0 19.843697587754125
233 1.0 18.798742484766407
258 1.3010299956639813 32.05900432440354
259 1.3010299956639813 34.168322910342354
261 1.9030899869919435 40.472400145134394
266 1.0 24.006561347142163
267 1.0 20.272569941821523
286 1.0 30.579284727285547
2 1.0 25.673207973589584
332 1.0 26.156648054217282
341 1.0 20.951702374187988
381 1.0 17.128445544541883
385 1.0 18.664082738893658
389 1.0 17.411970458585486
397 1.7781512503836436 34.76173337398946
399 1.7781512503836436 31.06364857854412
3 1.0 25.673207973589584
409 1.0 18.798742484766407
412 1.0 21.758302257583633
418 1.0 15.939621763732179
421 1.0 22.714705200606023
431 1.0 21.076784861203542
432 1.0 20.140245569349506
433 1.3010299956639813 24.68064648083747
435 1.3010299956639813 24.468548355039516
438 1.0 16.53113721916283
444 1.3010299956639813 29.526890635247195
449 1.0 16.13298238638009
450 1.3010299956639813 16.00461083590737
452 1.3010299956639813 15.65046621316542
456 1.0 14.185030139327283
459 1.0 24.541701226408268
471 1.3010299956639813 24.01537280312254
487 1.0 19.112909051912595
489 1.0 18.813161782127867
497 1.0 21.557388215952543
499 1.0 19.843697587754125
500 1.0 27.79974623106974
510 1.6020599913279625 21.594628676437562
513 1.0 17.51618482981768
515 1.0 23.20380250236597
524 1.0 18.188013959901607
530 1.0 17.01946628290197
536 1.0 17.80770137278335
540 1.0 23.36967033208018
546 1.0 23.31908484052949
553 1.0 20.46546645488232
561 1.0 26.19567707123272
563 1.0 23.476641362660768
565 1.6020599913279625 25.067378635529828
566 1.0 24.435514902659826
567 1.6020599913279625 23.07027838400899
572 1.4771212547196624 29.842988809469816
573 1.3010299956639813 34.62164344212061
583 1.0 25.011711924712642
585 1.0 30.96669564390913
593 1.0 18.09585950831236
634 1.3010299956639813 20.53889892996114
639 1.0 18.00030745664779
650 1.0 17.77518118243523
656 1.0 19.843697587754125
659 1.0 18.798742484766407
663 1.0 19.44490454387257
673 1.0 17.464006401007527
732 1.845098040014257 28.96885361670166
733 1.4771212547196624 24.09659662047416
746 1.0 19.14200258825803
747 1.0 22.34898733858306
749 1.6020599913279625 22.58723493033533
751 1.6020599913279625 24.759982935078224
754 1.3010299956639813 21.72844942797455
771 1.6020599913279625 19.405549325281637
772 1.7781512503836436 31.06364857854412
7 1.0 20.662205334068826
80 1.3010299956639813 15.71248572680523
811 1.0 19.284259305458484
819 1.0 14.38700094710823
823 1.0 30.983771998615772
827 1.0 14.220677268086096
829 1.0 21.557388215952543
831 1.0 27.79974623106974
864 1.4771212547196624 22.523102482333243
867 1.0 36.43404557128479
873 1.0 25.188400405739408
880 1.0 33.12096543823041
88 1.0 14.220677268086096
911 1.0 21.53343177229172
916 1.0 20.322029692038072
917 1.0 21.083151146519995
922 1.0 21.35873785771627
935 1.0 21.549494779071786
94 1.0 40.42228834338309
978 1.0 19.932540595234652
979 1.0 17.6480879383687
992 1.0 33.556122085405605
