1.744727494896694
184 1.4771212547196624 24.619860170608522
190 1.845098040014257 30.967630313961816
259 1.0 27.067295817703585
260 1.4771212547196624 40.46004416097286
268 1.0 28.048590371713367
432 1.3010299956639813 24.66037937080602
433 1.0 26.035075059878718
434 1.3010299956639813 24.448105419498397
440 1.6020599913279625 31.719953794102054
443 1.3010299956639813 29.509952060039822
496 1.0 21.534181820846815
500 1.4771212547196624 24.619860170608522
556 1.0 32.02299329624464
584 1.0 30.950545053399313
820 1.845098040014257 30.967630313961816
826 1.0 21.534181820846815
829 1.4771212547196624 24.619860170608522
993 1.3010299956639813 33.541218365030296
