1.7695510786217261
107 1.6020599913279625 21.261407681253527
269 1.0 28.06641091839446
349 1.0 16.95637498328479
47 1.0 19.549619832587243
572 1.3010299956639813 29.842988809469816
681 1.0 17.041421373778608
749 1.6020599913279625 22.58723493033533
754 1.0 21.72844942797455
867 1.4771212547196624 36.43404557128479
869 1.0 20.353723559156737
873 1.0 25.188400405739408
877 1.0 22.452284526648562
878 1.6020599913279625 27.134111744574057
879 1.0 22.452284526648562
880 1.3010299956639813 33.12096543823041
919 1.0 17.121724244752095
94 1.0 40.42228834338309
