1.6575773191777938
132 1.0 31.170157473839097
135 1.0 23.727421112255122
136 1.4771212547196624 22.900372757632663
139 1.0 21.045092986540304
140 1.0 22.06065850896495
142 1.0 21.606364977884798
147 1.0 39.718947201261805
157 1.6989700043360187 40.355627938282694
158 1.0 34.64884871982456
160 1.4771212547196624 40.68185651929256
161 1.0 29.183057629910973
162 1.3010299956639813 27.42647719561716
163 1.0 29.043663537477517
24 1.0 22.69262746225858
457 1.0 24.521319277035015
692 1.3010299956639813 16.40475707549024
865 1.0 36.420319557775116
875 1.4771212547196624 22.430004022861485
876 1.3010299956639813 27.115678493576954
877 1.4771212547196624 22.430004022861485
878 1.3010299956639813 33.105865818015594
93 1.6020599913279625 40.4099170367325
