1.6020599913279623
107 1.0 21.261407681253527
135 1.0 29.53008637972915
158 1.0 40.36801588254125
162 1.0 29.200185832126223
164 1.0 29.060873897358988
216 1.0 16.421261094972383
274 1.0 16.400153272087692
278 1.6020599913279625 24.438116936080927
385 1.3010299956639813 18.664082738893658
391 1.0 15.480475837789893
419 1.4771212547196624 17.11396415772215
432 1.3010299956639813 20.140245569349506
518 1.0 17.902990023252144
527 1.0 20.61363026869414
727 1.0 15.480475837789893
741 1.6989700043360187 16.52566545054529
754 1.0 21.72844942797455
7 1.0 20.662205334068826
811 1.0 19.284259305458484
867 1.6989700043360187 36.43404557128479
873 1.0 25.188400405739408
877 1.3010299956639813 22.452284526648562
878 1.6020599913279625 27.134111744574057
879 1.3010299956639813 22.452284526648562
975 1.0 19.03717677110868
