1.3565473235138126
138 1.0 22.291356872514033
139 1.0 17.437449700363672
141 1.0 22.083311659467373
143 1.3010299956639813 21.629493927449314
149 1.0 36.714155384577936
155 1.3010299956639813 39.65608647202028
213 1.0 19.298818028563065
275 1.0 17.353484581504098
291 1.0 17.88610079038451
376 1.0 15.261482973215074
397 1.0 34.76173337398946
406 1.0 17.13803809591465
407 1.0 16.206807375934993
411 1.0 18.356977856408704
414 2.0413926851582254 19.240697556286563
434 1.6989700043360187 26.054272842923844
441 1.3010299956639813 31.735712827979288
444 1.0 29.526890635247195
453 1.0 19.168795308535405
472 1.6020599913279625 26.198430887398857
498 1.0 22.596184090364247
503 1.0 24.96783731854743
514 1.0 19.011194543423425
606 1.3010299956639813 18.53110082385229
671 1.3010299956639813 20.661290750656658
674 1.3010299956639813 19.06561234581387
67 1.0 17.777478226009574
730 1.0 15.234951641878837
732 1.0 28.96885361670166
773 1.0 25.098242467704086
778 1.0 25.828938051552868
77 1.0 16.90578733542276
801 1.0 21.773953133516383
802 1.0 21.49817099427365
814 1.0 21.49817099427365
815 1.0 20.604951603302737
817 1.0 16.90578733542276
830 1.0 22.596184090364247
840 1.0 14.949174756130038
867 1.3010299956639813 36.43404557128479
869 1.0 20.353723559156737
873 1.4771212547196624 25.188400405739408
881 1.0 15.999505166650179
918 1.3010299956639813 24.222096258795588
