1.585026652029182
159 1.0 34.663276209978875
161 1.0 40.68786868352573
211 1.0 19.87652496554322
258 1.3010299956639813 32.05900432440354
261 1.0 40.472400145134394
381 1.0 17.128445544541883
385 1.3010299956639813 18.664082738893658
389 1.0 17.411970458585486
397 1.0 34.76173337398946
422 1.0 19.196609027115258
434 1.4771212547196624 26.054272842923844
453 1.3010299956639813 19.168795308535405
487 1.0 19.112909051912595
504 1.0 18.391649858504977
506 1.0 20.117459620901656
513 1.0 17.51618482981768
527 1.0 20.61363026869414
592 1.0 15.957605833185818
733 1.3010299956639813 24.09659662047416
734 1.4771212547196624 16.710350266628105
746 1.0 19.14200258825803
751 1.6020599913279625 24.759982935078224
752 1.0 15.72129036276342
775 1.0 23.494249679152507
864 1.3010299956639813 22.523102482333243
919 1.0 17.121724244752095
