1.4436974992327127
126 1.4771212547196624 17.339097888099232
133 1.0 27.54885932499107
138 1.0 17.408752168168547
157 1.0 40.355627938282694
160 1.0 40.68185651929256
200 1.0 16.645211904679204
222 1.0 19.47615277135082
235 1.0 23.489746840008912
258 1.0 34.15368633845293
285 1.0 30.562929415100232
321 1.0 19.38943069849081
327 1.0 32.86526353435894
331 1.0 26.137525464974466
384 1.3010299956639813 18.637274062594784
396 1.3010299956639813 34.747346764383785
417 1.0 15.908222464211535
418 1.0 17.08472326939475
430 1.3010299956639813 21.053048712370824
431 1.0 20.115404335824383
432 1.3010299956639813 24.66037937080602
434 1.3010299956639813 24.448105419498397
452 1.0 19.142693477683043
488 1.0 18.786565844786978
504 1.3010299956639813 17.799185167779708
506 1.0 13.172016182031092
508 1.0 16.145707035010496
517 1.0 17.875039909680364
567 1.0 16.259911412831926
806 1.0 27.27436952647854
809 1.0 19.258313969819948
850 1.6020599913279625 21.84153000413391
911 1.0 13.134002067141946
920 1.6020599913279625 17.092496631953207
923 1.3010299956639813 21.33531539196555
928 1.0 18.737561566460872
933 1.0 22.32890278912787
