1.721246399047171
131 1.3010299956639813 31.908356378043813
132 1.3010299956639813 31.170157473839097
133 1.0 27.54885932499107
134 1.4771212547196624 29.51314963866556
399 1.4771212547196624 19.13339458833571
404 1.0 14.731292035069075
405 1.0 17.108838352647496
415 1.0 19.419275690945604
416 1.6989700043360187 18.61566394013484
502 1.3010299956639813 24.947803517854027
524 1.0 20.518967135692183
799 1.845098040014257 21.750977795505374
800 1.845098040014257 21.474900607430737
807 1.4771212547196624 23.916854058840084
808 1.0 15.067523577769435
809 1.0 19.258313969819948
810 1.4771212547196624 18.41805748667281
812 1.845098040014257 21.474900607430737
814 1.4771212547196624 26.382740623521833
