1.537602002101044
133 1.0 27.54885932499107
134 1.0 29.51314963866556
149 1.0 30.628195318865107
154 1.3010299956639813 39.64347606197456
157 1.3010299956639813 40.355627938282694
160 1.0 40.68185651929256
161 1.3010299956639813 29.183057629910973
162 1.3010299956639813 27.42647719561716
163 1.6989700043360187 29.043663537477517
26 1.0 18.618919907073398
334 1.3010299956639813 26.57358007912264
382 1.0 23.381346006518903
389 1.0 22.987930278533103
401 1.3010299956639813 24.1565533242725
405 1.0 17.108838352647496
735 1.0 26.464092456397857
737 1.0 23.235022308206137
741 1.0 21.665271886223913
771 1.0 25.078312841330952
773 1.3010299956639813 23.472958228275314
774 1.3010299956639813 20.078881121899666
775 1.3010299956639813 24.1565533242725
777 1.4771212547196624 28.5636709471766
779 1.3010299956639813 26.762559621671812
780 1.3010299956639813 28.653172853466874
782 1.0 28.8122112955473
890 1.0 15.846061238571657
895 1.0 16.22969191138666
938 1.0 17.459496507758143
