1.6777807052660807
120 1.3010299956639813 22.67074148141845
121 1.0 16.452082774442715
122 1.0 25.99704858881334
128 1.0 18.640638875516817
200 1.0 22.625506653399253
230 1.0 22.625506653399253
246 1.0 15.611383332448497
273 1.0 15.490090513554941
283 1.0 19.116081351354293
332 1.0 26.156648054217282
431 1.0 21.076784861203542
433 1.0 24.68064648083747
435 1.0 24.468548355039516
546 1.0 23.31908484052949
556 1.3010299956639813 21.34923713779162
559 1.3010299956639813 21.174473649853873
654 1.0 22.625506653399253
677 1.0 20.260093000467393
678 1.0 19.909993307821388
732 1.0 28.96885361670166
818 1.0 15.490090513554941
