1.6020599913279623
133 1.0 31.18619433249154
154 1.0 38.92312411360697
155 1.0 39.65608647202028
173 1.0 18.85938858887468
281 1.3010299956639813 20.385373369801357
332 1.0 26.156648054217282
335 1.0 26.592389103304416
341 1.0 20.951702374187988
376 1.0 15.261482973215074
400 1.3010299956639813 19.159509087472838
402 1.0 24.177242781351655
432 1.0 20.140245569349506
448 1.3010299956639813 18.647997157938995
514 1.3010299956639813 19.011194543423425
54 1.0 16.35174061696333
589 1.0 16.35174061696333
729 1.0 15.185308978301347
730 1.0 15.234951641878837
777 1.0 24.177242781351655
781 1.0 26.78123592188267
816 1.4771212547196624 26.40168560543113
925 1.0 17.14677502578712
930 1.0 22.37231226242215
937 1.0 17.488110770017975
980 1.0 18.174623439227215
