1.4685210829577449
159 1.0 33.49922392874927
170 1.0 17.270901992246657
2 1.4771212547196624 25.653725024939046
322 1.6020599913279625 19.969477691964787
340 1.0 20.927824358412284
3 1.4771212547196624 25.653725024939046
402 1.3010299956639813 16.368602790560463
440 1.845098040014257 31.719953794102054
443 1.6020599913279625 29.509952060039822
472 1.0 20.431753744712537
493 1.0 22.45238647455196
513 1.0 18.984876032460487
521 1.0 16.13648804769188
654 1.0 22.45238647455196
677 1.0 19.89770402247368
689 1.0 16.928793195831474
690 1.0 20.22818021406503
691 1.3010299956639813 17.91548424436275
773 1.6020599913279625 23.472958228275314
774 1.7781512503836436 20.078881121899666
784 1.6020599913279625 16.427467569369398
785 1.0 16.33924581085099
786 1.4771212547196624 16.674504799836235
787 1.3010299956639813 16.853403753588953
789 1.6989700043360187 16.247732650957825
790 1.3010299956639813 16.35543624625182
797 1.6989700043360187 17.68690492205947
798 1.3010299956639813 19.84500063961507
834 1.0 19.359056970763802
923 2.113943352306837 21.33531539196555
92 1.0 19.083829329388184
931 1.845098040014257 22.349952035011718
933 2.079181246047625 22.32890278912787
934 1.3010299956639813 19.043662363227906
