1.431798275933005
131 1.6020599913279625 31.908356378043813
133 1.0 27.54885932499107
135 1.0 23.727421112255122
137 1.0 22.26891535791042
146 1.0 38.26126400416704
147 1.6020599913279625 39.718947201261805
148 1.0 36.70053413239285
153 1.0 38.91027615891787
154 1.3010299956639813 39.64347606197456
156 1.0 27.300266473449927
157 1.3010299956639813 40.355627938282694
158 1.0 34.64884871982456
163 1.0 29.043663537477517
205 1.0 18.02662549969417
245 1.0 15.579322499796028
285 1.0 30.562929415100232
308 1.0 17.69895328701503
378 1.0 24.653480438007165
444 1.0 16.89424162983062
457 1.3010299956639813 24.521319277035015
471 1.3010299956639813 26.179338818270686
47 1.0 19.524027135780376
481 1.0 17.69895328701503
483 1.0 16.072305173973206
487 1.0 18.890476520092495
505 1.0 20.09259021626153
548 1.0 19.647259077738575
557 1.0 29.473606133346674
612 1.0 22.300659992929845
657 1.0 18.02662549969417
735 1.0 26.464092456397857
737 1.0 23.235022308206137
754 1.3010299956639813 14.74786118683863
871 1.0 25.16854217073077
891 1.3010299956639813 20.556957071190386
910 1.0 17.02047450238395
961 1.0 20.820071638418433
