1.6777807052660807
212 1.0 22.053003739358804
244 1.0 25.829961126625353
258 1.4771212547196624 32.05900432440354
260 1.6020599913279625 27.085761995614487
261 2.079181246047625 40.472400145134394
266 1.0 24.006561347142163
267 1.0 20.272569941821523
269 1.4771212547196624 28.06641091839446
283 1.0 19.116081351354293
286 1.9542425094393248 30.579284727285547
338 1.0 25.829961126625353
529 1.0 16.631082353314728
581 1.4771212547196624 25.541293855592556
582 1.0 26.849702075967517
584 1.4771212547196624 23.292766275876946
585 1.7781512503836436 30.96669564390913
600 1.0 18.60056357999351
621 1.0 15.932112845694121
639 1.0 18.00030745664779
939 1.0 19.57746517154891
988 1.0 18.29479303891827
