1.7958800173440752
150 1.0 30.64451579794581
203 1.6020599913279625 18.47845587465186
224 1.6020599913279625 18.47845587465186
228 1.7781512503836436 19.271408794907185
320 1.0 14.004614743358394
321 1.0 14.004614743358394
324 1.0 14.075838664530483
482 1.0 19.755861749534457
511 1.0 18.55968024231519
61 1.6020599913279625 18.47845587465186
641 1.0 14.171141946750199
642 1.0 13.861069010357436
782 1.3010299956639813 28.670617617530514
783 1.0 24.23640676791617
87 1.0 24.835731385689954
908 1.0 18.24824091238585
