0.7931741239681503
105 1.0 21.33892101876266
117 1.0 21.166129822732998
119 1.0 14.585078329436863
129 1.0 13.568425778303547
13 1.0 14.914686603234317
185 1.0 24.640160608655044
187 1.0 25.365184410989947
188 1.0 18.394820991631416
189 1.0 22.794574400913437
193 1.0 19.923584188401467
195 1.0 16.82457919792204
196 1.0 16.82457919792204
198 1.0 18.00016847208931
19 1.3010299956639813 22.906892828979473
200 1.9030899869919435 22.625506653399253
203 1.4771212547196624 18.47845587465186
205 1.0 18.460464588544884
207 1.3010299956639813 18.798742484766407
209 1.0 19.7404272810474
211 1.3010299956639813 19.87652496554322
213 1.0 19.298818028563065
214 1.6020599913279625 18.044528672125754
215 1.3010299956639813 18.71227143762001
223 1.0 19.5018082949504
224 1.4771212547196624 18.47845587465186
226 1.0 16.343763522087997
228 1.9030899869919435 19.271408794907185
230 1.9030899869919435 22.625506653399253
232 1.0 18.460464588544884
233 1.3010299956639813 18.798742484766407
235 1.3010299956639813 18.131311524289607
236 1.7781512503836436 23.511023087218234
237 1.0 18.99543449459334
238 1.3010299956639813 17.79360469731602
242 1.0 20.34767568477578
244 1.3010299956639813 25.829961126625353
24 1.0 22.714650363605696
251 1.0 16.101277881366933
259 1.3010299956639813 34.168322910342354
274 1.7781512503836436 16.400153272087692
278 1.0 24.438116936080927
280 1.0 19.375567339230585
285 1.845098040014257 27.333530767834674
297 1.4771212547196624 18.44466466993366
317 1.0 16.431343755560334
335 1.0 26.592389103304416
336 1.6020599913279625 27.213017312486674
338 1.3010299956639813 25.829961126625353
341 1.4771212547196624 20.951702374187988
344 1.0 20.86119657744264
381 1.0 17.128445544541883
389 1.0 17.411970458585486
399 1.6020599913279625 31.06364857854412
409 1.3010299956639813 18.798742484766407
411 1.3010299956639813 18.356977856408704
416 1.4771212547196624 19.445006257673224
432 1.3010299956639813 20.140245569349506
441 1.7781512503836436 31.735712827979288
459 1.4771212547196624 24.541701226408268
494 1.3010299956639813 22.47464478924292
496 1.0 17.074026788002808
500 1.0 27.79974623106974
501 1.0 24.640160608655044
505 1.3010299956639813 17.827254209129045
506 1.0 20.117459620901656
510 1.0 21.594628676437562
514 1.0 19.011194543423425
521 1.0 15.124311784902089
525 1.3010299956639813 20.543320381954224
526 1.0 17.752415668623385
527 1.4771212547196624 20.61363026869414
530 1.0 17.01946628290197
531 1.4771212547196624 20.572525808084006
532 1.7781512503836436 19.229822454648716
534 1.3010299956639813 19.72223251625476
536 1.4771212547196624 17.80770137278335
539 2.0 20.581818087864594
540 1.6989700043360187 23.36967033208018
541 2.0 18.888440514559967
542 1.4771212547196624 19.728868427436186
544 1.9542425094393248 21.7329857487666
545 1.0 16.369127366332837
546 2.204119982655925 23.31908484052949
547 1.3010299956639813 20.421608203426736
549 1.6989700043360187 19.672691459680365
550 1.4771212547196624 22.418090015600434
552 1.3010299956639813 21.18617303846442
555 1.3010299956639813 22.42238581080986
565 1.0 25.067378635529828
570 1.3010299956639813 35.00523577088447
572 1.6989700043360187 29.842988809469816
593 1.4771212547196624 18.09585950831236
594 1.3010299956639813 21.479558238529965
61 1.4771212547196624 18.47845587465186
62 1.0 20.34767568477578
631 1.0 16.9948601162417
635 1.0 21.5228993608598
639 1.0 18.00030745664779
643 1.0 19.64025085319644
644 1.0 19.655188678913582
646 1.0 21.019109611528222
647 1.3010299956639813 18.531080228224845
648 1.0 22.794574400913437
649 1.0 19.923584188401467
652 1.0 18.00016847208931
654 1.9030899869919435 22.625506653399253
655 1.3010299956639813 22.47464478924292
657 1.0 18.460464588544884
659 1.3010299956639813 18.798742484766407
662 1.845098040014257 19.61461115210067
663 1.6989700043360187 19.44490454387257
664 1.9542425094393248 17.88199680559741
665 1.9030899869919435 20.62218664974217
666 1.3010299956639813 21.979048869070308
667 1.0 20.441369254248713
668 1.0 16.496123636808157
732 1.0 28.96885361670166
772 1.6020599913279625 31.06364857854412
774 1.6989700043360187 23.139038800697477
779 1.3010299956639813 28.58117033955364
782 1.0 28.670617617530514
815 1.0 20.604951603302737
816 1.0 26.40168560543113
820 1.0 18.394820991631416
826 1.0 16.82457919792204
828 1.0 17.074026788002808
831 1.0 27.79974623106974
846 1.0 15.59449419482713
84 1.0 25.365184410989947
85 1.0 20.97110134921298
87 1.0 24.835731385689954
903 1.0 13.386337821254202
911 1.0 21.53343177229172
913 1.0 18.473312192215285
916 1.0 20.322029692038072
917 1.0 21.083151146519995
925 1.0 17.14677502578712
926 1.0 15.604094532541186
933 1.3010299956639813 19.069899742909588
935 1.6020599913279625 21.549494779071786
93 1.0 19.110011561305157
947 1.6989700043360187 19.409288369513817
951 1.3010299956639813 25.40756427571084
954 1.9030899869919435 20.62218664974217
955 1.6989700043360187 19.358190264880896
957 1.3010299956639813 18.152757365381166
961 1.0 18.914849636919964
962 1.0 17.046701400697756
966 1.6020599913279625 20.37474443529265
970 1.0 18.816376936112132
971 1.0 19.694865931417798
972 1.4771212547196624 19.608298803683244
973 1.0 18.869638675773842
974 1.0 17.88251712427213
975 1.0 19.03717677110868
978 1.4771212547196624 19.932540595234652
979 1.6989700043360187 17.6480879383687
986 1.3010299956639813 21.11229795390388
990 1.6020599913279625 19.267169356987246
991 1.4771212547196624 20.996461847748183
993 1.0 16.101277881366933
