1.207608310501746
199 1.3010299956639813 22.603396897878287
204 1.4771212547196624 18.43335978124768
216 1.0 16.721725650862297
217 1.0 15.95864382959388
229 1.3010299956639813 22.603396897878287
230 1.3010299956639813 19.818484653329044
231 1.4771212547196624 18.43335978124768
237 2.1760912590556813 17.76548249061496
392 1.0 14.283168530322774
393 1.0 15.71714517392524
394 1.0 13.494009199570673
395 1.0 14.758399668360488
396 1.0 34.747346764383785
397 1.0 15.59311007460044
398 1.3010299956639813 31.04754842191709
399 1.0 19.13339458833571
400 1.0 14.08378662149524
401 1.0 24.1565533242725
402 1.4771212547196624 16.368602790560463
403 1.0 13.500926207151714
498 1.3010299956639813 19.818484653329044
49 1.0 16.335513669309126
501 1.0 18.576070342315386
518 1.4771212547196624 20.682013519960595
525 1.9030899869919435 17.7242281093306
546 2.0413926851582254 20.3971096387274
562 1.0 23.455333927936188
653 1.3010299956639813 22.603396897878287
655 1.3010299956639813 19.818484653329044
656 1.4771212547196624 18.43335978124768
662 1.0 19.41917384237332
665 1.3010299956639813 21.956288146883587
768 1.0 15.59311007460044
769 1.0 19.37976637155202
76 1.0 13.459310544023309
770 1.3010299956639813 31.04754842191709
771 1.0 25.078312841330952
772 1.4771212547196624 23.117420198200822
775 1.0 24.1565533242725
776 1.0 25.809572659595812
777 1.0 28.5636709471766
778 1.0 29.375621062375156
779 1.0 26.762559621671812
780 1.0 28.653172853466874
781 1.0 24.215767859390553
782 1.0 28.8122112955473
783 1.3010299956639813 15.065543358973835
784 1.3010299956639813 16.427467569369398
785 1.3010299956639813 16.33924581085099
786 1.3010299956639813 16.674504799836235
787 1.3010299956639813 16.853403753588953
788 1.3010299956639813 16.44195035074378
789 1.3010299956639813 16.247732650957825
790 1.3010299956639813 16.35543624625182
791 1.0 15.027617842401222
792 1.0 15.296720290112676
793 1.0 15.283359784295454
794 1.0 15.391766171743628
795 1.0 13.470927861124082
796 1.0 16.41623255841033
797 1.0 17.68690492205947
798 1.0 19.84500063961507
