1.537602002101044
173 1.0 25.424188320838816
174 1.0 18.86162482260781
378 1.0 24.653480438007165
379 1.0 15.583202002844317
380 1.6020599913279625 17.099229420425257
384 1.9030899869919435 18.637274062594784
386 1.0 21.856373350068075
388 1.6020599913279625 17.383230863411256
433 2.0 26.035075059878718
452 1.3010299956639813 19.142693477683043
515 1.7781512503836436 20.34226440586786
525 1.3010299956639813 17.7242281093306
556 2.278753600952829 32.02299329624464
557 2.230448921378274 29.473606133346674
559 2.6127838567197355 32.39203154477896
667 1.0 16.465785588330146
731 1.9030899869919435 28.951588555136127
732 1.6989700043360187 24.075837860598885
734 1.0 14.964711114676133
735 1.0 26.464092456397857
737 1.0 23.235022308206137
745 1.0 19.115864173216895
746 1.845098040014257 22.32660375113389
748 1.6020599913279625 22.56508767539272
750 1.7781512503836436 24.739780818458456
753 2.0 21.70542592404138
754 1.0 14.74786118683863
920 1.3010299956639813 17.092496631953207
965 1.0 15.571575634782315
