1.1739251972991736
126 1.3010299956639813 17.339097888099232
131 1.0 31.908356378043813
158 1.0 34.64884871982456
160 1.6020599913279625 40.68185651929256
173 1.3010299956639813 25.424188320838816
201 1.0 16.17188991882234
219 1.4771212547196624 15.855377524671088
234 1.6020599913279625 18.103713917062354
235 1.0 23.489746840008912
262 1.3010299956639813 21.133916878571615
265 1.0 23.98572466518575
373 1.4771212547196624 15.444986818309642
377 1.0 13.009307666040192
378 1.0 24.653480438007165
379 1.0 15.583202002844317
384 1.3010299956639813 18.637274062594784
390 1.3010299956639813 15.448143324179663
398 1.0 31.04754842191709
430 1.6989700043360187 21.053048712370824
432 1.7781512503836436 24.66037937080602
433 1.9542425094393248 26.035075059878718
434 1.7781512503836436 24.448105419498397
436 1.0 16.48783672419816
437 1.0 16.500863545850883
438 2.278753600952829 16.11979502108222
439 2.278753600952829 16.057639662220197
44 1.0 15.69981269395225
452 1.6989700043360187 19.142693477683043
455 1.0 18.409755324317654
456 1.0 17.667086492329588
486 1.0 19.08673079463014
508 1.3010299956639813 16.145707035010496
515 2.4471580313422194 20.34226440586786
518 1.0 20.682013519960595
525 1.3010299956639813 17.7242281093306
554 1.0 22.40007556792627
556 2.886490725172482 32.02299329624464
557 2.653212513775344 29.473606133346674
559 3.187520720836463 32.39203154477896
563 1.0 15.69981269395225
564 1.4771212547196624 25.047424451568215
565 1.0 24.415044307928472
568 2.5051499783199063 21.196876683380644
569 2.079181246047625 34.990949277994865
570 1.6020599913279625 19.48325860666556
571 1.0 29.826229749704215
572 1.6020599913279625 34.607198595571596
661 1.3010299956639813 19.589103365088256
665 1.0 21.956288146883587
726 1.3010299956639813 15.448143324179663
731 1.4771212547196624 28.951588555136127
734 1.0 14.964711114676133
735 1.0 26.464092456397857
739 1.0 14.836842538057565
740 1.7781512503836436 16.495381734999228
743 1.4771212547196624 15.444986818309642
745 1.3010299956639813 19.115864173216895
746 1.0 22.32660375113389
753 1.4771212547196624 21.70542592404138
75 1.4771212547196624 15.444986818309642
770 1.0 31.04754842191709
80 1.0 15.680631610845849
831 1.0 15.854309531641922
865 1.0 36.420319557775116
920 1.4771212547196624 17.092496631953207
921 1.0 13.004944637534049
922 1.0 16.34273553368784
