1.4814860601221125
104 1.4771212547196624 21.315476777332258
119 1.3010299956639813 22.648675884415564
122 1.0 21.918380641831487
134 1.0 29.51314963866556
160 1.0 40.68185651929256
198 1.0 19.930084158480717
203 1.0 17.809686811690188
225 1.0 16.31314212731362
227 1.0 19.245446135136124
228 1.0 19.894315832793946
235 1.0 23.489746840008912
236 1.0 18.969094117495082
339 1.0 17.809686811690188
342 1.0 22.806563635018236
410 1.0 18.329720020247976
417 1.3010299956639813 15.908222464211535
431 1.4771212547196624 20.115404335824383
440 1.0 31.719953794102054
471 1.6020599913279625 26.179338818270686
493 1.0 22.45238647455196
519 1.4771212547196624 25.19479562289961
527 1.7781512503836436 21.0997074467684
561 1.4771212547196624 20.6139191343978
574 1.0 16.601117775791995
652 1.0 19.930084158480717
654 1.0 22.45238647455196
666 1.0 20.41689440117043
66 1.0 17.276058696601304
806 1.0 27.27436952647854
865 1.0 36.420319557775116
871 1.0 25.16854217073077
947 1.0 19.45698562548774
965 1.0 15.571575634782315
