1.6382721639824072
127 1.0 18.613796434027876
242 1.0 17.48060764330447
257 1.3010299956639813 32.04340428656301
258 1.0 34.15368633845293
259 1.0 27.067295817703585
263 1.0 18.961368666684063
265 1.0 23.98572466518575
285 1.0 30.562929415100232
336 1.0 17.48060764330447
398 1.3010299956639813 31.04754842191709
445 1.0 21.739884671677192
504 1.0 17.799185167779708
556 1.0 32.02299329624464
557 1.0 29.473606133346674
559 1.3010299956639813 32.39203154477896
560 1.4771212547196624 26.176582993590046
580 1.0 25.521710205582426
581 1.3010299956639813 26.831073433021917
584 1.0 30.950545053399313
661 1.0 19.589103365088256
770 1.3010299956639813 31.04754842191709
806 1.3010299956639813 27.27436952647854
865 1.0 36.420319557775116
