1.6777807052660807
133 1.0 27.54885932499107
134 1.0 29.51314963866556
136 1.0 22.900372757632663
137 1.0 22.26891535791042
154 1.0 39.64347606197456
236 1.0 18.969094117495082
396 1.0 34.747346764383785
399 1.0 19.13339458833571
405 1.0 17.108838352647496
443 1.0 29.509952060039822
445 1.0 21.739884671677192
777 1.0 28.5636709471766
792 1.0 15.296720290112676
799 1.3010299956639813 21.750977795505374
800 1.0 21.474900607430737
812 1.0 21.474900607430737
814 1.0 26.382740623521833
852 1.0 20.31196842893302
873 1.0 15.748324655176601
879 1.0 15.968223619979328
919 1.4771212547196624 24.20144514632048
