1.1611509092627448
132 1.0 31.9240224086541
133 1.0 31.18619433249154
134 1.0 27.567002922119546
135 1.0 29.53008637972915
136 1.0 23.748484428238577
140 1.7781512503836436 21.068838098294076
141 1.4771212547196624 22.083311659467373
142 1.0 19.04038571666816
146 1.3010299956639813 38.443348131520054
147 1.6989700043360187 38.27432982034523
148 1.4771212547196624 39.73153365749456
149 1.0 36.714155384577936
158 1.0 40.36801588254125
159 1.4771212547196624 34.663276209978875
161 1.4771212547196624 40.68786868352573
187 1.0 25.365184410989947
197 1.0 21.73615837537494
19 1.0 22.906892828979473
207 1.0 18.798742484766407
210 1.3010299956639813 20.74943729156614
233 1.0 18.798742484766407
234 1.3010299956639813 20.74943729156614
249 1.0 22.75668213035031
275 1.0 17.353484581504098
278 1.9030899869919435 24.438116936080927
27 1.0 16.156094595531805
2 1.3010299956639813 25.673207973589584
328 1.6020599913279625 32.88047364596294
351 1.0 19.334505504177955
3 1.3010299956639813 25.673207973589584
409 1.0 18.798742484766407
410 1.3010299956639813 20.74943729156614
417 1.0 18.642503692692046
43 1.0 17.141090857518964
473 1.0 20.456210819322695
49 1.0 16.36609320638818
500 1.3010299956639813 27.79974623106974
51 1.0 16.49843751688567
525 1.0 20.543320381954224
537 1.0 17.141090857518964
544 1.0 21.7329857487666
54 1.0 16.35174061696333
552 1.0 21.18617303846442
557 1.0 32.03860327247943
558 1.0 29.49056558466878
580 1.0 16.49843751688567
584 1.0 23.292766275876946
589 1.0 16.35174061696333
651 1.0 21.73615837537494
659 1.0 18.798742484766407
661 1.0 17.17957125410552
671 1.3010299956639813 20.661290750656658
77 1.0 16.90578733542276
794 1.0 15.329372186555613
803 1.0 16.74751991200512
807 1.4771212547196624 24.483238969908477
808 1.6020599913279625 27.292695599132404
809 1.0 23.93775068948324
815 1.4771212547196624 20.604951603302737
816 1.3010299956639813 26.40168560543113
817 1.0 16.90578733542276
831 1.3010299956639813 27.79974623106974
84 1.0 25.365184410989947
854 1.0 20.336569559735775
858 1.0 13.737800952945475
90 1.0 17.747677710827986
91 1.0 21.73615837537494
946 1.0 19.482666389137716
94 1.0 40.42228834338309
