1.1739251972991736
131 1.3010299956639813 31.908356378043813
132 1.0 31.170157473839097
133 1.9030899869919435 27.54885932499107
134 1.3010299956639813 29.51314963866556
135 1.0 23.727421112255122
139 1.0 21.045092986540304
140 1.0 22.06065850896495
141 1.6020599913279625 19.014107610916184
142 1.0 21.606364977884798
143 1.6020599913279625 19.603466556586774
147 1.3010299956639813 39.718947201261805
148 1.0 36.70053413239285
154 1.3010299956639813 39.64347606197456
157 1.6989700043360187 40.355627938282694
160 1.6020599913279625 40.68185651929256
162 1.0 27.42647719561716
163 1.0 29.043663537477517
24 1.3010299956639813 22.69262746225858
26 1.6989700043360187 18.618919907073398
27 1.3010299956639813 16.125116823755786
312 1.0 16.2406870095727
334 1.4771212547196624 26.57358007912264
357 1.0 14.997192520377267
389 1.4771212547196624 22.987930278533103
395 1.0 14.758399668360488
402 1.0 16.368602790560463
406 1.7781512503836436 16.1759267221591
432 1.0 24.66037937080602
434 1.0 24.448105419498397
485 1.0 18.6714979484428
486 1.4771212547196624 19.08673079463014
488 1.0 18.786565844786978
493 1.0 22.45238647455196
569 1.0 34.990949277994865
611 1.0 16.37139499661555
623 1.0 16.469393434006214
654 1.0 22.45238647455196
671 1.0 19.58191513861614
676 1.3010299956639813 20.23539889371069
678 1.3010299956639813 17.392347547587537
683 1.3010299956639813 16.907222831124663
689 1.3010299956639813 16.928793195831474
68 1.0 17.554437536932625
691 1.3010299956639813 17.91548424436275
748 1.0 22.56508767539272
767 1.0 12.869632630690237
771 2.079181246047625 25.078312841330952
774 1.0 20.078881121899666
777 1.0 28.5636709471766
779 1.0 26.762559621671812
780 1.3010299956639813 28.653172853466874
783 1.0 15.065543358973835
784 1.0 16.427467569369398
785 1.0 16.33924581085099
786 1.3010299956639813 16.674504799836235
787 1.3010299956639813 16.853403753588953
788 1.3010299956639813 16.44195035074378
789 1.0 16.247732650957825
790 1.0 16.35543624625182
797 1.0 17.68690492205947
798 1.0 19.84500063961507
852 1.0 20.31196842893302
881 1.0 16.868603706098174
885 1.0 16.2406870095727
908 1.0 15.998023604552252
953 1.3010299956639813 19.174774193635493
995 1.0 16.341134900020474
