1.408935392973501
1 1.0 24.469666509833758
206 1.0 18.772126118491787
232 1.0 18.772126118491787
2 1.0 25.653725024939046
399 1.0 19.13339458833571
3 1.0 25.653725024939046
404 1.0 14.731292035069075
405 1.0 17.108838352647496
406 1.0 16.1759267221591
407 2.0413926851582254 14.742151426884002
408 1.0 18.772126118491787
410 1.7781512503836436 18.329720020247976
412 1.4771212547196624 19.41595254379453
416 1.0 18.61566394013484
420 1.3010299956639813 22.69268235247738
421 1.0 19.170545066323047
422 1.6020599913279625 15.318690066440361
440 1.0 31.719953794102054
658 1.0 18.772126118491787
673 1.0 19.039369057845647
674 1.3010299956639813 18.14076911717772
773 1.0 23.472958228275314
77 1.3010299956639813 16.876185748875265
799 1.3010299956639813 21.750977795505374
7 1.3010299956639813 20.637992374919182
800 1.0 21.474900607430737
801 1.9542425094393248 16.7176380868533
802 1.0 13.724220613920277
803 1.0 13.696599459522757
804 1.0 13.696599459522757
805 2.4313637641589874 24.462808310936932
806 2.5563025007672873 27.27436952647854
807 2.230448921378274 23.916854058840084
810 1.0 18.41805748667281
812 1.0 21.474900607430737
813 2.079181246047625 20.580671285807178
814 2.1760912590556813 26.382740623521833
815 1.3010299956639813 16.876185748875265
959 1.0 20.989047238821517
