0.978810700930062
1000 1.0 16.797636183579463
105 1.0 21.33892101876266
109 1.0 15.561030750337954
118 1.0 14.722236801759516
120 1.0 22.67074148141845
122 1.0 25.99704858881334
123 1.0 21.94118068747015
125 1.0 17.797417400691103
126 1.0 19.10717613125738
128 1.0 18.640638875516817
190 1.3010299956639813 20.72132492096882
191 1.3010299956639813 30.983771998615772
192 1.0 16.982274168574502
245 1.0 16.518884647461846
246 1.0 15.611383332448497
253 1.0 16.431910230774704
254 1.0 16.42690925065229
255 1.0 16.359891446453577
256 1.0 16.797636183579463
260 1.3010299956639813 27.085761995614487
261 1.9030899869919435 40.472400145134394
267 1.845098040014257 20.272569941821523
268 1.0 24.276039699169623
269 1.4771212547196624 28.06641091839446
273 1.0 15.490090513554941
288 1.0 16.518884647461846
290 1.0 19.344122607461724
304 1.0 16.616668083737665
305 1.3010299956639813 17.98399116678101
306 1.4771212547196624 18.739668070348888
307 1.0 16.630431048976302
311 1.3010299956639813 18.601480963958362
312 1.0 16.364677803659443
313 1.0 16.271444758929782
314 1.0 16.718741339460014
315 1.0 16.06942654142066
316 1.0 16.866249934906318
421 1.4771212547196624 22.714705200606023
422 1.6020599913279625 19.196609027115258
434 1.0 26.054272842923844
436 1.0 18.15542263413017
454 1.0 16.518884647461846
455 1.0 15.077540523688015
457 1.0 18.43689483349195
458 1.0 17.695365074715316
459 1.0 24.541701226408268
482 1.0 19.755861749534457
495 1.0 16.86418674665899
497 1.0 21.557388215952543
500 1.3010299956639813 27.79974623106974
506 1.0 20.117459620901656
512 1.0 21.108817330045582
513 1.3010299956639813 17.51618482981768
574 1.0 16.969820351885488
575 1.0 16.63120895803179
576 1.0 16.389629448511823
581 1.3010299956639813 25.541293855592556
583 1.0 25.011711924712642
585 1.6989700043360187 30.96669564390913
613 1.845098040014257 22.32306959448592
614 1.0 16.27710509361273
616 1.9030899869919435 23.902881671535816
623 1.0 16.32959493311789
624 1.0 16.49972484873875
628 1.0 15.593254352876475
629 1.0 17.460816329506702
630 1.0 15.480740248068322
631 1.0 16.9948601162417
632 1.0 19.9752240481514
633 1.0 22.269887599954423
634 1.0 20.53889892996114
635 1.0 21.5228993608598
636 1.0 18.05674668124595
637 1.0 16.02625467467848
638 1.0 15.377715785664936
639 1.0 18.00030745664779
732 1.0 28.96885361670166
735 1.0 14.99808583605626
736 1.0 26.48297924216182
775 1.0 23.494249679152507
818 1.0 15.490090513554941
821 1.0 19.344122607461724
822 1.3010299956639813 20.72132492096882
823 1.3010299956639813 30.983771998615772
824 1.0 16.982274168574502
829 1.0 21.557388215952543
831 1.3010299956639813 27.79974623106974
854 1.0 20.336569559735775
883 1.0 16.982274168574502
884 1.0 16.86418674665899
885 1.0 16.616668083737665
886 1.3010299956639813 17.98399116678101
887 1.4771212547196624 18.739668070348888
888 1.0 16.630431048976302
893 1.0 15.109347256076695
894 1.0 16.898218574553624
902 1.0 16.786437281709325
908 1.0 18.24824091238585
909 1.0 17.04982557935131
914 1.0 15.862380670664196
92 1.0 21.402892320890444
994 1.0 16.371703937607325
997 1.0 16.431910230774704
998 1.0 16.42690925065229
999 1.0 16.359891446453577
