1.3279021420642825
105 1.0 21.33892101876266
109 1.0 15.561030750337954
118 1.0 14.722236801759516
120 1.0 22.67074148141845
122 1.3010299956639813 25.99704858881334
123 1.0 21.94118068747015
125 1.0 17.797417400691103
126 1.0 19.10717613125738
127 1.0 17.367910512582892
128 1.0 18.640638875516817
170 1.0 16.92269399053892
186 1.0 17.074068216246978
284 1.0 16.021430614511992
290 1.0 19.344122607461724
381 1.0 17.128445544541883
385 1.0 18.664082738893658
389 1.0 17.411970458585486
397 1.0 34.76173337398946
420 1.0 16.4406842597468
421 1.0 22.714705200606023
436 1.0 18.15542263413017
444 1.0 29.526890635247195
453 1.0 19.168795308535405
459 1.0 24.541701226408268
481 1.0 15.708611586019918
482 1.0 19.755861749534457
506 1.0 20.117459620901656
512 1.0 21.108817330045582
513 1.3010299956639813 17.51618482981768
521 1.0 15.124311784902089
732 1.0 28.96885361670166
734 1.0 16.710350266628105
735 1.0 14.99808583605626
736 1.0 26.48297924216182
821 1.0 19.344122607461724
854 1.0 20.336569559735775
882 1.0 18.91930081490118
889 1.0 17.074068216246978
895 1.0 15.682046710929198
8 1.0 14.42363540819959
902 1.3010299956639813 16.786437281709325
908 1.0 18.24824091238585
914 1.0 15.862380670664196
918 1.0 24.222096258795588
925 1.0 17.14677502578712
926 1.0 15.604094532541186
933 1.0 19.069899742909588
