1.744727494896694
173 1.0 25.424188320838816
175 1.4771212547196624 22.356903676375765
187 1.0 18.36761931536485
190 1.3010299956639813 30.967630313961816
263 1.0 18.961368666684063
264 1.0 16.714220604471006
265 1.0 23.98572466518575
329 1.0 24.995158982809944
398 1.0 31.04754842191709
443 1.0 29.509952060039822
505 1.0 20.09259021626153
562 1.0 23.455333927936188
565 1.0 24.415044307928472
770 1.0 31.04754842191709
805 1.0 24.462808310936932
806 1.0 27.27436952647854
817 1.0 18.36761931536485
820 1.3010299956639813 30.967630313961816
