1.494850021680094
132 1.3010299956639813 31.170157473839097
146 1.0 38.26126400416704
148 1.0 36.70053413239285
153 1.4771212547196624 38.91027615891787
154 1.0 39.64347606197456
155 1.3010299956639813 32.78554205971943
157 1.0 40.355627938282694
158 1.0 34.64884871982456
159 1.0 33.49922392874927
160 1.6020599913279625 40.68185651929256
162 1.0 27.42647719561716
163 1.3010299956639813 29.043663537477517
199 1.0 22.603396897878287
216 1.0 16.721725650862297
229 1.0 22.603396897878287
255 1.0 16.767843670427574
334 1.0 26.57358007912264
335 1.0 27.194637545841633
345 1.0 17.350406766716183
42 1.0 17.338897626616056
49 1.0 16.335513669309126
507 1.0 17.338897626616056
527 1.0 21.0997074467684
576 1.0 21.517861792661158
653 1.0 22.603396897878287
799 1.0 21.750977795505374
800 1.0 21.474900607430737
801 1.0 16.7176380868533
807 1.0 23.916854058840084
812 1.0 21.474900607430737
936 1.0 21.526279874452115
990 1.0 17.043147830109415
