1.4685210829577449
131 1.3010299956639813 31.908356378043813
132 1.0 31.170157473839097
134 1.4771212547196624 29.51314963866556
249 1.0 21.570555711548227
399 1.3010299956639813 19.13339458833571
405 1.3010299956639813 17.108838352647496
406 1.4771212547196624 16.1759267221591
410 1.0 18.329720020247976
413 1.0 19.214693399908615
415 1.3010299956639813 19.419275690945604
416 1.4771212547196624 18.61566394013484
471 1.3010299956639813 26.179338818270686
472 1.3010299956639813 20.431753744712537
475 1.4771212547196624 15.713768088124892
502 2.0413926851582254 24.947803517854027
791 1.0 15.027617842401222
792 1.0 15.296720290112676
793 1.4771212547196624 15.283359784295454
794 1.4771212547196624 15.391766171743628
796 1.7781512503836436 16.41623255841033
798 1.7781512503836436 19.84500063961507
799 1.9030899869919435 21.750977795505374
800 1.9030899869919435 21.474900607430737
812 1.9030899869919435 21.474900607430737
814 1.4771212547196624 26.382740623521833
862 1.3010299956639813 22.500892102974184
865 1.0 36.420319557775116
866 1.0 13.074202270093174
867 1.3010299956639813 20.329143187123556
871 1.0 25.16854217073077
872 1.0 15.596352370499325
873 1.3010299956639813 15.748324655176601
879 1.3010299956639813 15.968223619979328
98 1.0 15.596352370499325
