1.4814860601221125
133 1.0 31.18619433249154
147 1.0 38.27432982034523
189 1.0 22.794574400913437
191 1.0 30.983771998615772
200 1.3010299956639813 22.625506653399253
217 1.0 16.75160018454076
230 1.3010299956639813 22.625506653399253
26 1.0 18.64575497280853
326 1.4771212547196624 26.265110333168654
328 1.0 32.88047364596294
330 1.0 25.015154858124397
332 1.0 26.156648054217282
344 1.3010299956639813 20.86119657744264
346 1.0 17.379200642449316
399 1.0 31.06364857854412
41 1.0 20.898009485572526
42 1.0 17.36771058332882
47 1.4771212547196624 19.549619832587243
49 1.0 16.36609320638818
508 1.0 17.36771058332882
527 1.0 20.61363026869414
528 1.6020599913279625 21.12339116570097
561 1.0 26.19567707123272
567 1.3010299956639813 23.07027838400899
646 1.0 21.019109611528222
648 1.0 22.794574400913437
654 1.3010299956639813 22.625506653399253
680 1.0 15.775358504069235
772 1.0 31.06364857854412
808 1.0 27.292695599132404
809 1.0 23.93775068948324
823 1.0 30.983771998615772
987 1.0 15.618327832578043
