1.494850021680094
132 1.0 31.170157473839097
145 1.0 38.43033977941447
146 1.0 38.26126400416704
154 1.0 39.64347606197456
157 1.0 40.355627938282694
160 1.0 40.68185651929256
163 1.0 29.043663537477517
175 1.0 22.356903676375765
190 1.0 30.967630313961816
225 1.0 16.31314212731362
277 1.0 24.417648522770687
343 1.0 20.837214848503734
397 1.0 15.59311007460044
412 1.0 19.41595254379453
420 1.0 22.69268235247738
440 1.0 31.719953794102054
443 1.0 29.509952060039822
549 1.0 22.395775493328287
668 1.0 17.727873548642012
674 1.0 18.14076911717772
680 1.0 17.012055796954062
732 1.0 24.075837860598885
750 1.0 24.739780818458456
753 1.0 21.70542592404138
768 1.0 15.59311007460044
805 1.0 24.462808310936932
820 1.0 30.967630313961816
865 1.0 36.420319557775116
878 1.4771212547196624 33.105865818015594
91 1.0 21.379518228894476
959 1.3010299956639813 20.989047238821517
960 1.0 19.164284103879986
