1.5528419686577808
127 1.3010299956639813 17.367910512582892
159 1.3010299956639813 34.663276209978875
161 1.0 40.68786868352573
186 1.0 17.074068216246978
191 1.6020599913279625 30.983771998615772
237 1.0 18.99543449459334
258 1.0 32.05900432440354
259 1.0 34.168322910342354
278 1.0 24.438116936080927
353 1.0 25.406505472371265
434 1.3010299956639813 26.054272842923844
473 1.0 20.456210819322695
497 1.0 21.557388215952543
510 1.3010299956639813 21.594628676437562
523 1.3010299956639813 19.697674446970826
573 1.0 34.62164344212061
69 1.0 26.43449543906486
779 1.0 28.58117033955364
783 1.0 24.23640676791617
807 1.3010299956639813 24.483238969908477
812 1.3010299956639813 18.445184780380607
823 1.6020599913279625 30.983771998615772
829 1.0 21.557388215952543
878 1.0 27.134111744574057
882 1.0 18.91930081490118
889 1.0 17.074068216246978
895 1.0 15.682046710929198
922 1.0 21.35873785771627
