1.6575773191777938
105 1.3010299956639813 21.33892101876266
132 1.6020599913279625 31.9240224086541
133 1.4771212547196624 31.18619433249154
135 1.3010299956639813 29.53008637972915
137 1.0 22.922196064917607
146 1.0 38.443348131520054
149 1.0 36.714155384577936
155 1.3010299956639813 39.65608647202028
156 1.0 32.80078913912944
158 1.3010299956639813 40.36801588254125
31 1.0 15.977249114874716
339 1.0 21.777753188456284
353 1.0 25.406505472371265
69 1.0 26.43449543906486
7 1.3010299956639813 20.662205334068826
801 1.0 21.773953133516383
802 1.0 21.49817099427365
814 1.0 21.49817099427365
859 1.0 17.03148242460064
867 2.0 36.43404557128479
873 1.0 25.188400405739408
878 1.4771212547196624 27.134111744574057
