1.7695510786217261
188 1.0 18.394820991631416
219 1.0 20.060459993820544
223 1.0 19.5018082949504
261 1.3010299956639813 40.472400145134394
269 1.0 28.06641091839446
326 1.0 26.265110333168654
332 1.0 26.156648054217282
397 1.4771212547196624 34.76173337398946
399 1.0 31.06364857854412
432 1.0 20.140245569349506
506 1.0 20.117459620901656
561 1.0 26.19567707123272
771 1.0 19.405549325281637
772 1.0 31.06364857854412
774 1.0 23.139038800697477
820 1.0 18.394820991631416
913 1.0 18.473312192215285
