1.585026652029182
132 2.0 31.9240224086541
133 1.3010299956639813 31.18619433249154
137 1.4771212547196624 22.922196064917607
138 1.6989700043360187 22.291356872514033
140 1.4771212547196624 21.068838098294076
141 1.4771212547196624 22.083311659467373
143 1.6989700043360187 21.629493927449314
146 2.0 38.443348131520054
147 1.6989700043360187 38.27432982034523
148 1.845098040014257 39.73153365749456
149 1.3010299956639813 36.714155384577936
154 1.3010299956639813 38.92312411360697
197 1.0 21.73615837537494
285 1.0 27.333530767834674
348 1.0 18.44095543145629
351 1.0 19.334505504177955
352 1.0 22.315951883102834
486 1.6989700043360187 18.698257556219072
488 1.6989700043360187 18.91692636651541
651 1.0 21.73615837537494
671 1.3010299956639813 20.661290750656658
672 1.0 19.607432276969973
686 1.3010299956639813 17.204501418003492
852 1.3010299956639813 21.864410189197464
854 1.3010299956639813 20.336569559735775
91 1.0 21.73615837537494
