1.6020599913279623
210 1.0 19.851353724768064
257 1.3010299956639813 32.04340428656301
258 1.6020599913279625 34.15368633845293
266 1.0 20.247891051811926
267 1.0 24.25543451426215
274 1.0 17.324647965269033
282 1.3010299956639813 19.08990744429096
285 1.4771212547196624 30.562929415100232
295 1.0 21.53759215073197
296 1.0 18.417536610152265
325 1.0 26.246066768442137
327 1.0 32.86526353435894
335 1.3010299956639813 27.194637545841633
519 1.0 25.19479562289961
533 1.0 19.696864101303447
559 1.0 32.39203154477896
564 1.0 25.047424451568215
565 1.0 24.415044307928472
583 1.4771212547196624 23.271290483826427
597 1.0 19.894981669475758
604 1.0 16.848497544115553
966 1.0 12.97081670326476
974 1.3010299956639813 18.84312245235009
977 1.0 19.099167857362065
991 1.3010299956639813 19.241200976831678
