1.6989700043360187
106 1.0 21.237877873941795
22 1.0 20.017303363514117
24 1.0 22.69262746225858
26 1.0 18.618919907073398
338 1.0 21.754781863703386
349 1.0 18.22236264627707
350 1.0 19.30862768534024
413 1.0 19.214693399908615
417 1.0 15.908222464211535
472 1.0 20.431753744712537
493 1.0 22.45238647455196
526 1.0 20.589360185649852
527 1.0 21.0997074467684
642 1.0 19.614776409036214
654 1.0 22.45238647455196
673 1.0 19.039369057845647
875 1.0 22.430004022861485
877 1.0 22.430004022861485
878 1.0 33.105865818015594
88 1.0 17.71948261455228
