1.6197887582883939
132 1.0 31.9240224086541
133 1.0 31.18619433249154
141 1.0 22.083311659467373
154 1.0 38.92312411360697
156 1.0 32.80078913912944
158 1.6989700043360187 40.36801588254125
159 1.6020599913279625 34.663276209978875
160 1.0 33.51414632402991
161 2.113943352306837 40.68786868352573
23 1.0 18.927700473196293
383 1.0 23.402720804995248
387 1.0 21.87923801272718
390 1.0 23.009670542854348
402 1.0 24.177242781351655
412 1.3010299956639813 21.758302257583633
749 1.0 22.58723493033533
750 1.0 20.234721635985533
773 1.0 25.098242467704086
777 1.0 24.177242781351655
780 1.0 29.39263705080337
781 1.3010299956639813 26.78123592188267
784 1.0 28.829559825624525
909 1.0 17.04982557935131
935 1.0 21.549494779071786
