1.6989700043360187
109 1.0 19.715945972128416
154 1.3010299956639813 39.64347606197456
324 1.0 15.723543941848508
357 1.0 14.997192520377267
389 1.0 22.987930278533103
413 1.0 19.214693399908615
543 1.3010299956639813 21.709967055619686
572 1.0 34.607198595571596
615 1.0 23.88195453063762
694 1.0 13.711776039162897
731 1.0 28.951588555136127
735 1.3010299956639813 26.464092456397857
737 1.3010299956639813 23.235022308206137
741 1.0 21.665271886223913
862 1.0 22.500892102974184
865 1.0 36.420319557775116
86 1.0 24.815590935179138
890 1.0 15.846061238571657
892 1.6020599913279625 19.44244897613975
893 1.6020599913279625 19.650125642603225
