1.5528419686577808
141 1.3010299956639813 22.083311659467373
142 1.0 19.04038571666816
143 1.0 21.629493927449314
144 1.0 19.628955678670632
149 1.6989700043360187 36.714155384577936
151 1.0 28.69713041845068
154 2.230448921378274 38.92312411360697
155 2.113943352306837 39.65608647202028
156 1.6989700043360187 32.80078913912944
157 1.3010299956639813 27.318575173705053
161 1.0 40.68786868352573
162 1.0 29.200185832126223
163 1.6989700043360187 27.444701699266258
164 1.6020599913279625 29.060873897358988
283 1.0 19.116081351354293
399 1.0 31.06364857854412
436 1.0 18.15542263413017
487 1.0 19.112909051912595
539 1.3010299956639813 20.581818087864594
544 1.0 21.7329857487666
640 1.0 16.590546453751475
662 1.3010299956639813 19.61461115210067
679 1.0 17.421072102946884
772 1.0 31.06364857854412
773 1.3010299956639813 25.098242467704086
778 1.0 25.828938051552868
782 1.0 28.670617617530514
968 1.0 20.745195199857015
