1.7958800173440752
156 1.0 27.300266473449927
1 1.3010299956639813 24.469666509833758
202 1.4771212547196624 18.45137749631327
223 1.4771212547196624 18.45137749631327
43 1.0 17.11189632348561
48 1.0 14.687762810193856
536 1.0 17.11189632348561
539 1.0 23.34826527667759
571 1.3010299956639813 29.826229749704215
59 1.0 17.024968450726956
61 1.4771212547196624 18.45137749631327
645 1.0 20.99530825830948
659 1.0 17.024968450726956
745 1.3010299956639813 19.115864173216895
937 1.0 20.6196626379172
952 1.6020599913279625 25.38787746985513
