1.6382721639824072
120 1.0 22.67074148141845
125 1.0 17.797417400691103
132 1.0 31.9240224086541
133 1.0 31.18619433249154
135 1.0 29.53008637972915
141 1.0 22.083311659467373
148 1.0 39.73153365749456
154 1.3010299956639813 38.92312411360697
155 1.0 39.65608647202028
158 1.3010299956639813 40.36801588254125
159 1.0 34.663276209978875
160 1.0 33.51414632402991
161 1.3010299956639813 40.68786868352573
162 1.3010299956639813 29.200185832126223
163 1.4771212547196624 27.444701699266258
164 1.0 29.060873897358988
286 1.3010299956639813 30.579284727285547
344 1.0 20.86119657744264
459 1.0 24.541701226408268
506 1.0 20.117459620901656
60 1.0 20.310156825129837
880 1.0 33.12096543823041
94 1.0 40.42228834338309
