1.2441251443275085
132 1.4771212547196624 31.170157473839097
133 1.0 27.54885932499107
134 1.4771212547196624 29.51314963866556
139 1.0 21.045092986540304
142 1.0 21.606364977884798
145 2.1760912590556813 38.43033977941447
146 2.230448921378274 38.26126400416704
147 2.113943352306837 39.718947201261805
148 1.845098040014257 36.70053413239285
149 1.6020599913279625 30.628195318865107
150 1.3010299956639813 28.679701781112843
152 1.4771212547196624 27.106140088612186
153 1.4771212547196624 38.91027615891787
154 1.6989700043360187 39.64347606197456
155 1.4771212547196624 32.78554205971943
156 1.3010299956639813 27.300266473449927
157 1.9030899869919435 40.355627938282694
158 1.4771212547196624 34.64884871982456
159 1.0 33.49922392874927
160 1.7781512503836436 40.68185651929256
161 1.4771212547196624 29.183057629910973
162 1.0 27.42647719561716
197 1.0 17.97236948828946
21 1.3010299956639813 18.02167784870146
22 1.3010299956639813 20.017303363514117
23 1.0 18.90126570373093
382 1.4771212547196624 23.381346006518903
389 1.4771212547196624 22.987930278533103
401 1.6020599913279625 24.1565533242725
636 1.0 15.995025442232151
637 1.0 15.345166756496607
638 1.0 17.972508687822355
651 1.0 17.97236948828946
661 1.0 19.589103365088256
662 1.0 19.41917384237332
663 1.0 17.854013827579386
664 1.6020599913279625 20.597926648495577
666 1.0 20.41689440117043
731 1.0 28.951588555136127
735 1.0 26.464092456397857
737 1.0 23.235022308206137
741 1.4771212547196624 21.665271886223913
748 1.3010299956639813 22.56508767539272
749 1.3010299956639813 20.209996528594978
771 1.4771212547196624 25.078312841330952
775 1.6020599913279625 24.1565533242725
780 1.3010299956639813 28.653172853466874
781 1.0 24.215767859390553
782 1.6989700043360187 28.8122112955473
903 1.0 16.756624857433575
93 1.3010299956639813 40.4099170367325
955 1.6020599913279625 20.597926648495577
956 1.0 19.332344149929916
982 1.3010299956639813 19.01404692868626
987 1.4771212547196624 21.088601776656837
991 1.3010299956639813 19.241200976831678
992 1.3010299956639813 20.972634792127216
