1.6989700043360187
148 1.0 36.70053413239285
150 1.0 28.679701781112843
153 1.0 38.91027615891787
161 1.0 29.183057629910973
204 1.3010299956639813 18.43335978124768
231 1.3010299956639813 18.43335978124768
283 1.0 15.990191960562015
323 1.0 14.040271867378184
398 1.0 31.04754842191709
539 1.0 23.34826527667759
540 1.3010299956639813 18.8619507228725
548 1.0 19.647259077738575
640 1.0 14.135814942016715
641 1.0 13.824949696468746
656 1.3010299956639813 18.43335978124768
661 1.0 19.589103365088256
662 1.0 19.41917384237332
770 1.0 31.04754842191709
778 1.3010299956639813 29.375621062375156
956 1.0 19.332344149929916
