1.744727494896694
132 1.4771212547196624 31.170157473839097
134 1.0 29.51314963866556
374 1.0 18.047953588423393
396 1.0 34.747346764383785
399 1.3010299956639813 19.13339458833571
412 1.6020599913279625 19.41595254379453
447 1.0 18.6211653234297
450 1.4771212547196624 15.76538963474183
455 1.3010299956639813 18.409755324317654
470 1.3010299956639813 23.994543772969674
472 1.6020599913279625 20.431753744712537
493 1.4771212547196624 22.45238647455196
654 1.4771212547196624 22.45238647455196
7 1.0 20.637992374919182
814 1.0 26.382740623521833
872 1.0 15.596352370499325
947 1.3010299956639813 19.45698562548774
98 1.0 15.596352370499325
