1.5228787452803376
134 1.0 27.567002922119546
156 1.0 32.80078913912944
170 1.0 16.92269399053892
171 1.3010299956639813 17.299828196424077
175 1.0 18.88811507135678
176 1.4771212547196624 22.379256958057034
379 1.0 24.673753214847594
397 1.0 34.76173337398946
406 1.0 17.13803809591465
407 1.0 16.206807375934993
412 1.0 21.758302257583633
417 1.0 18.642503692692046
441 1.4771212547196624 31.735712827979288
476 1.0 15.745555167328087
482 1.0 19.755861749534457
503 1.0 24.96783731854743
549 1.0 19.672691459680365
736 1.0 26.48297924216182
738 1.0 23.256531591422583
775 1.0 23.494249679152507
780 1.0 29.39263705080337
801 1.0 21.773953133516383
802 1.0 21.49817099427365
809 1.0 23.93775068948324
814 1.0 21.49817099427365
865 1.0 13.12410324363886
87 1.0 24.835731385689954
94 1.0 40.42228834338309
980 1.0 18.174623439227215
985 1.0 20.023207099137547
