1.494850021680094
159 1.0 34.663276209978875
236 1.0 23.511023087218234
238 1.0 17.79360469731602
323 1.7781512503836436 19.99450022605915
431 1.0 21.076784861203542
433 1.0 24.68064648083747
434 1.0 26.054272842923844
435 1.0 24.468548355039516
437 1.0 16.518134272484215
439 1.0 16.150783000266802
440 1.0 16.088747357134647
444 1.0 29.526890635247195
510 1.0 21.594628676437562
538 1.0 16.052093028525185
547 1.3010299956639813 20.421608203426736
563 1.0 23.476641362660768
565 1.3010299956639813 25.067378635529828
667 1.4771212547196624 20.441369254248713
732 1.3010299956639813 28.96885361670166
749 1.6020599913279625 22.58723493033533
771 1.0 19.405549325281637
775 1.0 23.494249679152507
781 1.0 26.78123592188267
782 1.0 28.670617617530514
784 1.6020599913279625 28.829559825624525
867 1.0 36.43404557128479
930 1.0 22.37231226242215
941 2.4471580313422194 18.01860444167257
94 1.0 40.42228834338309
951 1.0 25.40756427571084
960 1.3010299956639813 20.844073091142132
972 1.0 19.608298803683244
