1.6197887582883939
109 1.0 19.715945972128416
153 1.0 38.91027615891787
155 1.0 32.78554205971943
236 1.3010299956639813 18.969094117495082
283 1.0 15.990191960562015
311 1.4771212547196624 16.33409561676385
334 1.0 26.57358007912264
344 1.0 19.429659374481616
388 1.3010299956639813 17.383230863411256
417 1.3010299956639813 15.908222464211535
433 1.0 26.035075059878718
483 1.0 16.072305173973206
510 1.0 18.532720542245944
56 1.0 16.008658872883498
625 1.0 16.008658872883498
735 1.4771212547196624 26.464092456397857
737 1.3010299956639813 23.235022308206137
776 1.3010299956639813 25.809572659595812
777 1.6989700043360187 28.5636709471766
778 1.6020599913279625 29.375621062375156
834 1.0 19.359056970763802
86 1.0 24.815590935179138
884 1.4771212547196624 16.33409561676385
981 1.3010299956639813 18.147091699710654
