1.5686362358410126
1000 1.0 16.329300295473313
172 1.0 18.832857933573873
252 1.0 16.401453406092962
253 1.0 16.396443136520976
254 1.0 16.329300295473313
255 1.3010299956639813 16.767843670427574
312 1.0 16.2406870095727
313 1.0 16.688807985466465
314 1.0 16.038281372083322
315 1.0 16.836578834986856
573 1.4771212547196624 16.9403306571999
582 1.0 24.99171329470656
596 1.0 19.971318757650213
612 1.4771212547196624 22.300659992929845
615 1.6020599913279625 23.88195453063762
664 1.0 20.597926648495577
865 1.0 36.420319557775116
86 1.0 24.815590935179138
885 1.0 16.2406870095727
886 1.0 16.688807985466465
887 1.0 16.038281372083322
888 1.0 16.836578834986856
892 1.0 19.44244897613975
893 1.0 19.650125642603225
955 1.0 20.597926648495577
998 1.0 16.401453406092962
999 1.0 16.396443136520976
