1.3565473235138126
132 1.3010299956639813 31.9240224086541
133 1.6020599913279625 31.18619433249154
134 1.0 27.567002922119546
140 1.0 21.068838098294076
141 1.3010299956639813 22.083311659467373
146 2.3010299956639813 38.443348131520054
147 2.278753600952829 38.27432982034523
148 2.278753600952829 39.73153365749456
149 2.3222192947339195 36.714155384577936
150 2.079181246047625 30.64451579794581
151 2.146128035678238 28.69713041845068
152 1.0 26.43569384136088
154 1.9030899869919435 38.92312411360697
155 1.3010299956639813 39.65608647202028
156 1.6989700043360187 32.80078913912944
158 2.255272505103306 40.36801588254125
159 2.230448921378274 34.663276209978875
160 2.204119982655925 33.51414632402991
161 2.230448921378274 40.68786868352573
162 2.1760912590556813 29.200185832126223
163 1.7781512503836436 27.444701699266258
164 1.6020599913279625 29.060873897358988
23 1.0 18.927700473196293
319 1.0 15.794383648680418
320 1.0 14.004614743358394
321 1.0 14.004614743358394
324 1.0 14.075838664530483
383 1.0 23.402720804995248
390 1.0 23.009670542854348
436 1.0 18.15542263413017
455 1.0 15.077540523688015
459 1.4771212547196624 24.541701226408268
483 1.0 14.843383405093189
633 1.4771212547196624 22.269887599954423
641 1.0 14.171141946750199
732 1.0 28.96885361670166
742 1.0 21.68833801617828
749 1.0 22.58723493033533
750 1.0 20.234721635985533
773 1.0 25.098242467704086
780 1.0 29.39263705080337
836 1.0 19.384867469169826
893 1.0 15.109347256076695
944 1.0 19.917140587765708
