1.2365720064370627
196 1.0 21.713143045615993
198 1.0 19.930084158480717
203 1.0 17.809686811690188
212 1.0 19.272892292014472
217 1.0 15.95864382959388
228 1.0 19.894315832793946
284 1.6020599913279625 27.31523209193297
2 1.4771212547196624 25.653725024939046
311 1.0 16.33409561676385
313 1.0 16.688807985466465
335 1.3010299956639813 27.194637545841633
339 1.0 17.809686811690188
340 1.0 20.927824358412284
347 1.4771212547196624 18.41382190706093
351 1.0 22.293535126779712
384 1.0 18.637274062594784
3 1.4771212547196624 25.653725024939046
440 1.0 31.719953794102054
493 1.0 22.45238647455196
499 1.3010299956639813 27.781754633425805
501 1.0 18.576070342315386
508 1.0 16.145707035010496
526 1.0 20.589360185649852
544 1.0 16.338553508044296
554 1.0 22.40007556792627
574 1.3010299956639813 16.601117775791995
631 1.9542425094393248 19.950177336902193
632 1.6020599913279625 22.247424428787344
650 1.0 21.713143045615993
652 1.0 19.930084158480717
654 1.0 22.45238647455196
668 1.3010299956639813 17.727873548642012
670 1.0 20.6370767184495
671 1.3010299956639813 19.58191513861614
673 1.0 19.039369057845647
677 1.0 19.89770402247368
678 1.0 17.392347547587537
679 1.3010299956639813 15.743631599218444
680 1.3010299956639813 17.012055796954062
681 1.0 18.065059521538757
684 1.0 17.964183562785355
685 1.4771212547196624 17.175414668708417
688 1.0 16.363787416979306
690 1.6020599913279625 20.22818021406503
691 1.3010299956639813 17.91548424436275
693 1.0 18.104685257403954
731 1.0 28.951588555136127
772 1.4771212547196624 23.117420198200822
828 1.3010299956639813 27.781754633425805
865 1.0 36.420319557775116
871 1.0 25.16854217073077
884 1.0 16.33409561676385
886 1.0 16.688807985466465
90 1.0 21.713143045615993
915 1.0 15.830828169778773
91 1.0 21.379518228894476
935 1.0 16.449077097941938
959 1.0 20.989047238821517
