1.537602002101044
132 1.0 31.9240224086541
134 1.0 27.567002922119546
149 1.0 36.714155384577936
155 1.0 39.65608647202028
161 1.3010299956639813 40.68786868352573
162 1.3010299956639813 29.200185832126223
163 1.3010299956639813 27.444701699266258
164 1.0 29.060873897358988
193 1.3010299956639813 19.923584188401467
236 1.3010299956639813 23.511023087218234
289 1.0 19.41814822026422
2 1.0 25.673207973589584
322 1.0 19.415200818214007
342 1.0 19.41814822026422
363 1.0 13.282942259163587
397 1.0 34.76173337398946
3 1.0 25.673207973589584
441 1.0 31.735712827979288
643 1.3010299956639813 19.64025085319644
644 1.3010299956639813 19.655188678913582
649 1.3010299956639813 19.923584188401467
64 1.0 16.737458178003557
712 1.0 16.737458178003557
869 1.0 20.353723559156737
878 1.0 27.134111744574057
922 1.0 21.35873785771627
932 1.0 22.35128407421646
933 1.0 19.069899742909588
960 1.0 20.844073091142132
