1.1249387366083
117 1.4771212547196624 21.166129822732998
120 1.6989700043360187 22.67074148141845
121 1.0 16.452082774442715
122 1.9542425094393248 25.99704858881334
123 1.6020599913279625 21.94118068747015
125 1.0 17.797417400691103
126 1.0 19.10717613125738
128 1.3010299956639813 18.640638875516817
187 1.0 25.365184410989947
1 1.0 24.099314783282633
200 1.4771212547196624 22.625506653399253
205 1.0 18.460464588544884
212 1.3010299956639813 22.053003739358804
230 1.4771212547196624 22.625506653399253
232 1.0 18.460464588544884
242 1.3010299956639813 20.34767568477578
243 1.0 17.509187404878464
244 1.0 25.829961126625353
247 1.3010299956639813 17.92587263398071
248 1.0 16.370386131129504
258 1.4771212547196624 32.05900432440354
259 1.7781512503836436 34.168322910342354
260 1.4771212547196624 27.085761995614487
271 1.4771212547196624 27.296216475399984
278 1.3010299956639813 24.438116936080927
279 1.4771212547196624 17.734346218217127
280 1.3010299956639813 19.375567339230585
282 1.0 18.824144686242487
286 1.4771212547196624 30.579284727285547
291 1.0 17.88610079038451
297 1.0 18.44466466993366
2 1.0 25.673207973589584
327 1.0 21.408537178610665
328 1.7781512503836436 32.88047364596294
329 1.0 24.220820861806594
330 1.0 25.015154858124397
331 1.4771212547196624 26.442768047844584
333 1.0 24.251638512278973
337 1.0 17.509187404878464
338 1.0 25.829961126625353
343 1.0 22.828476621056783
344 1.0 20.86119657744264
397 1.0 34.76173337398946
399 1.0 31.06364857854412
3 1.0 25.673207973589584
446 1.0 21.762871720842014
556 1.0 21.34923713779162
559 1.0 21.174473649853873
563 1.3010299956639813 23.476641362660768
572 1.6020599913279625 29.842988809469816
577 1.6020599913279625 21.541085769479377
579 1.0 17.22512975082521
581 1.3010299956639813 25.541293855592556
582 1.3010299956639813 26.849702075967517
583 1.3010299956639813 25.011711924712642
585 1.3010299956639813 30.96669564390913
62 1.3010299956639813 20.34767568477578
646 1.0 21.019109611528222
654 1.4771212547196624 22.625506653399253
657 1.0 18.460464588544884
665 1.0 20.62218664974217
732 1.0 28.96885361670166
772 1.0 31.06364857854412
807 1.3010299956639813 24.483238969908477
808 1.0 27.292695599132404
813 1.0 16.555206772911212
816 1.0 26.40168560543113
84 1.0 25.365184410989947
867 1.0 36.43404557128479
911 1.0 21.53343177229172
954 1.0 20.62218664974217
974 1.3010299956639813 17.88251712427213
976 1.0 19.12532909112134
986 1.0 21.11229795390388
991 1.0 20.996461847748183
