1.4814860601221125
132 1.0 31.9240224086541
140 1.0 21.068838098294076
151 1.3010299956639813 28.69713041845068
153 1.0 27.124579821694358
154 1.3010299956639813 38.92312411360697
155 1.0 39.65608647202028
156 1.3010299956639813 32.80078913912944
157 1.0 27.318575173705053
162 1.3010299956639813 29.200185832126223
164 1.3010299956639813 29.060873897358988
255 1.3010299956639813 16.359891446453577
399 1.0 31.06364857854412
402 1.0 24.177242781351655
51 1.0 16.49843751688567
576 1.0 16.389629448511823
580 1.0 16.49843751688567
615 1.0 17.287230481631443
616 1.0 23.902881671535816
624 1.0 16.49972484873875
627 1.0 15.516211807091997
634 1.0 20.53889892996114
772 1.0 31.06364857854412
773 1.3010299956639813 25.098242467704086
776 1.0 20.10376748540877
777 1.0 24.177242781351655
782 1.3010299956639813 28.670617617530514
836 1.0 19.384867469169826
900 1.0 13.961964508318792
902 1.0 16.786437281709325
907 1.0 16.02381405871867
908 1.0 18.24824091238585
935 1.0 21.549494779071786
999 1.3010299956639813 16.359891446453577
