1.7695510786217261
163 1.0 27.444701699266258
164 1.4771212547196624 29.060873897358988
22 1.0 20.042266187907835
383 1.0 23.402720804995248
616 1.0 23.902881671535816
736 1.0 26.48297924216182
738 1.3010299956639813 23.256531591422583
779 1.0 28.58117033955364
780 1.4771212547196624 29.39263705080337
782 1.0 28.670617617530514
783 1.0 24.23640676791617
809 1.0 23.93775068948324
836 1.0 19.384867469169826
854 1.0 20.336569559735775
909 1.0 17.04982557935131
938 1.4771212547196624 17.906540871879564
980 1.3010299956639813 18.174623439227215
