1.5228787452803376
140 1.0 21.068838098294076
146 1.0 38.443348131520054
147 1.0 38.27432982034523
148 1.0 39.73153365749456
149 1.3010299956639813 36.714155384577936
150 1.3010299956639813 30.64451579794581
151 1.3010299956639813 28.69713041845068
152 1.0 26.43569384136088
154 1.3010299956639813 38.92312411360697
155 1.7781512503836436 39.65608647202028
156 1.6989700043360187 32.80078913912944
157 1.0 27.318575173705053
158 1.6989700043360187 40.36801588254125
159 1.0 34.663276209978875
160 1.7781512503836436 33.51414632402991
161 2.230448921378274 40.68786868352573
215 1.3010299956639813 18.71227143762001
26 1.3010299956639813 18.64575497280853
387 1.0 21.87923801272718
43 1.0 17.141090857518964
537 1.0 17.141090857518964
633 1.0 22.269887599954423
661 1.0 17.17957125410552
742 1.0 21.68833801617828
749 1.0 22.58723493033533
750 1.0 20.234721635985533
773 1.0 25.098242467704086
784 1.0 28.829559825624525
87 1.0 24.835731385689954
914 1.0 15.862380670664196
