1.5686362358410126
146 1.0 38.443348131520054
147 1.3010299956639813 38.27432982034523
148 1.4771212547196624 39.73153365749456
155 1.0 39.65608647202028
158 1.0 40.36801588254125
19 1.0 22.906892828979473
1 1.0 24.099314783282633
204 1.0 17.837739327910686
242 1.0 20.34767568477578
259 1.0 34.168322910342354
296 1.0 21.560794875219035
328 1.4771212547196624 32.88047364596294
336 1.3010299956639813 27.213017312486674
340 1.0 17.837739327910686
444 1.0 29.526890635247195
520 1.0 25.214633181541256
525 1.0 20.543320381954224
528 1.0 21.12339116570097
534 1.0 19.72223251625476
536 1.0 17.80770137278335
62 1.0 20.34767568477578
67 1.0 17.777478226009574
94 1.4771212547196624 40.42228834338309
955 1.0 19.358190264880896
968 1.3010299956639813 20.745195199857015
970 1.0 18.816376936112132
989 1.0 17.072459926998317
