1.2291479883578558
132 1.3010299956639813 31.9240224086541
134 1.3010299956639813 27.567002922119546
135 1.4771212547196624 29.53008637972915
137 1.4771212547196624 22.922196064917607
138 1.3010299956639813 22.291356872514033
141 1.0 22.083311659467373
144 1.3010299956639813 19.628955678670632
146 1.4771212547196624 38.443348131520054
147 1.9030899869919435 38.27432982034523
148 1.7781512503836436 39.73153365749456
149 1.3010299956639813 36.714155384577936
154 1.0 38.92312411360697
157 1.0 27.318575173705053
158 1.6989700043360187 40.36801588254125
159 1.0 34.663276209978875
160 1.4771212547196624 33.51414632402991
161 1.0 40.68786868352573
162 1.0 29.200185832126223
164 1.4771212547196624 29.060873897358988
244 1.0 25.829961126625353
24 1.4771212547196624 22.714650363605696
25 1.0 18.174910176754217
26 1.0 18.64575497280853
278 1.0 24.438116936080927
27 1.0 16.156094595531805
338 1.0 25.829961126625353
339 1.0 21.777753188456284
341 1.0 20.951702374187988
353 1.3010299956639813 25.406505472371265
357 1.0 16.36239469864959
441 1.0 31.735712827979288
444 1.0 29.526890635247195
471 1.4771212547196624 24.01537280312254
486 1.3010299956639813 18.698257556219072
488 1.0 18.91692636651541
494 1.0 22.47464478924292
500 1.3010299956639813 27.79974623106974
528 1.0 21.12339116570097
550 1.0 22.418090015600434
5 1.0 18.48385548625501
655 1.0 22.47464478924292
674 1.0 19.06561234581387
678 1.6020599913279625 19.909993307821388
67 1.0 17.777478226009574
68 1.3010299956639813 17.582897293622267
773 1.3010299956639813 25.098242467704086
778 1.0 25.828938051552868
807 1.0 24.483238969908477
808 1.0 27.292695599132404
812 1.0 18.445184780380607
815 1.0 20.604951603302737
816 1.3010299956639813 26.40168560543113
831 1.3010299956639813 27.79974623106974
864 1.0 22.523102482333243
867 1.0 36.43404557128479
880 1.3010299956639813 33.12096543823041
94 1.0 40.42228834338309
966 1.0 20.37474443529265
971 1.0 19.694865931417798
