1.6575773191777938
111 1.0 18.8928542926875
120 1.0 16.42166336328676
152 1.0 27.106140088612186
162 1.0 27.42647719561716
163 1.0 29.043663537477517
169 1.0 16.893122029317794
280 1.0 20.36083120666262
378 1.0 24.653480438007165
380 1.0 17.099229420425257
401 1.3010299956639813 24.1565533242725
661 1.0 19.589103365088256
735 1.0 26.464092456397857
775 1.3010299956639813 24.1565533242725
776 1.4771212547196624 25.809572659595812
777 1.3010299956639813 28.5636709471766
778 1.3010299956639813 29.375621062375156
780 1.0 28.653172853466874
781 1.0 24.215767859390553
782 1.0 28.8122112955473
834 1.0 19.359056970763802
926 1.3010299956639813 17.117590186266202
93 1.0 40.4099170367325
