1.744727494896694
134 1.3010299956639813 27.567002922119546
135 1.3010299956639813 29.53008637972915
2 1.0 25.673207973589584
3 1.0 25.673207973589584
400 1.0 19.159509087472838
413 1.0 19.441687508621293
441 1.0 31.735712827979288
729 1.0 15.185308978301347
798 1.0 16.44666201427546
800 1.0 19.870179928383198
801 1.0 21.773953133516383
802 1.0 21.49817099427365
803 1.0 16.74751991200512
809 1.6020599913279625 23.93775068948324
814 1.0 21.49817099427365
815 1.0 20.604951603302737
816 1.6989700043360187 26.40168560543113
878 1.0 27.134111744574057
