1.494850021680094
109 1.0 15.561030750337954
155 1.0 39.65608647202028
172 1.0 13.820669166643537
174 1.3010299956639813 25.443847031718235
186 1.0 17.074068216246978
19 1.3010299956639813 22.906892828979473
214 1.0 18.044528672125754
261 1.0 40.472400145134394
268 1.0 24.276039699169623
434 1.0 26.054272842923844
500 1.0 27.79974623106974
506 1.0 20.117459620901656
557 1.0 32.03860327247943
571 1.3010299956639813 19.508904785615407
572 1.3010299956639813 29.842988809469816
573 1.0 34.62164344212061
581 1.0 25.541293855592556
585 1.0 30.96669564390913
628 1.0 15.593254352876475
630 1.0 15.480740248068322
732 1.0 28.96885361670166
751 1.0 24.759982935078224
754 1.3010299956639813 21.72844942797455
831 1.0 27.79974623106974
854 1.0 20.336569559735775
882 1.0 18.91930081490118
889 1.0 17.074068216246978
895 1.0 15.682046710929198
913 1.3010299956639813 18.473312192215285
927 1.3010299956639813 18.7642269613462
92 1.0 21.402892320890444
932 1.0 22.35128407421646
