1.721246399047171
185 1.0 24.640160608655044
206 1.0 18.054340943557705
207 1.0 18.798742484766407
233 1.0 18.798742484766407
258 1.0 32.05900432440354
259 1.0 34.168322910342354
290 1.0 19.344122607461724
328 1.3010299956639813 32.88047364596294
409 1.0 18.798742484766407
501 1.0 24.640160608655044
565 1.4771212547196624 25.067378635529828
566 1.0 24.435514902659826
567 1.0 23.07027838400899
658 1.0 18.054340943557705
659 1.0 18.798742484766407
821 1.0 19.344122607461724
918 1.0 24.222096258795588
960 1.0 20.844073091142132
969 1.0 20.598971129752556
