1.3467874862246563
106 1.0 21.237877873941795
121 1.4771212547196624 25.97780851667672
122 1.0 21.918380641831487
125 1.0 19.0809900086681
131 1.0 31.908356378043813
132 1.0 31.170157473839097
146 1.0 38.26126400416704
148 1.0 36.70053413239285
184 1.0 24.619860170608522
190 1.0 30.967630313961816
211 1.0 22.03031942410671
242 1.0 17.48060764330447
244 1.0 16.48858847797927
257 1.0 32.04340428656301
259 1.4771212547196624 27.067295817703585
260 1.4771212547196624 40.46004416097286
265 1.0 23.98572466518575
267 1.4771212547196624 24.25543451426215
270 1.0 27.27789276817213
271 1.0 14.256693170752603
285 2.146128035678238 30.562929415100232
287 1.0 16.48858847797927
325 1.3010299956639813 26.246066768442137
329 1.0 24.995158982809944
330 1.0 26.423852520632007
336 1.0 17.48060764330447
457 1.3010299956639813 24.521319277035015
47 1.0 19.524027135780376
500 1.0 24.619860170608522
559 1.0 32.39203154477896
562 1.0 23.455333927936188
580 1.0 25.521710205582426
584 1.3010299956639813 30.950545053399313
661 1.0 19.589103365088256
750 1.0 24.739780818458456
820 1.0 30.967630313961816
829 1.0 24.619860170608522
865 1.6989700043360187 36.420319557775116
875 1.0 22.430004022861485
876 1.0 27.115678493576954
877 1.0 22.430004022861485
89 1.0 16.48858847797927
93 1.4771212547196624 40.4099170367325
949 1.0 14.49175317063043
985 1.0 17.667633952974512
