1.5686362358410126
132 1.0 31.9240224086541
133 1.0 31.18619433249154
134 1.0 27.567002922119546
135 1.3010299956639813 29.53008637972915
136 1.0 23.748484428238577
137 1.3010299956639813 22.922196064917607
139 1.0 17.437449700363672
148 1.0 39.73153365749456
155 1.0 39.65608647202028
158 1.0 40.36801588254125
159 1.0 34.663276209978875
160 1.0 33.51414632402991
161 1.4771212547196624 40.68786868352573
22 1.4771212547196624 20.042266187907835
348 1.0 18.44095543145629
503 1.0 24.96783731854743
540 1.0 23.36967033208018
681 1.0 17.041421373778608
682 1.0 18.092716090093774
773 1.6989700043360187 25.098242467704086
867 1.3010299956639813 36.43404557128479
877 1.0 22.452284526648562
878 1.3010299956639813 27.134111744574057
879 1.0 22.452284526648562
94 1.6020599913279625 40.42228834338309
951 1.0 25.40756427571084
975 2.079181246047625 19.03717677110868
