1.0315170514460648
104 1.0 21.315476777332258
112 1.0 16.952806137528757
128 1.0 13.531525342744336
129 1.0 13.310638814585898
134 1.0 29.51314963866556
135 1.3010299956639813 23.727421112255122
139 1.3010299956639813 21.045092986540304
13 1.3010299956639813 14.881124838959494
143 1.0 19.603466556586774
148 1.0 36.70053413239285
154 1.3010299956639813 39.64347606197456
158 1.4771212547196624 34.64884871982456
160 1.4771212547196624 40.68185651929256
161 1.3010299956639813 29.183057629910973
162 1.0 27.42647719561716
163 1.0 29.043663537477517
191 1.0 16.952806137528757
192 1.3010299956639813 19.898472476859148
197 1.0 17.97236948828946
19 1.3010299956639813 22.88505492845388
1 1.0 24.469666509833758
288 1.0 19.392382017280667
289 1.0 19.318257671242296
341 1.0 19.392382017280667
392 1.3010299956639813 14.283168530322774
393 1.0 15.71714517392524
394 1.0 13.494009199570673
395 1.4771212547196624 14.758399668360488
396 1.0 34.747346764383785
397 1.0 15.59311007460044
398 1.0 31.04754842191709
399 1.0 19.13339458833571
400 1.0 14.08378662149524
401 1.0 24.1565533242725
402 1.0 16.368602790560463
403 1.0 13.500926207151714
457 1.6020599913279625 24.521319277035015
485 1.0 18.6714979484428
486 1.0 19.08673079463014
487 1.0 18.890476520092495
499 1.0 27.781754633425805
527 1.0 21.0997074467684
539 1.0 23.34826527667759
549 1.0 22.395775493328287
593 1.0 21.456267665239462
648 1.3010299956639813 19.898472476859148
651 1.0 17.97236948828946
676 1.0 20.23539889371069
69 1.6020599913279625 26.41557398804616
740 1.0 16.495381734999228
756 1.0 12.90588969461276
768 1.0 15.59311007460044
769 1.0 19.37976637155202
76 1.0 13.459310544023309
770 1.0 31.04754842191709
771 1.4771212547196624 25.078312841330952
772 1.0 23.117420198200822
775 1.0 24.1565533242725
776 1.0 25.809572659595812
777 1.0 28.5636709471766
778 1.0 29.375621062375156
779 1.0 26.762559621671812
780 1.0 28.653172853466874
781 1.0 24.215767859390553
782 1.0 28.8122112955473
783 1.0 15.065543358973835
784 1.0 16.427467569369398
785 1.0 16.33924581085099
786 1.0 16.674504799836235
787 1.0 16.853403753588953
788 1.0 16.44195035074378
789 1.0 16.247732650957825
790 1.0 16.35543624625182
791 1.0 15.027617842401222
792 1.0 15.296720290112676
793 1.0 15.283359784295454
794 1.0 15.391766171743628
795 1.0 13.470927861124082
796 1.0 16.41623255841033
797 1.0 17.68690492205947
798 1.0 19.84500063961507
818 1.0 19.318257671242296
821 1.0 16.952806137528757
828 1.0 27.781754633425805
84 1.0 20.94724544657274
865 1.4771212547196624 36.420319557775116
872 1.0 15.596352370499325
93 1.0 40.4099170367325
956 1.3010299956639813 19.332344149929916
960 1.0 19.164284103879986
969 1.3010299956639813 20.721079216106737
976 1.0 19.01089422974206
98 1.0 15.596352370499325
