1.6989700043360187
107 1.0 21.261407681253527
197 1.0 21.73615837537494
215 1.0 18.71227143762001
231 1.0 19.843697587754125
236 1.0 23.511023087218234
242 1.0 20.34767568477578
279 1.3010299956639813 17.734346218217127
339 1.0 21.777753188456284
499 1.0 19.843697587754125
546 1.0 23.31908484052949
60 1.0 20.310156825129837
62 1.0 20.34767568477578
651 1.0 21.73615837537494
656 1.0 19.843697587754125
692 1.0 17.94337135852708
91 1.0 21.73615837537494
94 1.4771212547196624 40.42228834338309
959 1.0 19.190356568188804
975 1.0 19.03717677110868
992 1.0 33.556122085405605
