1.3010299956639813
106 1.0 21.237877873941795
121 1.3010299956639813 25.97780851667672
122 1.0 21.918380641831487
148 1.0 36.70053413239285
154 1.0 39.64347606197456
175 1.3010299956639813 22.356903676375765
186 1.0 25.345464687070297
199 1.0 22.603396897878287
208 1.0 19.715082278253885
215 1.0 16.390784482423456
229 1.0 22.603396897878287
258 1.6989700043360187 34.15368633845293
259 1.0 27.067295817703585
270 1.4771212547196624 27.27789276817213
281 1.3010299956639813 18.79756428818881
285 1.3010299956639813 30.562929415100232
327 1.6020599913279625 32.86526353435894
328 1.3010299956639813 24.20016866097684
329 1.0 24.995158982809944
330 1.3010299956639813 26.423852520632007
332 1.0 24.231012577485338
338 1.0 21.754781863703386
350 1.0 19.30862768534024
470 1.0 23.994543772969674
493 1.0 22.45238647455196
499 1.3010299956639813 27.781754633425805
526 1.3010299956639813 20.589360185649852
535 1.0 17.779601462975204
545 1.0 23.297633308982533
562 1.0 23.455333927936188
564 1.0 25.047424451568215
571 1.0 29.826229749704215
580 1.0 25.521710205582426
605 1.0 18.5040994848109
645 1.6989700043360187 20.99530825830948
646 1.0 18.504078859130104
653 1.0 22.603396897878287
654 1.0 22.45238647455196
662 1.0 19.41917384237332
676 1.0 20.23539889371069
806 1.4771212547196624 27.27436952647854
828 1.3010299956639813 27.781754633425805
83 1.0 25.345464687070297
865 1.3010299956639813 36.420319557775116
876 1.4771212547196624 27.115678493576954
878 1.0 33.105865818015594
93 1.4771212547196624 40.4099170367325
951 1.0 16.18204005064504
985 1.0 17.667633952974512
992 1.6989700043360187 20.972634792127216
