1.7958800173440752
104 1.0 21.315476777332258
135 1.0 23.727421112255122
22 1.0 20.017303363514117
249 1.0 21.570555711548227
338 1.0 21.754781863703386
413 1.3010299956639813 19.214693399908615
414 1.0 16.825205266315407
422 1.0 15.318690066440361
470 1.3010299956639813 23.994543772969674
472 1.0 20.431753744712537
502 1.0 24.947803517854027
810 1.3010299956639813 18.41805748667281
850 1.3010299956639813 21.84153000413391
867 1.0 20.329143187123556
871 1.3010299956639813 25.16854217073077
876 1.4771212547196624 27.115678493576954
