1.6197887582883939
120 1.0 16.42166336328676
121 1.0 25.97780851667672
132 1.0 31.170157473839097
199 1.3010299956639813 22.603396897878287
229 1.3010299956639813 22.603396897878287
230 1.0 19.818484653329044
277 1.0 24.417648522770687
444 1.0 16.89424162983062
447 1.0 18.6211653234297
449 1.0 15.973339287977442
450 1.0 15.76538963474183
498 1.0 19.818484653329044
531 1.0 19.203803572139346
534 1.3010299956639813 18.11192779687125
545 1.3010299956639813 23.297633308982533
610 1.0 16.926793752845303
653 1.3010299956639813 22.603396897878287
655 1.0 19.818484653329044
970 1.0 20.574683754662654
971 1.0 18.789785549650443
972 1.0 19.669462220826514
975 1.4771212547196624 17.854534961736917
979 1.0 19.907440181516993
986 1.0 19.998220484206893
