1.6197887582883939
157 1.0 40.355627938282694
158 1.0 34.64884871982456
259 1.3010299956639813 27.067295817703585
260 1.3010299956639813 40.46004416097286
262 1.3010299956639813 21.133916878571615
263 1.3010299956639813 18.961368666684063
268 1.0 28.048590371713367
269 1.0 26.08506226190013
331 1.0 26.137525464974466
398 1.3010299956639813 31.04754842191709
555 1.0 21.325804237253536
556 1.4771212547196624 32.02299329624464
557 1.3010299956639813 29.473606133346674
558 1.0 21.15084713075001
569 1.0 34.990949277994865
570 1.0 19.48325860666556
571 1.0 29.826229749704215
572 1.0 34.607198595571596
580 1.0 25.521710205582426
581 1.0 26.831073433021917
60 1.0 20.28552366248819
731 1.0 28.951588555136127
770 1.3010299956639813 31.04754842191709
961 1.0 20.820071638418433
