1.4202164033831899
158 1.3010299956639813 40.36801588254125
160 1.0 33.51414632402991
161 1.0 40.68786868352573
186 2.380211241711606 17.074068216246978
217 1.0 16.75160018454076
314 1.0 16.718741339460014
387 1.0 21.87923801272718
41 1.0 20.898009485572526
42 1.0 17.36771058332882
434 1.0 26.054272842923844
437 1.0 16.518134272484215
438 1.0 16.53113721916283
460 1.0 16.24091782837226
506 1.0 20.117459620901656
508 1.0 17.36771058332882
531 1.3010299956639813 20.572525808084006
549 1.3010299956639813 19.672691459680365
550 1.0 22.418090015600434
552 1.0 21.18617303846442
555 1.3010299956639813 22.42238581080986
557 1.4771212547196624 32.03860327247943
558 1.4771212547196624 29.49056558466878
570 1.6020599913279625 35.00523577088447
606 1.3010299956639813 18.53110082385229
773 1.0 25.098242467704086
778 1.3010299956639813 25.828938051552868
782 1.0 28.670617617530514
78 1.0 15.342485760021395
840 1.0 14.949174756130038
889 2.380211241711606 17.074068216246978
909 2.079181246047625 17.04982557935131
918 1.6989700043360187 24.222096258795588
939 1.0 19.57746517154891
944 1.3010299956639813 19.917140587765708
950 1.0 16.21290906039629
951 1.0 25.40756427571084
952 1.6989700043360187 19.20083241364576
957 1.3010299956639813 18.152757365381166
