0.7351821769904635
120 1.0 22.67074148141845
123 1.0 21.94118068747015
125 1.0 17.797417400691103
126 1.0 19.10717613125738
128 1.0 18.640638875516817
132 1.3010299956639813 31.9240224086541
134 1.0 27.567002922119546
141 1.3010299956639813 22.083311659467373
143 1.6989700043360187 21.629493927449314
174 1.7781512503836436 25.443847031718235
176 1.3010299956639813 22.379256958057034
188 1.3010299956639813 18.394820991631416
190 2.0 20.72132492096882
191 2.230448921378274 30.983771998615772
198 1.4771212547196624 18.00016847208931
1 1.6020599913279625 24.099314783282633
200 1.0 22.625506653399253
202 1.4771212547196624 16.202778266288398
205 1.0 18.460464588544884
21 1.0 18.049400889846094
230 1.0 22.625506653399253
232 1.0 18.460464588544884
236 1.0 23.511023087218234
237 1.3010299956639813 18.99543449459334
241 1.0 13.06988573628357
242 1.9030899869919435 20.34767568477578
243 1.0 17.509187404878464
24 1.3010299956639813 22.714650363605696
260 1.6989700043360187 27.085761995614487
261 1.3010299956639813 40.472400145134394
263 1.4771212547196624 21.157562303591927
264 1.7781512503836436 18.98771976077981
265 1.0 16.744108528521995
266 1.6020599913279625 24.006561347142163
269 1.3010299956639813 28.06641091839446
280 1.0 19.375567339230585
282 1.3010299956639813 18.824144686242487
285 1.3010299956639813 27.333530767834674
286 1.0 30.579284727285547
297 1.0 18.44466466993366
2 1.6989700043360187 25.673207973589584
326 1.0 26.265110333168654
327 1.6989700043360187 21.408537178610665
328 1.0 32.88047364596294
329 1.3010299956639813 24.220820861806594
331 1.0 26.442768047844584
333 1.0 24.251638512278973
337 1.0 17.509187404878464
346 1.0 17.379200642449316
348 1.0 18.44095543145629
350 1.0 18.249780831901347
352 1.0 22.315951883102834
372 1.4771212547196624 16.799196227548762
393 1.0 14.318131975422032
394 1.4771212547196624 15.748925436938276
395 1.0 13.531011945826444
396 1.0 14.792239883501855
397 1.0 34.76173337398946
398 1.6989700043360187 15.625142616904517
399 1.9030899869919435 31.06364857854412
3 1.6989700043360187 25.673207973589584
400 1.0 19.159509087472838
401 1.0 14.1192438041068
402 1.6020599913279625 24.177242781351655
403 1.0 16.399120626275778
404 1.0 13.537910047380134
41 1.0 20.898009485572526
42 1.3010299956639813 17.36771058332882
431 1.3010299956639813 21.076784861203542
433 1.4771212547196624 24.68064648083747
434 1.3010299956639813 26.054272842923844
435 1.4771212547196624 24.468548355039516
441 1.0 31.735712827979288
444 1.3010299956639813 29.526890635247195
446 1.0 21.762871720842014
460 1.0 16.24091782837226
472 1.0 26.198430887398857
473 1.0 20.456210819322695
488 1.4771212547196624 18.91692636651541
494 2.113943352306837 22.47464478924292
497 1.3010299956639813 21.557388215952543
498 1.6989700043360187 22.596184090364247
49 1.0 16.36609320638818
500 1.0 27.79974623106974
502 1.0 18.60296721930803
506 1.0 20.117459620901656
508 1.3010299956639813 17.36771058332882
50 1.3010299956639813 14.485665386192277
510 1.4771212547196624 21.594628676437562
512 2.113943352306837 21.108817330045582
515 1.6020599913279625 23.20380250236597
518 1.4771212547196624 17.902990023252144
519 1.0 20.706175002637085
528 1.0 21.12339116570097
530 1.0 17.01946628290197
561 1.4771212547196624 26.19567707123272
563 1.0 23.476641362660768
566 1.3010299956639813 24.435514902659826
572 1.845098040014257 29.842988809469816
573 1.3010299956639813 34.62164344212061
581 1.6020599913279625 25.541293855592556
582 1.0 26.849702075967517
584 1.4771212547196624 23.292766275876946
585 1.6989700043360187 30.96669564390913
592 1.3010299956639813 15.957605833185818
59 1.0 17.054311793451188
628 1.0 15.593254352876475
62 1.9030899869919435 20.34767568477578
633 1.0 22.269887599954423
635 1.0 21.5228993608598
63 1.0 17.37188739596265
652 1.4771212547196624 18.00016847208931
654 1.0 22.625506653399253
655 2.113943352306837 22.47464478924292
657 1.0 18.460464588544884
660 1.0 17.054311793451188
664 1.0 17.88199680559741
66 1.6020599913279625 17.304976281070527
670 1.0 16.652523466110832
674 1.0 19.06561234581387
678 1.6020599913279625 19.909993307821388
679 1.4771212547196624 17.421072102946884
683 1.0 17.37188739596265
691 1.0 20.252883122476465
698 1.0 13.240850542867113
701 1.0 12.96646575246668
702 1.0 13.004969592809179
732 1.0 28.96885361670166
733 1.3010299956639813 24.09659662047416
751 1.0 24.759982935078224
754 1.0 21.72844942797455
76 1.0 13.496408423001172
770 1.6989700043360187 15.625142616904517
771 2.0413926851582254 19.405549325281637
772 1.9030899869919435 31.06364857854412
773 1.0 25.098242467704086
774 1.4771212547196624 23.139038800697477
775 1.0 23.494249679152507
776 1.0 20.10376748540877
777 1.6020599913279625 24.177242781351655
778 1.0 25.828938051552868
779 1.845098040014257 28.58117033955364
780 1.0 29.39263705080337
781 1.0 26.78123592188267
782 1.0 28.670617617530514
783 1.0 24.23640676791617
784 1.0 28.829559825624525
785 1.0 15.098695198629603
786 1.0 16.457876252502427
787 1.0 16.369818376127807
788 1.0 16.704463784263226
789 1.0 16.883045284589098
790 1.0 16.472332298017896
791 1.0 16.278477087768408
792 1.0 16.385978603831017
793 1.0 15.060853163657614
794 1.0 15.329372186555613
795 1.0 15.316040163704834
796 1.0 15.424216864581213
797 1.0 13.507993834748705
798 1.0 16.44666201427546
799 1.0 17.71515186844221
7 1.0 20.662205334068826
800 1.0 19.870179928383198
807 1.0 24.483238969908477
808 1.3010299956639813 27.292695599132404
813 1.0 16.555206772911212
819 1.0 14.38700094710823
820 1.3010299956639813 18.394820991631416
822 2.0 20.72132492096882
823 2.230448921378274 30.983771998615772
829 1.3010299956639813 21.557388215952543
830 1.6989700043360187 22.596184090364247
831 1.0 27.79974623106974
833 1.3010299956639813 15.885438230900338
878 1.3010299956639813 27.134111744574057
880 1.0 33.12096543823041
911 1.4771212547196624 21.53343177229172
916 1.4771212547196624 20.322029692038072
921 1.0 16.37330158288374
92 1.0 21.402892320890444
958 1.4771212547196624 21.012855683925522
986 1.0 21.11229795390388
992 1.0 33.556122085405605
