1.8239087409443189
213 1.0 18.016798133940682
243 1.0 25.8105965022697
249 1.0 21.570555711548227
337 1.0 25.8105965022697
432 1.3010299956639813 24.66037937080602
434 1.3010299956639813 24.448105419498397
440 1.0 31.719953794102054
524 1.0 20.518967135692183
527 1.0 21.0997074467684
570 1.3010299956639813 19.48325860666556
679 1.3010299956639813 15.743631599218444
685 1.0 17.175414668708417
7 1.4771212547196624 20.637992374919182
973 1.3010299956639813 19.582782794447926
976 1.3010299956639813 19.01089422974206
