1.7695510786217261
24 1.4771212547196624 22.69262746225858
430 1.0 21.053048712370824
432 1.0 24.66037937080602
434 1.0 24.448105419498397
436 1.0 16.48783672419816
438 1.0 16.11979502108222
439 1.0 16.057639662220197
443 1.0 29.509952060039822
467 1.0 16.1416915500326
569 1.0 34.990949277994865
669 1.0 16.622470868958438
691 1.3010299956639813 17.91548424436275
745 1.0 19.115864173216895
771 1.6989700043360187 25.078312841330952
852 1.6020599913279625 20.31196842893302
854 1.0 17.26309028263445
865 1.0 36.420319557775116
