1.0315170514460648
131 1.0 31.908356378043813
132 1.4771212547196624 31.170157473839097
133 1.3010299956639813 27.54885932499107
134 1.0 29.51314963866556
135 1.3010299956639813 23.727421112255122
139 1.0 21.045092986540304
142 1.3010299956639813 21.606364977884798
143 1.0 19.603466556586774
147 1.0 39.718947201261805
153 1.0 38.91027615891787
154 1.4771212547196624 39.64347606197456
157 1.3010299956639813 40.355627938282694
158 1.0 34.64884871982456
161 1.3010299956639813 29.183057629910973
173 1.0 25.424188320838816
187 1.3010299956639813 18.36761931536485
1 1.0 24.469666509833758
215 1.0 16.390784482423456
22 1.3010299956639813 20.017303363514117
24 1.9542425094393248 22.69262746225858
260 1.0 40.46004416097286
263 1.0 18.961368666684063
27 1.3010299956639813 16.125116823755786
338 1.3010299956639813 21.754781863703386
347 1.0 18.41382190706093
348 1.0 16.926861864319864
349 1.0 18.22236264627707
350 1.3010299956639813 19.30862768534024
351 1.0 22.293535126779712
353 1.0 20.13770837631265
354 1.0 20.692190670577144
355 1.0 19.66138132966731
356 1.0 16.341214190652384
357 1.3010299956639813 14.997192520377267
389 1.6020599913279625 22.987930278533103
395 1.0 14.758399668360488
396 1.4771212547196624 34.747346764383785
406 1.0 16.1759267221591
467 1.3010299956639813 16.1416915500326
468 1.3010299956639813 13.719958553969631
485 1.0 18.6714979484428
486 1.0 19.08673079463014
488 1.0 18.786565844786978
490 1.0 18.129559630239218
497 1.0 22.57404561538827
505 1.4771212547196624 20.09259021626153
509 1.0 21.57146234433863
551 1.0 21.162559580914515
553 1.0 17.922498457011667
554 1.4771212547196624 22.40007556792627
572 1.3010299956639813 34.607198595571596
63 1.0 17.343081378405795
642 1.0 19.614776409036214
643 1.0 19.629733620293802
668 1.3010299956639813 17.727873548642012
669 1.0 16.622470868958438
670 1.6020599913279625 20.6370767184495
671 1.0 19.58191513861614
672 1.0 17.43535257958473
673 1.0 19.039369057845647
674 1.0 18.14076911717772
675 1.0 19.124732638200378
676 1.6020599913279625 20.23539889371069
677 1.0 19.89770402247368
678 1.0 17.392347547587537
67 1.0 17.749330468393577
683 1.3010299956639813 16.907222831124663
686 1.3010299956639813 17.162340194417848
689 1.6020599913279625 16.928793195831474
68 1.6020599913279625 17.554437536932625
690 1.845098040014257 20.22818021406503
691 1.4771212547196624 17.91548424436275
731 1.3010299956639813 28.951588555136127
748 1.3010299956639813 22.56508767539272
764 1.0 12.881566868953074
769 1.0 19.37976637155202
771 2.079181246047625 25.078312841330952
777 1.0 28.5636709471766
780 1.0 28.653172853466874
781 1.0 24.215767859390553
782 1.3010299956639813 28.8122112955473
805 1.0 24.462808310936932
817 1.3010299956639813 18.36761931536485
827 1.0 22.57404561538827
844 1.7781512503836436 15.562398568103088
850 1.6989700043360187 21.84153000413391
852 2.079181246047625 20.31196842893302
854 1.3010299956639813 17.26309028263445
856 1.6020599913279625 13.701356685480077
857 1.4771212547196624 17.00209968149465
865 1.3010299956639813 36.420319557775116
919 1.0 24.20144514632048
91 1.4771212547196624 21.379518228894476
