1.6020599913279623
12 1.0 13.118879320868288
305 1.3010299956639813 17.98399116678101
306 1.0 18.739668070348888
307 1.0 16.630431048976302
311 1.0 18.601480963958362
312 1.0 16.364677803659443
314 1.0 16.718741339460014
315 1.0 16.06942654142066
379 2.462397997898956 24.673753214847594
383 1.0 23.402720804995248
433 1.0 24.68064648083747
435 1.0 24.468548355039516
534 1.0 19.72223251625476
575 1.0 16.63120895803179
614 1.0 16.27710509361273
743 1.0 13.520700102068366
748 1.3010299956639813 14.04369359882837
749 1.4771212547196624 22.58723493033533
751 1.0 24.759982935078224
7 1.3010299956639813 20.662205334068826
886 1.3010299956639813 17.98399116678101
887 1.0 18.739668070348888
888 1.0 16.630431048976302
894 1.0 16.898218574553624
975 1.0 19.03717677110868
