1.721246399047171
160 1.0 40.68185651929256
184 1.0 24.619860170608522
259 1.0 27.067295817703585
31 1.0 15.945923907969867
396 2.113943352306837 34.747346764383785
398 1.0 31.04754842191709
433 1.0 26.035075059878718
472 1.3010299956639813 20.431753744712537
500 1.0 24.619860170608522
515 1.6020599913279625 20.34226440586786
559 2.255272505103306 32.39203154477896
560 1.3010299956639813 26.176582993590046
569 1.6020599913279625 34.990949277994865
582 1.0 24.99171329470656
731 1.3010299956639813 28.951588555136127
770 1.0 31.04754842191709
773 1.3010299956639813 23.472958228275314
829 1.0 24.619860170608522
871 1.0 25.16854217073077
