1.5086383061657274
132 1.3010299956639813 31.9240224086541
143 1.3010299956639813 21.629493927449314
148 1.0 39.73153365749456
159 1.0 34.663276209978875
161 1.0 40.68786868352573
162 1.0 29.200185832126223
163 1.0 27.444701699266258
164 1.0 29.060873897358988
197 1.0 21.73615837537494
21 1.0 18.049400889846094
227 1.0 16.92409468367376
22 1.3010299956639813 20.042266187907835
25 1.0 18.174910176754217
295 1.0 18.766205879960378
390 1.6020599913279625 23.009670542854348
396 1.0 14.792239883501855
441 1.0 31.735712827979288
472 1.0 26.198430887398857
488 1.0 18.91692636651541
651 1.0 21.73615837537494
670 1.0 16.652523466110832
677 1.0 20.260093000467393
67 1.0 17.777478226009574
749 1.3010299956639813 22.58723493033533
766 1.0 12.920323718828003
773 1.3010299956639813 25.098242467704086
846 1.0 15.59449419482713
856 1.0 17.292029554288533
867 1.0 36.43404557128479
91 1.0 21.73615837537494
960 1.0 20.844073091142132
