1.6197887582883939
160 1.0 40.68185651929256
162 1.3010299956639813 27.42647719561716
2 1.0 25.653725024939046
356 1.3010299956639813 16.341214190652384
3 1.0 25.653725024939046
412 1.0 19.41595254379453
433 1.0 26.035075059878718
440 1.4771212547196624 31.719953794102054
443 1.6020599913279625 29.509952060039822
497 1.0 22.57404561538827
508 1.3010299956639813 16.145707035010496
676 1.0 20.23539889371069
679 1.3010299956639813 15.743631599218444
680 1.3010299956639813 17.012055796954062
681 1.4771212547196624 18.065059521538757
731 1.6020599913279625 28.951588555136127
753 1.4771212547196624 21.70542592404138
807 1.0 23.916854058840084
827 1.0 22.57404561538827
862 1.3010299956639813 22.500892102974184
865 1.0 36.420319557775116
920 1.845098040014257 17.092496631953207
921 1.0 13.004944637534049
922 1.0 16.34273553368784
