1.1307682802690238
199 1.0 19.95515608969582
209 1.0 19.7404272810474
210 1.3010299956639813 20.74943729156614
213 1.0 19.298818028563065
214 1.0 18.044528672125754
219 1.0 20.060459993820544
226 1.0 16.343763522087997
229 1.0 19.919432784468437
234 1.3010299956639813 20.74943729156614
236 1.0 23.511023087218234
259 1.4771212547196624 34.168322910342354
260 2.0 27.085761995614487
261 2.462397997898956 40.472400145134394
263 1.0 21.157562303591927
267 1.6989700043360187 20.272569941821523
268 1.4771212547196624 24.276039699169623
269 2.079181246047625 28.06641091839446
270 1.6989700043360187 26.10422328297102
282 1.0 18.824144686242487
283 1.0 19.116081351354293
286 1.0 30.579284727285547
303 1.0 14.601394337485191
323 1.0 19.99450022605915
331 1.3010299956639813 26.442768047844584
350 1.0 18.249780831901347
399 1.4771212547196624 31.06364857854412
410 1.3010299956639813 20.74943729156614
419 1.0 17.11396415772215
436 1.0 18.15542263413017
483 1.0 14.843383405093189
503 1.0 24.96783731854743
529 1.3010299956639813 16.631082353314728
532 1.0 19.229822454648716
557 1.0 32.03860327247943
561 1.3010299956639813 26.19567707123272
563 1.0 23.476641362660768
566 1.0 24.435514902659826
570 1.0 35.00523577088447
581 1.9030899869919435 25.541293855592556
582 1.7781512503836436 26.849702075967517
583 1.6989700043360187 25.011711924712642
584 1.3010299956639813 23.292766275876946
585 2.278753600952829 30.96669564390913
606 1.9030899869919435 18.53110082385229
608 1.4771212547196624 15.484181606986061
609 1.3010299956639813 13.38381777866283
611 1.0 16.956306990360925
628 1.0 15.593254352876475
629 1.0 17.460816329506702
630 1.0 15.480740248068322
631 1.0 16.9948601162417
632 1.0 19.9752240481514
633 1.0 22.269887599954423
634 1.0 20.53889892996114
635 1.3010299956639813 21.5228993608598
636 1.0 18.05674668124595
637 1.0 16.02625467467848
639 1.0 18.00030745664779
653 1.0 19.95515608969582
733 1.0 24.09659662047416
751 1.0 24.759982935078224
772 1.4771212547196624 31.06364857854412
808 1.0 27.292695599132404
878 1.0 27.134111744574057
911 1.0 21.53343177229172
952 1.3010299956639813 19.20083241364576
963 1.0 18.42775682251999
983 1.4771212547196624 15.99285048892566
984 1.4771212547196624 17.695911660502205
985 1.9030899869919435 20.023207099137547
988 1.3010299956639813 18.29479303891827
989 1.6020599913279625 17.072459926998317
990 1.4771212547196624 19.267169356987246
992 1.0 33.556122085405605
