1.7958800173440752
135 1.0 29.53008637972915
191 1.0 30.983771998615772
258 1.0 32.05900432440354
259 1.3010299956639813 34.168322910342354
263 1.3010299956639813 21.157562303591927
2 1.0 25.673207973589584
3 1.0 25.673207973589584
428 1.0 12.932211177895763
432 1.6989700043360187 20.140245569349506
472 1.0 26.198430887398857
519 1.6989700043360187 20.706175002637085
78 1.3010299956639813 15.342485760021395
7 1.7781512503836436 20.662205334068826
808 1.0 27.292695599132404
823 1.0 30.983771998615772
882 1.0 18.91930081490118
