1.494850021680094
136 1.0 22.900372757632663
145 1.0 38.43033977941447
147 1.3010299956639813 39.718947201261805
157 1.6020599913279625 40.355627938282694
162 1.0 27.42647719561716
173 1.7781512503836436 25.424188320838816
189 2.0 20.697181124016947
190 2.278753600952829 30.967630313961816
197 1.0 17.97236948828946
1 1.3010299956639813 24.469666509833758
257 1.0 32.04340428656301
42 1.3010299956639813 17.338897626616056
459 1.3010299956639813 16.318175390056652
496 1.3010299956639813 21.534181820846815
497 1.0 22.57404561538827
507 1.3010299956639813 17.338897626616056
526 1.0 20.589360185649852
539 1.0 23.34826527667759
540 1.4771212547196624 18.8619507228725
63 1.0 17.343081378405795
651 1.0 17.97236948828946
65 1.6020599913279625 18.816428542926165
7 1.0 20.637992374919182
819 2.0 20.697181124016947
820 2.278753600952829 30.967630313961816
826 1.3010299956639813 21.534181820846815
827 1.0 22.57404561538827
86 1.0 24.815590935179138
93 2.3979400086720375 40.4099170367325
945 1.0 19.892020741815653
954 1.0 19.103786648783725
993 1.0 33.541218365030296
