1.3467874862246563
120 1.0 16.42166336328676
175 1.0 22.356903676375765
206 1.4771212547196624 18.772126118491787
211 1.0 22.03031942410671
232 1.4771212547196624 18.772126118491787
241 1.0 20.323087997959746
243 1.3010299956639813 25.8105965022697
258 1.845098040014257 34.15368633845293
260 1.3010299956639813 40.46004416097286
278 1.3010299956639813 17.70612989299446
280 1.0 20.36083120666262
282 1.0 19.08990744429096
290 1.0 17.858124243150325
327 1.3010299956639813 32.86526353435894
335 1.4771212547196624 27.194637545841633
337 1.3010299956639813 25.8105965022697
342 1.0 22.806563635018236
408 1.4771212547196624 18.772126118491787
446 1.0 17.40906918615375
447 1.0 18.6211653234297
449 1.0 15.973339287977442
502 1.0 24.947803517854027
530 1.0 20.54820717542731
532 1.0 15.834509410850428
534 1.0 18.11192779687125
538 1.0 20.55751044757001
545 1.0 23.297633308982533
546 1.0 20.3971096387274
549 1.0 22.395775493328287
576 1.4771212547196624 21.517861792661158
592 1.0 18.068207751312215
597 1.0 19.894981669475758
610 1.0 16.926793752845303
62 1.0 20.323087997959746
645 1.0 20.99530825830948
658 1.4771212547196624 18.772126118491787
661 1.0 19.589103365088256
664 1.0 20.597926648495577
666 1.0 20.41689440117043
955 1.0 20.597926648495577
958 1.0 18.125192411844907
979 1.0 19.907440181516993
987 1.9542425094393248 21.088601776656837
988 1.4771212547196624 15.586281284702965
991 1.0 19.241200976831678
