1.2218487496163564
132 1.0 31.9240224086541
133 1.4771212547196624 31.18619433249154
134 1.0 27.567002922119546
135 1.4771212547196624 29.53008637972915
136 1.3010299956639813 23.748484428238577
140 1.0 21.068838098294076
146 2.079181246047625 38.443348131520054
147 1.9542425094393248 38.27432982034523
148 1.4771212547196624 39.73153365749456
149 1.7781512503836436 36.714155384577936
150 1.4771212547196624 30.64451579794581
151 1.4771212547196624 28.69713041845068
153 1.0 27.124579821694358
154 1.0 38.92312411360697
155 1.4771212547196624 39.65608647202028
158 1.6020599913279625 40.36801588254125
159 1.0 34.663276209978875
161 1.3010299956639813 40.68786868352573
162 1.3010299956639813 29.200185832126223
189 1.3010299956639813 22.794574400913437
236 1.0 23.511023087218234
23 1.0 18.927700473196293
251 1.3010299956639813 16.101277881366933
312 1.0 16.364677803659443
335 1.0 26.592389103304416
383 1.0 23.402720804995248
390 1.0 23.009670542854348
397 1.0 34.76173337398946
436 1.0 18.15542263413017
459 1.0 24.541701226408268
51 1.0 16.49843751688567
580 1.0 16.49843751688567
627 1.0 15.516211807091997
637 1.0 16.02625467467848
638 1.0 15.377715785664936
639 1.0 18.00030745664779
648 1.3010299956639813 22.794574400913437
662 1.0 19.61461115210067
663 1.0 19.44490454387257
664 1.9542425094393248 17.88199680559741
665 1.4771212547196624 20.62218664974217
671 1.0 20.661290750656658
732 1.0 28.96885361670166
742 1.3010299956639813 21.68833801617828
749 1.3010299956639813 22.58723493033533
750 1.3010299956639813 20.234721635985533
779 1.0 28.58117033955364
780 1.6989700043360187 29.39263705080337
781 1.4771212547196624 26.78123592188267
782 1.0 28.670617617530514
783 1.3010299956639813 24.23640676791617
936 1.0 20.64389709578883
954 1.4771212547196624 20.62218664974217
955 1.0 19.358190264880896
968 1.0 20.745195199857015
981 1.3010299956639813 19.04032511818754
986 1.6020599913279625 21.11229795390388
990 1.6989700043360187 19.267169356987246
991 1.3010299956639813 20.996461847748183
993 1.3010299956639813 16.101277881366933
