1.7695510786217261
139 1.0 17.437449700363672
191 1.0 30.983771998615772
199 1.3010299956639813 19.95515608969582
229 1.3010299956639813 19.919432784468437
346 1.0 17.379200642449316
42 1.0 17.36771058332882
49 1.0 16.36609320638818
508 1.0 17.36771058332882
528 1.4771212547196624 21.12339116570097
653 1.3010299956639813 19.95515608969582
726 1.0 15.370445248663776
803 1.0 16.74751991200512
807 1.4771212547196624 24.483238969908477
809 1.0 23.93775068948324
811 1.0 19.284259305458484
823 1.0 30.983771998615772
907 1.0 16.02381405871867
