1.5528419686577808
258 1.0 34.15368633845293
259 1.0 27.067295817703585
260 2.079181246047625 40.46004416097286
263 1.0 18.961368666684063
264 1.0 16.714220604471006
268 1.0 28.048590371713367
269 1.4771212547196624 26.08506226190013
331 1.0 26.137525464974466
332 1.0 24.231012577485338
404 1.0 14.731292035069075
405 1.0 17.108838352647496
420 1.3010299956639813 22.69268235247738
457 1.3010299956639813 24.521319277035015
499 1.4771212547196624 27.781754633425805
519 1.0 25.19479562289961
555 1.4771212547196624 21.325804237253536
558 1.4771212547196624 21.15084713075001
581 1.4771212547196624 26.831073433021917
583 1.4771212547196624 23.271290483826427
584 1.3010299956639813 30.950545053399313
59 1.0 17.024968450726956
659 1.0 17.024968450726956
806 1.0 27.27436952647854
828 1.4771212547196624 27.781754633425805
838 1.0 14.879955303930068
88 1.0 17.71948261455228
919 1.3010299956639813 24.20144514632048
940 1.0 19.551908923253773
