1.4559319556497243
104 1.0 21.315476777332258
112 1.0 16.952806137528757
116 1.7781512503836436 21.142493979490386
121 1.0 25.97780851667672
127 1.0 18.613796434027876
131 1.3010299956639813 31.908356378043813
132 1.3010299956639813 31.170157473839097
134 1.0 29.51314963866556
137 1.3010299956639813 22.26891535791042
146 1.0 38.26126400416704
157 2.0 40.355627938282694
158 1.0 34.64884871982456
159 1.3010299956639813 33.49922392874927
160 1.0 40.68185651929256
161 1.0 29.183057629910973
162 1.0 27.42647719561716
163 1.0 29.043663537477517
191 1.0 16.952806137528757
326 1.3010299956639813 21.385169256471997
338 2.0413926851582254 21.754781863703386
416 1.0 18.61566394013484
457 1.0 24.521319277035015
472 1.0 20.431753744712537
556 1.4771212547196624 32.02299329624464
569 1.0 34.990949277994865
668 1.0 17.727873548642012
671 1.0 19.58191513861614
676 1.0 20.23539889371069
681 1.0 18.065059521538757
809 1.0 19.258313969819948
821 1.0 16.952806137528757
865 1.0 36.420319557775116
871 1.6020599913279625 25.16854217073077
876 1.3010299956639813 27.115678493576954
931 1.0 22.349952035011718
