1.585026652029182
122 1.0 21.918380641831487
190 1.0 30.967630313961816
204 1.0 18.43335978124768
218 1.3010299956639813 20.03551983762025
231 1.0 18.43335978124768
257 1.0 32.04340428656301
259 1.0 27.067295817703585
260 1.6020599913279625 40.46004416097286
269 1.845098040014257 26.08506226190013
2 1.4771212547196624 25.653725024939046
331 1.0 26.137525464974466
396 1.0 34.747346764383785
3 1.4771212547196624 25.653725024939046
411 1.4771212547196624 21.73531037580023
497 1.0 22.57404561538827
578 1.0 17.196077893890912
583 1.0 23.271290483826427
584 1.3010299956639813 30.950545053399313
656 1.0 18.43335978124768
805 1.6989700043360187 24.462808310936932
820 1.0 30.967630313961816
827 1.0 22.57404561538827
865 1.6020599913279625 36.420319557775116
876 1.0 27.115678493576954
91 1.0 21.379518228894476
933 1.0 22.32890278912787
