1.6382721639824072
100 1.0 15.756951807688566
188 1.0 18.394820991631416
258 1.0 32.05900432440354
260 1.0 27.085761995614487
263 1.3010299956639813 21.157562303591927
397 1.3010299956639813 34.76173337398946
399 1.0 31.06364857854412
402 1.0 24.177242781351655
458 1.9542425094393248 17.695365074715316
482 1.3010299956639813 19.755861749534457
509 1.0 16.17664537722168
561 1.0 26.19567707123272
562 1.3010299956639813 20.63816033660684
565 1.0 25.067378635529828
566 1.0 24.435514902659826
567 1.0 23.07027838400899
772 1.0 31.06364857854412
777 1.0 24.177242781351655
81 1.0 15.777603950735331
820 1.0 18.394820991631416
832 1.0 15.777603950735331
896 1.0 15.756951807688566
908 1.3010299956639813 18.24824091238585
