1.6020599913279623
121 1.0 25.97780851667672
135 1.3010299956639813 23.727421112255122
146 1.0 38.26126400416704
153 1.0 38.91027615891787
157 1.0 40.355627938282694
158 1.0 34.64884871982456
160 1.7781512503836436 40.68185651929256
24 1.0 22.69262746225858
257 1.3010299956639813 32.04340428656301
260 1.0 40.46004416097286
262 1.4771212547196624 21.133916878571615
263 1.4771212547196624 18.961368666684063
2 1.0 25.653725024939046
3 1.0 25.653725024939046
443 1.0 29.509952060039822
490 1.0 18.129559630239218
499 1.0 27.781754633425805
512 1.0 17.487616504038936
53 1.0 15.484623446241047
581 1.3010299956639813 26.831073433021917
585 1.0 15.484623446241047
828 1.0 27.781754633425805
865 1.4771212547196624 36.420319557775116
871 1.0 25.16854217073077
93 1.9030899869919435 40.4099170367325
