1.6197887582883939
120 1.0 22.67074148141845
132 1.0 31.9240224086541
154 1.0 38.92312411360697
161 1.0 40.68786868352573
162 1.0 29.200185832126223
197 1.0 21.73615837537494
228 1.0 19.271408794907185
24 1.0 22.714650363605696
260 1.0 27.085761995614487
261 1.3010299956639813 40.472400145134394
286 1.0 30.579284727285547
399 1.3010299956639813 31.06364857854412
459 1.0 24.541701226408268
562 1.4771212547196624 20.63816033660684
565 1.0 25.067378635529828
566 1.0 24.435514902659826
643 1.0 19.64025085319644
651 1.0 21.73615837537494
732 1.6989700043360187 28.96885361670166
747 1.6989700043360187 22.34898733858306
772 1.3010299956639813 31.06364857854412
91 1.0 21.73615837537494
961 1.0 18.914849636919964
982 1.0 19.85729433713603
