1.3979400086720377
109 1.0 19.715945972128416
111 1.0 18.8928542926875
185 1.0 17.044758885154558
189 1.9030899869919435 20.697181124016947
218 1.0 20.03551983762025
219 1.0 15.855377524671088
258 1.0 34.15368633845293
265 1.0 23.98572466518575
396 1.845098040014257 34.747346764383785
398 1.3010299956639813 31.04754842191709
44 1.0 15.69981269395225
455 2.0 18.409755324317654
456 1.4771212547196624 17.667086492329588
457 1.6020599913279625 24.521319277035015
479 1.0 17.044758885154558
47 1.4771212547196624 19.524027135780376
497 1.6020599913279625 22.57404561538827
499 1.4771212547196624 27.781754633425805
508 1.0 16.145707035010496
520 1.3010299956639813 15.091216218944323
551 1.3010299956639813 21.162559580914515
552 1.4771212547196624 20.441020454368555
553 1.0 17.922498457011667
556 1.4771212547196624 32.02299329624464
563 1.0 15.69981269395225
566 1.0 23.04859528725498
570 1.7781512503836436 19.48325860666556
571 1.9030899869919435 29.826229749704215
572 1.6020599913279625 34.607198595571596
770 1.3010299956639813 31.04754842191709
819 1.9030899869919435 20.697181124016947
81 1.0 15.73170187126443
827 1.6020599913279625 22.57404561538827
828 1.4771212547196624 27.781754633425805
830 1.0 15.73170187126443
871 1.0 25.16854217073077
882 1.0 15.650130639830621
915 1.0 15.830828169778773
918 1.6989700043360187 21.05942217315108
927 1.3010299956639813 15.57201869317147
