1.721246399047171
188 1.0 18.394820991631416
201 1.0 16.675223517292782
290 1.0 19.344122607461724
397 1.4771212547196624 34.76173337398946
399 1.0 31.06364857854412
460 1.0 16.24091782837226
498 1.6989700043360187 22.596184090364247
553 1.0 20.46546645488232
558 1.0 29.49056558466878
561 1.0 26.19567707123272
562 1.3010299956639813 20.63816033660684
565 1.0 25.067378635529828
566 1.0 24.435514902659826
567 1.0 23.07027838400899
772 1.0 31.06364857854412
820 1.0 18.394820991631416
821 1.0 19.344122607461724
830 1.6989700043360187 22.596184090364247
917 1.0 21.083151146519995
