1.4202164033831899
112 1.3010299956639813 16.952806137528757
113 1.0 16.83451201033724
169 1.0 16.893122029317794
172 1.3010299956639813 18.832857933573873
189 1.7781512503836436 20.697181124016947
190 1.3010299956639813 30.967630313961816
191 1.3010299956639813 16.952806137528757
218 1.4771212547196624 20.03551983762025
260 1.0 40.46004416097286
288 1.0 19.392382017280667
289 1.0 19.318257671242296
334 1.4771212547196624 26.57358007912264
341 1.0 19.392382017280667
351 1.0 22.293535126779712
396 1.0 34.747346764383785
421 1.0 19.170545066323047
435 1.0 18.127861733361883
44 1.0 15.69981269395225
494 1.0 16.83451201033724
496 1.0 21.534181820846815
499 1.3010299956639813 27.781754633425805
511 2.0413926851582254 21.085117241154542
563 1.0 15.69981269395225
670 1.0 20.6370767184495
731 1.0 28.951588555136127
818 1.0 19.318257671242296
819 1.7781512503836436 20.697181124016947
820 1.3010299956639813 30.967630313961816
821 1.3010299956639813 16.952806137528757
826 1.0 21.534181820846815
828 1.3010299956639813 27.781754633425805
86 1.3010299956639813 24.815590935179138
871 1.0 25.16854217073077
88 1.0 17.71948261455228
890 1.0 15.846061238571657
915 1.3010299956639813 15.830828169778773
91 1.0 21.379518228894476
993 1.0 33.541218365030296
