1.6989700043360187
219 1.0 20.060459993820544
247 1.6020599913279625 17.92587263398071
258 1.0 32.05900432440354
259 1.0 34.168322910342354
261 1.0 40.472400145134394
284 1.0 16.021430614511992
286 1.7781512503836436 30.579284727285547
397 1.3010299956639813 34.76173337398946
51 1.0 16.49843751688567
567 1.0 23.07027838400899
568 1.3010299956639813 16.29063286533528
570 1.4771212547196624 35.00523577088447
571 1.0 19.508904785615407
572 1.0 29.842988809469816
573 1.0 34.62164344212061
580 1.0 16.49843751688567
584 1.0 23.292766275876946
671 1.4771212547196624 20.661290750656658
911 1.0 21.53343177229172
916 1.0 20.322029692038072
