1.3279021420642825
109 1.0 15.561030750337954
170 1.3010299956639813 16.92269399053892
173 2.079181246047625 18.85938858887468
185 2.230448921378274 24.640160608655044
201 1.0 16.675223517292782
206 1.0 18.054340943557705
219 1.0 20.060459993820544
220 1.0 15.886881268828224
263 1.6020599913279625 21.157562303591927
284 1.4771212547196624 16.021430614511992
285 1.0 27.333530767834674
290 1.0 19.344122607461724
328 1.0 32.88047364596294
331 1.0 26.442768047844584
335 1.0 26.592389103304416
373 1.3010299956639813 15.930282308948243
38 1.0 15.275369084039284
399 1.0 31.06364857854412
40 1.0 13.974390039448755
412 1.0 21.758302257583633
436 1.0 18.15542263413017
44 1.0 15.731627971229939
482 1.3010299956639813 19.755861749534457
483 1.0 14.843383405093189
493 1.0 15.275369084039284
495 1.4771212547196624 16.86418674665899
497 1.0 21.557388215952543
500 1.4771212547196624 27.79974623106974
501 2.230448921378274 24.640160608655044
553 1.4771212547196624 20.46546645488232
564 1.0 15.731627971229939
593 1.0 18.09585950831236
658 1.0 18.054340943557705
714 1.0 12.854652307615794
716 1.0 12.854652307615794
772 1.0 31.06364857854412
782 1.0 28.670617617530514
78 1.0 15.342485760021395
821 1.0 19.344122607461724
829 1.0 21.557388215952543
831 1.4771212547196624 27.79974623106974
833 1.0 15.885438230900338
884 1.4771212547196624 16.86418674665899
895 1.3010299956639813 15.682046710929198
908 1.3010299956639813 18.24824091238585
917 1.3010299956639813 21.083151146519995
961 1.0 18.914849636919964
