1.5228787452803376
131 1.6020599913279625 31.908356378043813
132 1.0 31.170157473839097
133 1.3010299956639813 27.54885932499107
134 1.4771212547196624 29.51314963866556
135 1.0 23.727421112255122
142 1.0 21.606364977884798
145 1.6989700043360187 38.43033977941447
146 1.6020599913279625 38.26126400416704
147 1.7781512503836436 39.718947201261805
148 1.845098040014257 36.70053413239285
153 1.4771212547196624 38.91027615891787
154 1.4771212547196624 39.64347606197456
155 1.4771212547196624 32.78554205971943
157 1.4771212547196624 40.355627938282694
158 1.4771212547196624 34.64884871982456
159 1.4771212547196624 33.49922392874927
161 1.0 29.183057629910973
162 1.0 27.42647719561716
163 1.0 29.043663537477517
418 1.0 17.08472326939475
440 1.0 31.719953794102054
487 1.3010299956639813 18.890476520092495
488 1.0 18.786565844786978
560 1.0 26.176582993590046
676 1.4771212547196624 20.23539889371069
692 1.0 16.40475707549024
771 1.0 25.078312841330952
865 1.0 36.420319557775116
93 2.113943352306837 40.4099170367325
976 1.4771212547196624 19.01089422974206
