1.7958800173440752
132 1.0 31.9240224086541
133 1.3010299956639813 31.18619433249154
146 1.6020599913279625 38.443348131520054
147 1.6020599913279625 38.27432982034523
148 1.6020599913279625 39.73153365749456
149 1.0 36.714155384577936
154 1.3010299956639813 38.92312411360697
155 1.3010299956639813 39.65608647202028
158 1.4771212547196624 40.36801588254125
159 1.0 34.663276209978875
160 1.4771212547196624 33.51414632402991
161 2.113943352306837 40.68786868352573
162 1.6989700043360187 29.200185832126223
163 1.845098040014257 27.444701699266258
164 1.3010299956639813 29.060873897358988
488 1.0 18.91692636651541
