1.8239087409443189
146 1.3010299956639813 38.443348131520054
148 1.3010299956639813 39.73153365749456
149 1.3010299956639813 36.714155384577936
154 1.0 38.92312411360697
155 1.4771212547196624 39.65608647202028
156 1.3010299956639813 32.80078913912944
158 1.0 40.36801588254125
161 1.0 40.68786868352573
162 1.3010299956639813 29.200185832126223
164 1.0 29.060873897358988
19 1.0 22.906892828979473
679 1.3010299956639813 17.421072102946884
931 1.0 19.569247311356932
94 2.3222192947339195 40.42228834338309
992 1.0 33.556122085405605
