1.6575773191777938
125 1.0 19.0809900086681
174 1.0 18.86162482260781
259 1.4771212547196624 27.067295817703585
260 1.0 40.46004416097286
267 1.4771212547196624 24.25543451426215
268 1.3010299956639813 28.048590371713367
326 1.0 21.385169256471997
327 1.6020599913279625 32.86526353435894
328 1.0 24.20016866097684
329 1.0 24.995158982809944
398 2.0 31.04754842191709
435 1.0 18.127861733361883
53 1.3010299956639813 15.484623446241047
57 1.4771212547196624 16.138865172414302
580 1.0 25.521710205582426
584 1.3010299956639813 30.950545053399313
585 1.3010299956639813 15.484623446241047
644 1.4771212547196624 16.138865172414302
667 1.0 16.465785588330146
770 2.0 31.04754842191709
908 1.0 15.998023604552252
915 1.0 15.830828169778773
