1.7958800173440752
109 1.0 19.715945972128416
163 1.0 29.043663537477517
188 1.3010299956639813 22.772628792451215
18 1.0 14.272801310968436
396 1.0 34.747346764383785
647 1.3010299956639813 22.772628792451215
735 1.0 26.464092456397857
737 1.0 23.235022308206137
777 1.3010299956639813 28.5636709471766
778 1.0 29.375621062375156
779 1.3010299956639813 26.762559621671812
865 1.0 36.420319557775116
86 1.0 24.815590935179138
891 1.0 20.556957071190386
895 1.0 16.22969191138666
981 1.0 18.147091699710654
