1.2291479883578558
106 1.0 21.237877873941795
175 1.0 22.356903676375765
192 1.0 19.898472476859148
199 1.0 22.603396897878287
206 1.0 18.772126118491787
209 1.0 20.72532624391316
210 1.0 19.851353724768064
211 1.0 22.03031942410671
229 1.0 22.603396897878287
232 1.0 18.772126118491787
233 1.0 20.72532624391316
234 1.0 18.103713917062354
241 1.0 20.323087997959746
242 1.0 17.48060764330447
246 1.0 17.897958254775837
249 1.3010299956639813 21.570555711548227
259 1.0 27.067295817703585
260 1.0 40.46004416097286
277 1.0 24.417648522770687
336 1.0 17.48060764330447
398 1.0 31.04754842191709
408 1.0 18.772126118491787
409 1.0 20.72532624391316
410 1.0 18.329720020247976
413 1.0 19.214693399908615
433 1.0 26.035075059878718
490 1.0 18.129559630239218
505 1.0 20.09259021626153
535 1.0 17.779601462975204
541 1.0 19.703508556272116
545 1.0 23.297633308982533
546 1.0 20.3971096387274
549 1.0 22.395775493328287
557 1.0 29.473606133346674
561 1.0 20.6139191343978
564 1.0 25.047424451568215
571 1.0 29.826229749704215
60 1.0 20.28552366248819
62 1.0 20.323087997959746
648 1.0 19.898472476859148
653 1.0 22.603396897878287
658 1.0 18.772126118491787
663 1.0 17.854013827579386
666 1.0 20.41689440117043
670 1.0 20.6370767184495
746 1.0 22.32660375113389
770 1.0 31.04754842191709
876 1.0 27.115678493576954
889 1.0 15.099016185383055
939 1.0 17.878596309450398
93 1.3010299956639813 40.4099170367325
972 1.0 19.669462220826514
973 1.0 19.582782794447926
975 1.0 17.854534961736917
979 1.0 19.907440181516993
980 1.0 17.619733479266785
987 1.0 21.088601776656837
991 1.0 19.241200976831678
993 1.0 33.541218365030296
