1.6197887582883939
109 1.0 19.715945972128416
132 1.0 31.170157473839097
135 1.0 23.727421112255122
157 1.0 40.355627938282694
185 1.0 17.044758885154558
288 1.0 19.392382017280667
289 1.0 19.318257671242296
341 1.0 19.392382017280667
416 1.0 18.61566394013484
479 1.0 17.044758885154558
502 1.0 24.947803517854027
664 1.0 20.597926648495577
665 1.0 21.956288146883587
799 1.0 21.750977795505374
800 1.0 21.474900607430737
807 1.0 23.916854058840084
812 1.0 21.474900607430737
818 1.0 19.318257671242296
86 1.0 24.815590935179138
932 1.0 19.543680316998906
93 1.0 40.4099170367325
941 1.0 16.02177904462421
955 1.0 20.597926648495577
956 1.0 19.332344149929916
