1.6020599913279623
203 1.0 17.809686811690188
209 1.0 20.72532624391316
233 1.0 20.72532624391316
249 1.0 21.570555711548227
322 1.0 19.969477691964787
339 1.0 17.809686811690188
409 1.0 20.72532624391316
445 1.0 21.739884671677192
546 1.0 20.3971096387274
549 1.0 22.395775493328287
642 1.0 19.614776409036214
661 1.0 19.589103365088256
662 1.3010299956639813 19.41917384237332
665 1.4771212547196624 21.956288146883587
680 1.0 17.012055796954062
942 1.4771212547196624 17.99083394469146
945 1.0 19.892020741815653
952 1.3010299956639813 25.38787746985513
961 1.0 20.820071638418433
976 1.0 19.01089422974206
978 1.0 17.34793605111952
980 1.0 17.619733479266785
983 1.3010299956639813 19.832098688531545
992 1.0 20.972634792127216
993 2.113943352306837 33.541218365030296
