1.3665315444204134
158 1.0 34.64884871982456
160 1.0 40.68185651929256
173 1.6020599913279625 25.424188320838816
186 1.0 25.345464687070297
187 1.0 18.36761931536485
198 1.0 19.930084158480717
228 1.0 19.894315832793946
242 1.3010299956639813 17.48060764330447
244 1.0 16.48858847797927
246 1.3010299956639813 17.897958254775837
257 1.0 32.04340428656301
266 1.0 20.247891051811926
287 1.0 16.48858847797927
290 1.0 17.858124243150325
325 1.0 26.246066768442137
334 1.6020599913279625 26.57358007912264
336 1.3010299956639813 17.48060764330447
398 1.0 31.04754842191709
436 1.0 16.48783672419816
437 1.0 16.500863545850883
443 1.0 29.509952060039822
505 1.0 20.09259021626153
509 1.0 21.57146234433863
511 1.0 21.085117241154542
551 1.0 21.162559580914515
557 1.0 29.473606133346674
562 1.3010299956639813 23.455333927936188
564 1.0 25.047424451568215
565 1.0 24.415044307928472
566 1.0 23.04859528725498
571 2.079181246047625 29.826229749704215
572 1.3010299956639813 34.607198595571596
578 1.0 17.196077893890912
583 1.0 23.271290483826427
593 1.0 21.456267665239462
652 1.0 19.930084158480717
769 1.0 19.37976637155202
770 1.0 31.04754842191709
817 1.0 18.36761931536485
83 1.0 25.345464687070297
89 1.0 16.48858847797927
924 1.0 13.266168190220418
982 1.0 19.01404692868626
