1.6575773191777938
160 1.0 40.68185651929256
172 1.0 18.832857933573873
190 1.0 30.967630313961816
197 1.0 17.97236948828946
325 1.0 26.246066768442137
496 1.0 21.534181820846815
497 1.0 22.57404561538827
562 1.0 23.455333927936188
566 1.0 23.04859528725498
651 1.0 17.97236948828946
772 1.0 23.117420198200822
776 1.0 25.809572659595812
778 1.3010299956639813 29.375621062375156
780 1.3010299956639813 28.653172853466874
782 1.0 28.8122112955473
820 1.0 30.967630313961816
826 1.0 21.534181820846815
827 1.0 22.57404561538827
943 1.0 19.424340488107244
954 1.0 19.103786648783725
977 1.0 19.099167857362065
991 1.0 19.241200976831678
