1.6197887582883939
119 1.0 14.585078329436863
121 1.0 16.452082774442715
176 1.3010299956639813 22.379256958057034
231 1.3010299956639813 19.843697587754125
282 1.3010299956639813 18.824144686242487
390 1.0 23.009670542854348
396 1.845098040014257 14.792239883501855
399 1.6989700043360187 31.06364857854412
499 1.3010299956639813 19.843697587754125
502 1.3010299956639813 18.60296721930803
656 1.3010299956639813 19.843697587754125
759 1.0 12.830722662770283
763 1.0 12.854652307615794
764 1.0 12.854652307615794
765 1.0 12.795752971248673
766 1.0 12.920323718828003
767 1.0 12.84269305867385
769 1.0 12.90842531252077
772 1.6989700043360187 31.06364857854412
918 1.0 24.222096258795588
92 1.0 21.402892320890444
939 1.6989700043360187 19.57746517154891
93 1.0 19.110011561305157
942 1.0 19.45006435459591
