1.337242168318426
117 1.3010299956639813 21.166129822732998
135 1.0 29.53008637972915
159 1.0 34.663276209978875
162 1.3010299956639813 29.200185832126223
163 1.0 27.444701699266258
191 1.0 30.983771998615772
208 1.0 18.083445948480012
225 1.0 18.083445948480012
231 1.0 19.843697587754125
242 1.0 20.34767568477578
282 1.0 18.824144686242487
285 1.0 27.333530767834674
325 1.4771212547196624 15.755311297820837
326 1.0 26.265110333168654
327 1.3010299956639813 21.408537178610665
328 1.3010299956639813 32.88047364596294
329 1.0 24.220820861806594
330 1.0 25.015154858124397
331 1.0 26.442768047844584
333 1.0 24.251638512278973
399 1.0 31.06364857854412
421 1.0 22.714705200606023
433 1.0 24.68064648083747
435 1.0 24.468548355039516
497 1.0 21.557388215952543
499 1.0 19.843697587754125
505 1.0 17.827254209129045
526 1.0 17.752415668623385
527 1.0 20.61363026869414
536 1.0 17.80770137278335
557 1.3010299956639813 32.03860327247943
558 1.0 29.49056558466878
561 1.0 26.19567707123272
572 1.3010299956639813 29.842988809469816
573 1.0 34.62164344212061
579 1.0 17.22512975082521
57 1.0 16.169816605433944
585 1.3010299956639813 30.96669564390913
62 1.0 20.34767568477578
645 1.0 16.169816605433944
656 1.0 19.843697587754125
772 1.0 31.06364857854412
823 1.0 30.983771998615772
829 1.0 21.557388215952543
873 1.0 25.188400405739408
907 1.3010299956639813 16.02381405871867
