1.6382721639824072
134 1.0 27.567002922119546
139 1.0 17.437449700363672
191 1.0 30.983771998615772
258 1.0 32.05900432440354
260 1.0 27.085761995614487
286 1.0 30.579284727285547
328 1.6989700043360187 32.88047364596294
329 1.0 24.220820861806594
330 1.0 25.015154858124397
333 1.0 24.251638512278973
556 1.3010299956639813 21.34923713779162
559 1.3010299956639813 21.174473649853873
560 1.4771212547196624 32.40746376373745
561 1.0 26.19567707123272
563 1.3010299956639813 23.476641362660768
567 1.0 23.07027838400899
570 1.3010299956639813 35.00523577088447
572 1.9542425094393248 29.842988809469816
581 1.0 25.541293855592556
582 1.0 26.849702075967517
634 1.0 20.53889892996114
823 1.0 30.983771998615772
955 1.0 19.358190264880896
