1.5086383061657274
133 1.0 27.54885932499107
134 1.0 29.51314963866556
138 1.0 17.408752168168547
204 1.4771212547196624 18.43335978124768
231 1.4771212547196624 18.43335978124768
257 1.0 32.04340428656301
280 1.3010299956639813 20.36083120666262
281 1.0 18.79756428818881
285 1.0 30.562929415100232
326 1.0 21.385169256471997
327 1.7781512503836436 32.86526353435894
328 1.3010299956639813 24.20016866097684
329 1.4771212547196624 24.995158982809944
330 1.0 26.423852520632007
343 1.4771212547196624 20.837214848503734
345 1.0 17.350406766716183
398 1.0 31.04754842191709
43 1.0 17.11189632348561
451 1.0 15.618485608068163
470 1.3010299956639813 23.994543772969674
49 1.0 16.335513669309126
536 1.0 17.11189632348561
571 1.3010299956639813 29.826229749704215
581 1.0 26.831073433021917
59 1.0 17.024968450726956
656 1.4771212547196624 18.43335978124768
659 1.0 17.024968450726956
660 1.3010299956639813 17.15044222388708
770 1.0 31.04754842191709
865 1.6020599913279625 36.420319557775116
871 1.0 25.16854217073077
