1.6777807052660807
157 1.0 27.318575173705053
162 1.3010299956639813 29.200185832126223
163 1.0 27.444701699266258
244 1.3010299956639813 25.829961126625353
336 1.0 27.213017312486674
338 1.3010299956639813 25.829961126625353
379 1.0 24.673753214847594
402 1.0 24.177242781351655
436 1.0 18.15542263413017
441 1.0 31.735712827979288
448 1.0 18.647997157938995
482 1.0 19.755861749534457
547 1.3010299956639813 20.421608203426736
616 1.0 23.902881671535816
746 1.0 19.14200258825803
777 1.0 24.177242781351655
784 1.0 28.829559825624525
836 1.0 19.384867469169826
846 1.0 15.59449419482713
951 1.0 25.40756427571084
995 1.0 16.320376040179806
