1.6989700043360187
111 1.3010299956639813 16.152248564614663
155 1.0 39.65608647202028
156 1.0 32.80078913912944
244 1.3010299956639813 25.829961126625353
250 1.0 21.593723016307443
319 1.0 15.794383648680418
338 1.3010299956639813 25.829961126625353
402 1.0 24.177242781351655
634 1.4771212547196624 20.53889892996114
736 1.0 26.48297924216182
738 1.0 23.256531591422583
777 1.0 24.177242781351655
778 1.3010299956639813 25.828938051552868
779 1.0 28.58117033955364
783 1.0 24.23640676791617
836 1.0 19.384867469169826
87 1.0 24.835731385689954
908 1.0 18.24824091238585
935 1.0 21.549494779071786
953 1.0 19.129941566095997
