1.7695510786217261
133 1.3010299956639813 31.18619433249154
146 1.0 38.443348131520054
148 1.0 39.73153365749456
24 1.0 22.714650363605696
319 1.0 15.794383648680418
383 1.0 23.402720804995248
390 1.0 23.009670542854348
416 1.0 19.445006257673224
472 1.0 26.198430887398857
629 1.4771212547196624 17.460816329506702
65 1.0 18.842982330593173
784 1.0 28.829559825624525
801 1.0 21.773953133516383
802 1.0 21.49817099427365
814 1.0 21.49817099427365
952 1.0 19.20083241364576
992 1.0 33.556122085405605
