1.7958800173440752
153 1.0 27.124579821694358
158 1.0 40.36801588254125
189 1.3010299956639813 22.794574400913437
278 1.0 24.438116936080927
379 1.6020599913279625 24.673753214847594
387 1.0 21.87923801272718
621 1.0 15.932112845694121
648 1.3010299956639813 22.794574400913437
780 1.0 29.39263705080337
781 1.3010299956639813 26.78123592188267
782 1.0 28.670617617530514
783 1.0 24.23640676791617
784 2.0 28.829559825624525
87 1.3010299956639813 24.835731385689954
908 1.0 18.24824091238585
94 1.0 40.42228834338309
