1.0861861476162833
104 1.0 21.315476777332258
116 1.0 21.142493979490386
119 1.0 22.648675884415564
120 1.4771212547196624 16.42166336328676
121 1.4771212547196624 25.97780851667672
122 1.4771212547196624 21.918380641831487
124 1.0 17.76930122808498
127 1.0 18.613796434027876
131 1.4771212547196624 31.908356378043813
132 1.4771212547196624 31.170157473839097
133 1.3010299956639813 27.54885932499107
134 1.0 29.51314963866556
135 1.0 23.727421112255122
136 1.0 22.900372757632663
137 1.0 22.26891535791042
138 1.0 17.408752168168547
141 1.0 19.014107610916184
143 1.0 19.603466556586774
175 1.3010299956639813 22.356903676375765
189 1.0 20.697181124016947
190 1.3010299956639813 30.967630313961816
209 1.0 20.72532624391316
233 1.0 20.72532624391316
239 1.0 15.026860203291795
244 1.0 16.48858847797927
257 1.0 32.04340428656301
260 1.4771212547196624 40.46004416097286
264 1.0 16.714220604471006
267 1.3010299956639813 24.25543451426215
269 1.0 26.08506226190013
278 1.0 17.70612989299446
285 1.0 30.562929415100232
287 1.0 16.48858847797927
325 1.0 26.246066768442137
326 1.3010299956639813 21.385169256471997
328 1.0 24.20016866097684
329 1.0 24.995158982809944
330 1.0 26.423852520632007
331 1.0 26.137525464974466
332 1.3010299956639813 24.231012577485338
334 1.0 26.57358007912264
350 1.0 19.30862768534024
351 1.0 22.293535126779712
404 1.0 14.731292035069075
405 1.0 17.108838352647496
409 1.0 20.72532624391316
420 1.6989700043360187 22.69268235247738
486 1.0 19.08673079463014
496 1.0 21.534181820846815
499 1.6989700043360187 27.781754633425805
524 1.0 20.518967135692183
528 1.0 16.600990941589497
529 1.0 16.990062759002303
556 1.0 32.02299329624464
557 1.0 29.473606133346674
559 1.6020599913279625 32.39203154477896
578 1.4771212547196624 17.196077893890912
581 2.113943352306837 26.831073433021917
584 1.0 30.950545053399313
5 1.0 18.45678502981382
664 1.0 20.597926648495577
666 1.0 20.41689440117043
671 1.0 19.58191513861614
673 1.0 19.039369057845647
676 1.0 20.23539889371069
805 1.0 24.462808310936932
806 1.0 27.27436952647854
814 1.4771212547196624 26.382740623521833
819 1.0 20.697181124016947
820 1.3010299956639813 30.967630313961816
826 1.0 21.534181820846815
828 1.6989700043360187 27.781754633425805
876 1.0 27.115678493576954
89 1.0 16.48858847797927
912 2.1760912590556813 21.510199531662707
917 1.845098040014257 20.297410938444266
91 1.0 21.379518228894476
952 1.3010299956639813 25.38787746985513
955 1.0 20.597926648495577
958 1.0 18.125192411844907
962 1.4771212547196624 18.888396882406173
979 1.0 19.907440181516993
