1.1487416512809248
116 1.3010299956639813 21.142493979490386
121 1.4771212547196624 25.97780851667672
122 1.4771212547196624 21.918380641831487
127 1.3010299956639813 18.613796434027876
188 1.0 22.772628792451215
190 1.3010299956639813 30.967630313961816
197 1.0 17.97236948828946
257 1.6020599913279625 32.04340428656301
258 1.3010299956639813 34.15368633845293
259 2.079181246047625 27.067295817703585
260 1.9030899869919435 40.46004416097286
262 1.3010299956639813 21.133916878571615
263 1.4771212547196624 18.961368666684063
265 1.6989700043360187 23.98572466518575
268 1.0 28.048590371713367
269 1.6989700043360187 26.08506226190013
270 1.0 27.27789276817213
330 1.0 26.423852520632007
331 1.0 26.137525464974466
332 1.4771212547196624 24.231012577485338
398 1.6020599913279625 31.04754842191709
41 1.0 20.87407005016222
457 1.3010299956639813 24.521319277035015
470 1.845098040014257 23.994543772969674
496 1.0 21.534181820846815
504 1.0 17.799185167779708
509 1.3010299956639813 21.57146234433863
514 1.0 23.1822442953396
519 1.0 25.19479562289961
552 1.0 20.441020454368555
553 1.9542425094393248 17.922498457011667
554 1.9030899869919435 22.40007556792627
555 1.0 21.325804237253536
556 1.3010299956639813 32.02299329624464
557 1.0 29.473606133346674
558 1.0 21.15084713075001
559 1.6020599913279625 32.39203154477896
560 1.6020599913279625 26.176582993590046
568 1.0 21.196876683380644
569 1.6989700043360187 34.990949277994865
570 1.0 19.48325860666556
571 1.9542425094393248 29.826229749704215
572 1.4771212547196624 34.607198595571596
580 1.9542425094393248 25.521710205582426
581 1.6020599913279625 26.831073433021917
583 1.3010299956639813 23.271290483826427
584 1.4771212547196624 30.950545053399313
5 1.845098040014257 18.45678502981382
630 1.0 16.96541394633868
647 1.0 22.772628792451215
651 1.0 17.97236948828946
688 1.0 16.363787416979306
68 1.0 17.554437536932625
691 1.0 17.91548424436275
731 1.4771212547196624 28.951588555136127
770 1.6020599913279625 31.04754842191709
772 1.0 23.117420198200822
805 1.4771212547196624 24.462808310936932
806 1.6020599913279625 27.27436952647854
820 1.3010299956639813 30.967630313961816
826 1.0 21.534181820846815
84 1.0 20.94724544657274
865 2.414973347970818 36.420319557775116
871 1.7781512503836436 25.16854217073077
876 1.9030899869919435 27.115678493576954
878 1.9542425094393248 33.105865818015594
903 1.0 16.756624857433575
918 1.0 21.05942217315108
91 1.0 21.379518228894476
936 1.0 21.526279874452115
985 1.0 17.667633952974512
