1.1739251972991736
116 1.3010299956639813 21.142493979490386
119 1.6020599913279625 22.648675884415564
120 1.0 16.42166336328676
121 1.0 25.97780851667672
122 1.0 21.918380641831487
124 1.0 17.76930122808498
127 1.3010299956639813 18.613796434027876
186 1.3010299956639813 25.345464687070297
190 1.0 30.967630313961816
196 1.0 21.713143045615993
199 1.0 22.603396897878287
207 1.0 18.0557751805786
224 1.0 18.0557751805786
226 1.0 16.894525174208198
229 1.0 22.603396897878287
243 1.4771212547196624 25.8105965022697
246 1.3010299956639813 17.897958254775837
248 1.3010299956639813 22.73469994483774
249 1.0 21.570555711548227
258 1.6020599913279625 34.15368633845293
259 2.3979400086720375 27.067295817703585
260 1.4771212547196624 40.46004416097286
268 1.0 28.048590371713367
270 1.0 27.27789276817213
278 1.0 17.70612989299446
285 1.3010299956639813 30.562929415100232
301 1.0 15.848797334570648
335 1.3010299956639813 27.194637545841633
337 1.4771212547196624 25.8105965022697
433 1.4771212547196624 26.035075059878718
445 1.3010299956639813 21.739884671677192
518 1.0 20.682013519960595
519 1.0 25.19479562289961
524 1.0 20.518967135692183
529 1.0 16.990062759002303
533 1.0 19.696864101303447
535 1.0 17.779601462975204
539 1.0 23.34826527667759
53 1.0 15.484623446241047
545 1.0 23.297633308982533
557 1.0 29.473606133346674
559 1.0 32.39203154477896
568 1.0 21.196876683380644
569 1.3010299956639813 34.990949277994865
571 1.0 29.826229749704215
572 1.0 34.607198595571596
580 2.204119982655925 25.521710205582426
584 1.0 30.950545053399313
585 1.0 15.484623446241047
593 1.0 21.456267665239462
594 1.0 13.009307666040192
599 1.0 18.573663222245116
650 1.0 21.713143045615993
653 1.0 22.603396897878287
662 1.0 19.41917384237332
820 1.0 30.967630313961816
83 1.3010299956639813 25.345464687070297
90 1.0 21.713143045615993
936 1.0 21.526279874452115
947 1.0 19.45698562548774
956 1.0 19.332344149929916
967 1.0 20.350189453749287
969 1.0 20.721079216106737
974 1.0 18.84312245235009
980 1.3010299956639813 17.619733479266785
984 1.0 15.961555900385454
985 1.0 17.667633952974512
