1.8239087409443189
397 1.0 34.76173337398946
432 1.3010299956639813 20.140245569349506
441 1.0 31.735712827979288
444 1.3010299956639813 29.526890635247195
500 1.0 27.79974623106974
514 1.3010299956639813 19.011194543423425
572 1.4771212547196624 29.842988809469816
573 1.3010299956639813 34.62164344212061
831 1.0 27.79974623106974
922 1.6989700043360187 21.35873785771627
927 1.3010299956639813 18.7642269613462
92 1.0 21.402892320890444
930 1.0 22.37231226242215
932 1.6989700043360187 22.35128407421646
933 1.0 19.069899742909588
