1.4685210829577449
132 1.4771212547196624 31.9240224086541
133 1.0 31.18619433249154
136 1.3010299956639813 23.748484428238577
137 1.0 22.922196064917607
140 1.0 21.068838098294076
143 1.3010299956639813 21.629493927449314
146 1.6020599913279625 38.443348131520054
147 1.0 38.27432982034523
148 1.3010299956639813 39.73153365749456
149 1.3010299956639813 36.714155384577936
150 1.6020599913279625 30.64451579794581
152 1.0 26.43569384136088
153 1.0 27.124579821694358
154 1.0 38.92312411360697
155 1.3010299956639813 39.65608647202028
158 2.1760912590556813 40.36801588254125
159 1.6989700043360187 34.663276209978875
160 1.0 33.51414632402991
161 1.3010299956639813 40.68786868352573
162 1.7781512503836436 29.200185832126223
163 1.845098040014257 27.444701699266258
164 1.845098040014257 29.060873897358988
22 1.0 20.042266187907835
383 1.0 23.402720804995248
387 1.0 21.87923801272718
390 1.0 23.009670542854348
742 1.0 21.68833801617828
749 1.0 22.58723493033533
750 1.0 20.234721635985533
773 1.0 25.098242467704086
780 1.3010299956639813 29.39263705080337
781 1.6020599913279625 26.78123592188267
782 1.3010299956639813 28.670617617530514
980 1.0 18.174623439227215
