1.494850021680094
108 1.4771212547196624 15.676749598065259
132 1.0 31.170157473839097
133 1.3010299956639813 27.54885932499107
138 1.4771212547196624 17.408752168168547
189 1.0 20.697181124016947
190 1.845098040014257 30.967630313961816
1 1.0 24.469666509833758
218 1.6989700043360187 20.03551983762025
2 1.0 25.653725024939046
374 1.3010299956639813 18.047953588423393
396 2.0 34.747346764383785
3 1.0 25.653725024939046
411 1.0 21.73531037580023
41 1.0 20.87407005016222
47 1.4771212547196624 19.524027135780376
483 1.0 16.072305173973206
493 1.0 22.45238647455196
501 1.0 18.576070342315386
562 1.0 23.455333927936188
564 1.0 25.047424451568215
654 1.0 22.45238647455196
676 1.3010299956639813 20.23539889371069
732 1.0 24.075837860598885
750 1.0 24.739780818458456
819 1.0 20.697181124016947
820 1.845098040014257 30.967630313961816
854 1.0 17.26309028263445
889 1.6020599913279625 15.099016185383055
894 1.0 16.508326051842978
91 1.3010299956639813 21.379518228894476
933 1.4771212547196624 22.32890278912787
99 1.0 16.508326051842978
