1.6575773191777938
123 1.0 21.94118068747015
127 1.0 17.367910512582892
235 1.0 18.131311524289607
236 1.0 23.511023087218234
263 1.0 21.157562303591927
327 1.3010299956639813 21.408537178610665
328 1.0 32.88047364596294
330 1.0 25.015154858124397
516 1.3010299956639813 20.36682894213624
520 1.3010299956639813 25.214633181541256
552 1.0 21.18617303846442
557 1.0 32.03860327247943
558 1.0 29.49056558466878
560 1.3010299956639813 32.40746376373745
566 1.0 24.435514902659826
570 1.0 35.00523577088447
572 1.0 29.842988809469816
741 1.0 16.52566545054529
808 1.0 27.292695599132404
959 1.0 19.190356568188804
963 1.0 18.42775682251999
968 1.3010299956639813 20.745195199857015
