1.494850021680094
154 1.0 39.64347606197456
188 1.845098040014257 22.772628792451215
208 1.3010299956639813 19.715082278253885
215 1.0 16.390784482423456
235 1.0 23.489746840008912
301 1.0 15.848797334570648
334 1.9030899869919435 26.57358007912264
340 1.0 20.927824358412284
345 1.0 17.350406766716183
42 1.0 17.338897626616056
499 1.7781512503836436 27.781754633425805
507 1.0 17.338897626616056
526 1.7781512503836436 20.589360185649852
592 1.3010299956639813 18.068207751312215
597 1.0 19.894981669475758
647 1.845098040014257 22.772628792451215
66 1.0 17.276058696601304
670 1.0 20.6370767184495
672 1.0 17.43535257958473
777 1.0 28.5636709471766
778 1.0 29.375621062375156
779 2.778151250383644 26.762559621671812
780 2.0413926851582254 28.653172853466874
781 2.5440680443502757 24.215767859390553
782 1.9542425094393248 28.8122112955473
828 1.7781512503836436 27.781754633425805
86 1.845098040014257 24.815590935179138
919 1.3010299956639813 24.20144514632048
93 1.0 40.4099170367325
940 1.6020599913279625 19.551908923253773
943 1.0 19.424340488107244
957 1.3010299956639813 20.46054266240951
