1.585026652029182
206 1.0 18.054340943557705
219 1.0 20.060459993820544
275 1.3010299956639813 17.353484581504098
278 1.4771212547196624 24.438116936080927
281 1.0 20.385373369801357
282 1.0 18.824144686242487
285 1.3010299956639813 27.333530767834674
296 1.0 21.560794875219035
323 1.3010299956639813 19.99450022605915
326 1.0 26.265110333168654
328 1.0 32.88047364596294
402 1.4771212547196624 24.177242781351655
520 1.0 25.214633181541256
551 1.0 15.64922422599311
593 1.0 18.09585950831236
594 1.3010299956639813 21.479558238529965
60 1.0 20.310156825129837
658 1.0 18.054340943557705
665 1.0 20.62218664974217
667 1.0 20.441369254248713
777 1.4771212547196624 24.177242781351655
779 1.4771212547196624 28.58117033955364
812 1.0 18.445184780380607
951 1.0 25.40756427571084
953 1.4771212547196624 19.129941566095997
954 1.0 20.62218664974217
