1.7695510786217261
19 1.4771212547196624 22.906892828979473
206 1.3010299956639813 18.054340943557705
249 1.0 22.75668213035031
274 1.0 16.400153272087692
346 1.0 17.379200642449316
372 1.0 16.799196227548762
415 1.0 16.854896388101817
43 1.0 17.141090857518964
519 1.0 20.706175002637085
531 1.0 20.572525808084006
537 1.0 17.141090857518964
54 1.0 16.35174061696333
589 1.0 16.35174061696333
647 1.0 18.531080228224845
658 1.3010299956639813 18.054340943557705
700 1.0 13.016779750010134
963 1.0 18.42775682251999
