1.5686362358410126
161 1.0 40.68786868352573
250 1.3010299956639813 21.593723016307443
259 1.0 34.168322910342354
276 1.0 20.303531424387252
278 1.4771212547196624 24.438116936080927
285 1.4771212547196624 27.333530767834674
2 1.0 25.673207973589584
375 1.3010299956639813 18.075636329874662
3 1.0 25.673207973589584
414 1.3010299956639813 19.240697556286563
444 1.0 29.526890635247195
514 1.0 19.011194543423425
51 1.0 16.49843751688567
522 1.0 16.167444031550037
580 1.0 16.49843751688567
668 1.0 16.496123636808157
690 1.0 16.958302953633954
691 1.0 20.252883122476465
733 1.0 24.09659662047416
751 1.0 24.759982935078224
775 1.0 23.494249679152507
776 1.3010299956639813 20.10376748540877
77 1.0 16.90578733542276
817 1.0 16.90578733542276
929 1.9030899869919435 15.284913596427298
955 1.0 19.358190264880896
968 1.0 20.745195199857015
