0.8181564120552274
100 1.0 12.893490060867618
101 1.0 13.047685080108735
102 1.0 12.997490719339234
103 1.0 13.047685080108735
104 1.0 21.315476777332258
105 1.0 12.97081670326476
106 1.0 21.237877873941795
107 1.0 13.08594994448978
111 1.4771212547196624 18.8928542926875
112 1.0 16.952806137528757
131 1.4771212547196624 31.908356378043813
132 1.4771212547196624 31.170157473839097
133 1.4771212547196624 27.54885932499107
134 1.4771212547196624 29.51314963866556
135 1.3010299956639813 23.727421112255122
137 1.3010299956639813 22.26891535791042
141 1.3010299956639813 19.014107610916184
143 1.0 19.603466556586774
145 2.361727836017593 38.43033977941447
146 2.414973347970818 38.26126400416704
147 2.146128035678238 39.718947201261805
148 2.146128035678238 36.70053413239285
149 1.6989700043360187 30.628195318865107
150 2.079181246047625 28.679701781112843
151 1.845098040014257 26.41677324871767
152 1.9030899869919435 27.106140088612186
153 1.4771212547196624 38.91027615891787
154 1.4771212547196624 39.64347606197456
155 1.0 32.78554205971943
156 1.0 27.300266473449927
157 2.0 40.355627938282694
158 2.0 34.64884871982456
159 2.230448921378274 33.49922392874927
160 2.3979400086720375 40.68185651929256
161 1.9542425094393248 29.183057629910973
162 1.845098040014257 27.42647719561716
163 1.0 29.043663537477517
174 1.0 18.86162482260781
175 1.3010299956639813 22.356903676375765
185 1.0 17.044758885154558
188 1.0 22.772628792451215
191 1.0 16.952806137528757
197 1.0 17.97236948828946
199 1.3010299956639813 22.603396897878287
204 1.0 18.43335978124768
205 1.0 18.02662549969417
211 1.0 22.03031942410671
212 1.0 19.272892292014472
214 1.3010299956639813 18.685531899177228
229 1.3010299956639813 22.603396897878287
231 1.0 18.43335978124768
23 1.6020599913279625 18.90126570373093
284 1.9030899869919435 27.31523209193297
288 1.0 19.392382017280667
317 1.0 15.824754366327694
334 1.3010299956639813 26.57358007912264
338 1.0 21.754781863703386
340 1.0 20.927824358412284
341 1.0 19.392382017280667
342 1.0 22.806563635018236
344 1.4771212547196624 19.429659374481616
349 1.0 18.22236264627707
350 1.3010299956639813 19.30862768534024
362 1.0 13.245246508097683
364 1.0 12.978310947895874
367 1.0 13.016779750010134
369 1.0 13.119323618253118
378 1.6020599913279625 24.653480438007165
382 1.3010299956639813 23.381346006518903
386 1.0 21.856373350068075
389 1.3010299956639813 22.987930278533103
401 1.6020599913279625 24.1565533242725
405 1.4771212547196624 17.108838352647496
415 1.0 19.419275690945604
41 1.0 20.87407005016222
435 1.0 18.127861733361883
444 1.0 16.89424162983062
469 1.0 13.009307666040192
470 1.0 23.994543772969674
471 1.0 26.179338818270686
472 1.0 20.431753744712537
473 1.0 13.074202270093174
474 1.0 12.932211177895763
479 1.0 17.044758885154558
488 1.0 18.786565844786978
495 1.0 17.04471738567224
522 1.3010299956639813 19.672274363144883
523 1.0 18.160502520733715
525 1.3010299956639813 17.7242281093306
526 1.3010299956639813 20.589360185649852
533 1.0 19.696864101303447
535 1.0 17.779601462975204
548 1.0 19.647259077738575
578 1.0 17.196077893890912
5 1.0 18.45678502981382
620 1.3010299956639813 15.900698718230329
630 1.0 16.96541394633868
645 1.0 20.99530825830948
647 1.0 22.772628792451215
651 1.0 17.97236948828946
653 1.3010299956639813 22.603396897878287
656 1.0 18.43335978124768
657 1.0 18.02662549969417
662 1.0 19.41917384237332
70 1.0 13.181194028260734
72 1.0 13.358014637672541
731 1.3010299956639813 28.951588555136127
735 1.4771212547196624 26.464092456397857
737 1.0 23.235022308206137
740 1.0 16.495381734999228
741 1.3010299956639813 21.665271886223913
748 1.3010299956639813 22.56508767539272
749 1.3010299956639813 20.209996528594978
74 1.0 13.282942259163587
771 1.6020599913279625 25.078312841330952
775 1.6020599913279625 24.1565533242725
776 1.4771212547196624 25.809572659595812
777 1.9030899869919435 28.5636709471766
778 1.6020599913279625 29.375621062375156
779 1.6020599913279625 26.762559621671812
780 2.0413926851582254 28.653172853466874
781 1.0 24.215767859390553
782 2.1760912590556813 28.8122112955473
807 1.0 23.916854058840084
811 1.3010299956639813 16.52497719495689
814 1.0 26.382740623521833
821 1.0 16.952806137528757
825 1.0 17.04471738567224
834 1.3010299956639813 19.359056970763802
84 1.0 20.94724544657274
858 1.0 13.035902922287718
859 1.0 12.951111693643108
860 1.0 13.047685080108735
861 1.0 13.08594994448978
862 1.0 22.500892102974184
863 1.0 13.08594994448978
864 1.0 13.009307666040192
865 1.0 36.420319557775116
866 1.0 13.074202270093174
867 1.0 20.329143187123556
868 1.0 13.08594994448978
869 1.0 13.035902922287718
86 1.3010299956639813 24.815590935179138
870 1.0 13.100665786475393
871 1.0 25.16854217073077
895 1.0 16.22969191138666
899 1.0 13.993675428820948
909 1.3010299956639813 18.220820409533506
926 1.0 17.117590186266202
936 1.0 21.526279874452115
93 1.3010299956639813 40.4099170367325
981 1.0 18.147091699710654
