1.3010299956639813
116 1.0 21.142493979490386
173 1.3010299956639813 25.424188320838816
190 1.6020599913279625 30.967630313961816
21 1.0 18.02167784870146
23 1.0 18.90126570373093
260 1.9542425094393248 40.46004416097286
267 1.4771212547196624 24.25543451426215
268 1.6020599913279625 28.048590371713367
269 1.6989700043360187 26.08506226190013
281 1.3010299956639813 18.79756428818881
284 1.0 27.31523209193297
289 1.3010299956639813 19.318257671242296
334 1.0 26.57358007912264
338 1.3010299956639813 21.754781863703386
396 1.3010299956639813 34.747346764383785
420 1.0 22.69268235247738
440 1.3010299956639813 31.719953794102054
457 1.3010299956639813 24.521319277035015
471 1.6020599913279625 26.179338818270686
499 1.3010299956639813 27.781754633425805
514 1.6989700043360187 23.1822442953396
526 1.0 20.589360185649852
551 1.6020599913279625 21.162559580914515
555 1.0 21.325804237253536
556 1.3010299956639813 32.02299329624464
557 1.3010299956639813 29.473606133346674
558 1.0 21.15084713075001
572 2.0413926851582254 34.607198595571596
581 1.4771212547196624 26.831073433021917
582 1.6989700043360187 24.99171329470656
584 1.6989700043360187 30.950545053399313
605 1.0 18.5040994848109
65 1.0 18.816428542926165
689 1.0 16.928793195831474
731 1.0 28.951588555136127
740 1.0 16.495381734999228
750 1.0 24.739780818458456
751 1.0 15.689454122764054
753 1.0 21.70542592404138
810 1.3010299956639813 18.41805748667281
818 1.3010299956639813 19.318257671242296
820 1.6020599913279625 30.967630313961816
828 1.3010299956639813 27.781754633425805
852 1.0 20.31196842893302
86 1.0 24.815590935179138
878 1.0 33.105865818015594
928 1.3010299956639813 18.737561566460872
931 1.0 22.349952035011718
93 1.0 40.4099170367325
993 1.0 33.541218365030296
