1.6382721639824072
132 1.0 31.9240224086541
133 1.3010299956639813 31.18619433249154
137 1.3010299956639813 22.922196064917607
138 1.3010299956639813 22.291356872514033
141 1.0 22.083311659467373
148 1.0 39.73153365749456
154 1.6989700043360187 38.92312411360697
155 1.4771212547196624 39.65608647202028
158 1.3010299956639813 40.36801588254125
159 1.0 34.663276209978875
160 1.0 33.51414632402991
162 1.0 29.200185832126223
164 1.0 29.060873897358988
191 1.4771212547196624 30.983771998615772
22 1.3010299956639813 20.042266187907835
344 1.0 20.86119657744264
488 1.0 18.91692636651541
570 1.0 35.00523577088447
807 1.0 24.483238969908477
808 1.0 27.292695599132404
815 1.0 20.604951603302737
823 1.4771212547196624 30.983771998615772
94 1.3010299956639813 40.42228834338309
