1.6020599913279623
134 1.0 29.51314963866556
149 1.3010299956639813 30.628195318865107
160 1.0 40.68185651929256
280 1.3010299956639813 20.36083120666262
471 1.0 26.179338818270686
493 1.3010299956639813 22.45238647455196
54 1.0 16.32113418866619
573 1.0 16.9403306571999
588 1.0 16.32113418866619
642 1.0 19.614776409036214
643 1.0 19.629733620293802
654 1.3010299956639813 22.45238647455196
666 1.0 20.41689440117043
735 1.0 26.464092456397857
737 1.0 23.235022308206137
779 1.0 26.762559621671812
780 1.3010299956639813 28.653172853466874
799 1.0 21.750977795505374
800 1.0 21.474900607430737
812 1.0 21.474900607430737
86 1.0 24.815590935179138
875 1.0 22.430004022861485
876 1.0 27.115678493576954
877 1.0 22.430004022861485
979 1.0 19.907440181516993
