1.721246399047171
135 1.0 29.53008637972915
136 1.0 23.748484428238577
146 1.3010299956639813 38.443348131520054
154 1.0 38.92312411360697
155 1.0 39.65608647202028
158 1.0 40.36801588254125
159 1.3010299956639813 34.663276209978875
160 1.0 33.51414632402991
161 1.4771212547196624 40.68786868352573
231 1.0 19.843697587754125
278 1.0 24.438116936080927
280 1.0 19.375567339230585
351 1.3010299956639813 19.334505504177955
447 1.0 17.43776619662874
472 1.3010299956639813 26.198430887398857
499 1.0 19.843697587754125
656 1.0 19.843697587754125
677 1.0 20.260093000467393
953 1.0 19.129941566095997
