0.9136401693252517
13 1.0 14.881124838959494
144 1.0 13.560905513410859
183 1.0 13.687873218467313
200 1.0 16.645211904679204
201 1.0 16.17188991882234
216 1.0 16.721725650862297
217 1.0 15.95864382959388
219 1.0 15.855377524671088
220 1.0 14.895870535814339
256 1.0 14.651068157152437
271 1.0 14.256693170752603
286 1.0 14.105675126378276
28 1.0 13.92508395906801
29 1.0 13.98931911831685
301 1.0 15.848797334570648
302 1.0 14.567110784185882
30 1.0 13.608746530335091
317 1.0 15.824754366327694
318 1.0 15.762695037388225
32 1.0 13.43362841460537
333 1.0 14.33117686870987
33 1.0 13.43362841460537
345 1.0 17.350406766716183
346 1.0 14.52222872293758
34 1.0 13.616669108566002
356 1.0 16.341214190652384
357 1.0 14.997192520377267
35 1.0 14.016574317555309
36 1.0 14.016574317555309
371 1.0 16.769406485969878
372 1.0 15.898864564577854
373 1.0 15.444986818309642
38 1.0 15.242601505439389
390 1.0 15.448143324179663
391 1.0 14.93400553732674
392 1.0 14.283168530322774
395 1.0 14.758399668360488
400 1.0 14.08378662149524
407 1.0 14.742151426884002
40 1.0 13.93856437997273
422 1.0 15.318690066440361
42 1.0 17.338897626616056
43 1.0 17.11189632348561
44 1.0 15.69981269395225
459 1.0 16.318175390056652
45 1.0 13.951854541745044
460 1.0 14.356967600895358
467 1.0 16.1416915500326
468 1.0 13.719958553969631
475 1.0 15.713768088124892
476 1.0 14.187121428619786
483 1.0 16.072305173973206
484 1.0 14.841497874872914
489 1.0 13.92508395906801
48 1.0 14.687762810193856
492 1.0 15.242601505439389
49 1.0 16.335513669309126
507 1.0 17.338897626616056
508 1.0 16.145707035010496
50 1.0 14.451107282168001
51 1.0 16.468103731109437
521 1.0 16.13648804769188
536 1.0 17.11189632348561
537 1.0 16.02091416232004
53 1.0 15.484623446241047
54 1.0 16.32113418866619
550 1.0 15.617241077585044
55 1.0 16.109062218202855
563 1.0 15.69981269395225
56 1.0 16.008658872883498
579 1.0 16.468103731109437
57 1.0 16.138865172414302
585 1.0 15.484623446241047
588 1.0 16.32113418866619
59 1.0 17.024968450726956
603 1.0 16.109062218202855
604 1.0 16.848497544115553
610 1.0 16.926793752845303
625 1.0 16.008658872883498
626 1.0 15.483953915022516
639 1.0 16.56038138552629
63 1.0 17.343081378405795
644 1.0 16.138865172414302
64 1.0 16.707558357235154
659 1.0 17.024968450726956
660 1.0 17.15044222388708
667 1.0 16.465785588330146
683 1.0 16.907222831124663
696 1.0 13.487648030688744
711 1.0 16.707558357235154
712 1.0 16.15335632829963
725 1.0 15.337880790453774
726 1.0 15.448143324179663
727 1.0 14.93400553732674
743 1.0 15.444986818309642
744 1.0 15.802376515156825
75 1.0 15.444986818309642
77 1.0 16.876185748875265
78 1.0 15.30986183139676
79 1.0 14.176787327564806
80 1.0 15.680631610845849
815 1.0 16.876185748875265
81 1.0 15.73170187126443
82 1.0 16.54101827897147
830 1.0 15.73170187126443
831 1.0 15.854309531641922
838 1.0 14.879955303930068
853 1.0 16.54101827897147
854 1.0 17.26309028263445
857 1.0 17.00209968149465
872 1.0 15.596352370499325
873 1.0 15.748324655176601
879 1.0 15.968223619979328
894 1.0 16.508326051842978
895 1.0 16.22969191138666
908 1.0 15.998023604552252
922 1.0 16.34273553368784
935 1.0 16.449077097941938
950 1.0 16.33085346902123
965 1.0 15.571575634782315
98 1.0 15.596352370499325
99 1.0 16.508326051842978
