1.4436974992327127
186 1.0 25.345464687070297
205 1.0 18.02662549969417
243 1.0 25.8105965022697
249 1.3010299956639813 21.570555711548227
257 1.0 32.04340428656301
258 1.3010299956639813 34.15368633845293
277 1.0 24.417648522770687
281 1.0 18.79756428818881
285 2.146128035678238 30.562929415100232
290 1.0 17.858124243150325
295 1.0 21.53759215073197
296 1.0 18.417536610152265
337 1.0 25.8105965022697
343 1.0 20.837214848503734
344 1.3010299956639813 19.429659374481616
47 1.0 19.524027135780376
493 1.0 22.45238647455196
519 1.0 25.19479562289961
524 1.0 20.518967135692183
529 1.0 16.990062759002303
54 1.0 16.32113418866619
588 1.0 16.32113418866619
604 1.0 16.848497544115553
654 1.0 22.45238647455196
657 1.0 18.02662549969417
667 1.0 16.465785588330146
83 1.0 25.345464687070297
86 1.0 24.815590935179138
943 1.0 19.424340488107244
965 1.0 15.571575634782315
969 1.4771212547196624 20.721079216106737
970 1.0 20.574683754662654
977 1.3010299956639813 19.099167857362065
982 1.0 19.01404692868626
987 1.0 21.088601776656837
991 1.0 19.241200976831678
