1.494850021680094
108 1.0 15.676749598065259
154 1.3010299956639813 39.64347606197456
162 1.0 27.42647719561716
163 1.4771212547196624 29.043663537477517
190 1.3010299956639813 30.967630313961816
196 1.0 21.713143045615993
198 1.0 19.930084158480717
228 1.0 19.894315832793946
248 1.0 22.73469994483774
258 1.0 34.15368633845293
260 1.0 40.46004416097286
270 1.0 27.27789276817213
277 1.0 24.417648522770687
285 1.0 30.562929415100232
290 1.0 17.858124243150325
415 1.0 19.419275690945604
515 1.0 20.34226440586786
554 1.3010299956639813 22.40007556792627
559 1.0 32.39203154477896
582 1.3010299956639813 24.99171329470656
604 1.0 16.848497544115553
60 1.3010299956639813 20.28552366248819
650 1.0 21.713143045615993
652 1.0 19.930084158480717
662 1.3010299956639813 19.41917384237332
676 1.0 20.23539889371069
820 1.3010299956639813 30.967630313961816
865 1.0 36.420319557775116
90 1.0 21.713143045615993
914 1.3010299956639813 18.44622626314255
947 1.0 19.45698562548774
974 1.7781512503836436 18.84312245235009
