1.2924298239020637
250 1.0 16.070194442289612
251 1.0 15.91714951082178
256 1.0 14.651068157152437
260 1.3010299956639813 40.46004416097286
267 1.4771212547196624 24.25543451426215
268 1.0 28.048590371713367
307 1.0 18.45025554098666
308 1.0 17.69895328701503
309 1.0 16.353960229243555
316 1.0 16.400885878921038
317 1.9542425094393248 15.824754366327694
318 1.845098040014257 15.762695037388225
480 1.0 18.45025554098666
481 1.0 17.69895328701503
482 1.0 16.353960229243555
483 1.4771212547196624 16.072305173973206
51 1.3010299956639813 16.468103731109437
56 1.6020599913279625 16.008658872883498
577 1.0 16.12113380419118
579 1.3010299956639813 16.468103731109437
584 1.0 30.950545053399313
611 1.0 16.37139499661555
614 1.0 17.258283162732244
616 1.0 16.2837123301042
617 1.0 16.258590605316485
618 1.0 15.979851330655551
619 1.0 16.002509983007247
620 1.0 15.900698718230329
621 1.0 16.187886783484302
624 1.0 16.24926695969382
625 1.6020599913279625 16.008658872883498
626 1.6989700043360187 15.483953915022516
628 1.3010299956639813 17.4321572644572
630 1.3010299956639813 16.96541394633868
631 1.3010299956639813 19.950177336902193
632 1.3010299956639813 22.247424428787344
633 1.3010299956639813 20.514540434900287
634 1.3010299956639813 21.49965573905078
635 1.3010299956639813 18.02903493564441
636 1.0 15.995025442232151
638 1.0 17.972508687822355
639 1.9030899869919435 16.56038138552629
891 1.0 20.556957071190386
892 1.0 19.44244897613975
893 1.0 19.650125642603225
894 1.4771212547196624 16.508326051842978
895 1.6020599913279625 16.22969191138666
994 1.0 16.070194442289612
996 1.0 16.28971068168109
997 1.0 15.91714951082178
99 1.4771212547196624 16.508326051842978
