1.585026652029182
131 1.3010299956639813 31.908356378043813
132 1.3010299956639813 31.170157473839097
134 1.845098040014257 29.51314963866556
142 1.0 21.606364977884798
146 1.0 38.26126400416704
157 1.0 40.355627938282694
19 1.0 22.88505492845388
207 1.0 18.0557751805786
224 1.0 18.0557751805786
230 1.0 19.818484653329044
258 1.0 34.15368633845293
321 1.0 19.38943069849081
326 1.3010299956639813 21.385169256471997
327 1.0 32.86526353435894
328 1.0 24.20016866097684
329 1.0 24.995158982809944
413 1.0 19.214693399908615
498 1.0 19.818484653329044
499 1.0 27.781754633425805
560 1.0 26.176582993590046
655 1.0 19.818484653329044
801 1.0 16.7176380868533
805 1.4771212547196624 24.462808310936932
814 1.0 26.382740623521833
828 1.0 27.781754633425805
961 1.0 20.820071638418433
