1.6382721639824072
132 1.3010299956639813 31.9240224086541
137 1.3010299956639813 22.922196064917607
138 1.0 22.291356872514033
144 1.0 19.628955678670632
402 1.0 24.177242781351655
431 1.3010299956639813 21.076784861203542
432 1.7781512503836436 20.140245569349506
433 1.3010299956639813 24.68064648083747
435 1.3010299956639813 24.468548355039516
444 1.0 29.526890635247195
489 1.3010299956639813 18.813161782127867
503 1.7781512503836436 24.96783731854743
518 1.0 17.902990023252144
771 1.0 19.405549325281637
777 1.0 24.177242781351655
778 1.3010299956639813 25.828938051552868
779 1.6020599913279625 28.58117033955364
781 1.3010299956639813 26.78123592188267
800 1.0 19.870179928383198
864 1.0 22.523102482333243
867 1.6020599913279625 36.43404557128479
877 1.0 22.452284526648562
879 1.0 22.452284526648562
