1.6575773191777938
107 1.0 13.08594994448978
1 1.0 24.469666509833758
209 1.6989700043360187 20.72532624391316
233 1.6989700043360187 20.72532624391316
409 1.6989700043360187 20.72532624391316
43 1.0 17.11189632348561
49 1.0 16.335513669309126
502 1.0 24.947803517854027
536 1.0 17.11189632348561
660 1.0 17.15044222388708
77 1.0 16.876185748875265
793 1.0 15.283359784295454
794 1.0 15.391766171743628
796 1.0 16.41623255841033
798 1.0 19.84500063961507
799 1.0 21.750977795505374
800 1.0 21.474900607430737
812 1.0 21.474900607430737
815 1.0 16.876185748875265
872 1.0 15.596352370499325
879 1.0 15.968223619979328
98 1.0 15.596352370499325
