1.6020599913279623
191 1.3010299956639813 30.983771998615772
228 1.0 19.271408794907185
235 1.4771212547196624 18.131311524289607
239 1.0 16.864483145006986
258 1.0 32.05900432440354
259 1.3010299956639813 34.168322910342354
263 1.0 21.157562303591927
269 1.0 28.06641091839446
274 1.0 16.400153272087692
285 1.0 27.333530767834674
399 1.845098040014257 31.06364857854412
444 1.0 29.526890635247195
453 1.0 19.168795308535405
472 1.0 26.198430887398857
49 1.0 16.36609320638818
520 1.0 25.214633181541256
546 1.6020599913279625 23.31908484052949
563 1.3010299956639813 23.476641362660768
566 1.4771212547196624 24.435514902659826
572 1.0 29.842988809469816
597 1.4771212547196624 19.996338987916545
772 1.845098040014257 31.06364857854412
774 1.6020599913279625 23.139038800697477
823 1.3010299956639813 30.983771998615772
969 1.3010299956639813 20.598971129752556
