1.0409586076789064
187 1.0 25.365184410989947
188 1.0 18.394820991631416
193 1.3010299956639813 19.923584188401467
195 1.3010299956639813 16.82457919792204
196 1.3010299956639813 16.82457919792204
198 1.0 18.00016847208931
199 1.0 19.95515608969582
200 1.7781512503836436 22.625506653399253
203 1.3010299956639813 18.47845587465186
205 1.0 18.460464588544884
208 1.0 18.083445948480012
213 1.0 19.298818028563065
214 1.3010299956639813 18.044528672125754
215 1.0 18.71227143762001
224 1.3010299956639813 18.47845587465186
225 1.0 18.083445948480012
226 1.0 16.343763522087997
228 1.0 19.271408794907185
229 1.0 19.919432784468437
230 1.7781512503836436 22.625506653399253
231 1.3010299956639813 19.843697587754125
232 1.0 18.460464588544884
236 1.0 23.511023087218234
239 1.0 16.864483145006986
242 1.0 20.34767568477578
261 1.0 40.472400145134394
295 1.0 18.766205879960378
296 1.0 21.560794875219035
322 1.0 19.415200818214007
330 1.0 25.015154858124397
336 1.0 27.213017312486674
343 1.3010299956639813 22.828476621056783
344 1.845098040014257 20.86119657744264
345 1.3010299956639813 19.45537620834872
399 1.0 31.06364857854412
41 2.146128035678238 20.898009485572526
459 1.0 24.541701226408268
496 1.6020599913279625 17.074026788002808
499 1.3010299956639813 19.843697587754125
505 1.0 17.827254209129045
506 1.0 20.117459620901656
520 1.0 25.214633181541256
523 1.4771212547196624 19.697674446970826
524 1.0 18.188013959901607
525 1.0 20.543320381954224
526 1.0 17.752415668623385
528 1.0 21.12339116570097
534 1.0 19.72223251625476
536 1.3010299956639813 17.80770137278335
540 1.0 23.36967033208018
541 1.4771212547196624 18.888440514559967
542 1.0 19.728868427436186
547 1.0 20.421608203426736
552 1.4771212547196624 21.18617303846442
561 1.0 26.19567707123272
572 1.0 29.842988809469816
582 1.0 26.849702075967517
598 1.0 19.920097781606806
61 1.3010299956639813 18.47845587465186
62 1.0 20.34767568477578
634 1.0 20.53889892996114
646 1.3010299956639813 21.019109611528222
647 1.0 18.531080228224845
649 1.3010299956639813 19.923584188401467
652 1.0 18.00016847208931
653 1.0 19.95515608969582
654 1.7781512503836436 22.625506653399253
656 1.3010299956639813 19.843697587754125
657 1.0 18.460464588544884
663 1.0 19.44490454387257
665 1.3010299956639813 20.62218664974217
667 1.0 20.441369254248713
772 1.0 31.06364857854412
775 1.0 23.494249679152507
820 1.0 18.394820991631416
826 1.3010299956639813 16.82457919792204
828 1.6020599913279625 17.074026788002808
84 1.0 25.365184410989947
85 1.0 20.97110134921298
917 1.0 21.083151146519995
943 1.3010299956639813 19.402058534341666
954 1.3010299956639813 20.62218664974217
957 1.0 18.152757365381166
961 1.0 18.914849636919964
966 1.0 20.37474443529265
970 1.0 18.816376936112132
971 1.0 19.694865931417798
976 1.0 19.12532909112134
979 1.0 17.6480879383687
986 1.0 21.11229795390388
991 1.0 20.996461847748183
