1.2596373105057561
109 1.0 19.715945972128416
131 1.0 31.908356378043813
134 1.0 29.51314963866556
139 1.0 21.045092986540304
145 2.0413926851582254 38.43033977941447
146 1.9542425094393248 38.26126400416704
147 2.079181246047625 39.718947201261805
148 1.0 36.70053413239285
149 1.0 30.628195318865107
152 1.0 27.106140088612186
154 1.3010299956639813 39.64347606197456
155 1.3010299956639813 32.78554205971943
156 1.4771212547196624 27.300266473449927
157 1.3010299956639813 40.355627938282694
158 1.0 34.64884871982456
159 1.0 33.49922392874927
160 1.4771212547196624 40.68185651929256
161 1.6020599913279625 29.183057629910973
162 1.0 27.42647719561716
163 1.0 29.043663537477517
169 1.0 16.893122029317794
188 1.3010299956639813 22.772628792451215
21 1.0 18.02167784870146
22 1.0 20.017303363514117
305 1.0 18.712967679843132
318 1.0 15.762695037388225
334 1.0 26.57358007912264
382 1.0 23.381346006518903
386 1.0 21.856373350068075
388 1.0 17.383230863411256
389 1.0 22.987930278533103
398 1.0 31.04754842191709
401 1.0 24.1565533242725
477 1.0 18.712967679843132
486 1.0 19.08673079463014
510 1.0 18.532720542245944
513 1.0 18.984876032460487
543 1.0 21.709967055619686
627 1.3010299956639813 15.56115616891949
647 1.3010299956639813 22.772628792451215
735 1.0 26.464092456397857
737 1.0 23.235022308206137
741 1.0 21.665271886223913
748 1.0 22.56508767539272
749 1.0 20.209996528594978
770 1.0 31.04754842191709
771 1.0 25.078312841330952
774 1.0 20.078881121899666
775 1.0 24.1565533242725
807 1.0 23.916854058840084
86 1.0 24.815590935179138
931 1.0 22.349952035011718
93 1.6989700043360187 40.4099170367325
981 1.0 18.147091699710654
986 1.0 19.998220484206893
