1.721246399047171
135 1.3010299956639813 29.53008637972915
197 1.0 21.73615837537494
24 1.0 22.714650363605696
263 1.7781512503836436 21.157562303591927
327 1.0 21.408537178610665
387 1.0 21.87923801272718
399 1.3010299956639813 31.06364857854412
400 1.0 19.159509087472838
406 1.0 17.13803809591465
450 1.0 16.00461083590737
552 1.7781512503836436 21.18617303846442
570 1.7781512503836436 35.00523577088447
571 1.0 19.508904785615407
651 1.0 21.73615837537494
732 1.3010299956639813 28.96885361670166
772 1.3010299956639813 31.06364857854412
816 1.0 26.40168560543113
91 1.0 21.73615837537494
960 1.0 20.844073091142132
