1.4814860601221125
138 1.0 22.291356872514033
154 1.0 38.92312411360697
155 1.0 39.65608647202028
156 1.0 32.80078913912944
159 1.3010299956639813 34.663276209978875
160 1.0 33.51414632402991
161 1.3010299956639813 40.68786868352573
162 1.0 29.200185832126223
163 1.0 27.444701699266258
164 1.0 29.060873897358988
206 1.0 18.054340943557705
228 1.3010299956639813 19.271408794907185
335 1.0 26.592389103304416
364 1.0 13.009307666040192
473 1.0 20.456210819322695
494 1.0 22.47464478924292
503 1.0 24.96783731854743
633 1.0 22.269887599954423
634 1.0 20.53889892996114
64 1.0 16.737458178003557
655 1.0 22.47464478924292
658 1.0 18.054340943557705
712 1.0 16.737458178003557
878 1.0 27.134111744574057
918 1.0 24.222096258795588
939 1.3010299956639813 19.57746517154891
942 1.0 19.45006435459591
944 1.0 19.917140587765708
949 1.0 16.36144171601765
953 1.0 19.129941566095997
964 1.0 15.603652384930466
975 1.0 19.03717677110868
992 1.6989700043360187 33.556122085405605
