1.7958800173440752
187 1.3010299956639813 25.365184410989947
1 1.0 24.099314783282633
206 1.0 18.054340943557705
209 1.0 19.7404272810474
285 1.0 27.333530767834674
341 1.0 20.951702374187988
416 1.9542425094393248 19.445006257673224
552 1.3010299956639813 21.18617303846442
572 1.4771212547196624 29.842988809469816
573 1.0 34.62164344212061
60 1.4771212547196624 20.310156825129837
658 1.0 18.054340943557705
77 1.0 16.90578733542276
817 1.0 16.90578733542276
84 1.3010299956639813 25.365184410989947
85 1.6020599913279625 20.97110134921298
