1.1870866433571445
121 1.0 25.97780851667672
125 1.0 19.0809900086681
132 1.6020599913279625 31.170157473839097
133 1.3010299956639813 27.54885932499107
134 1.3010299956639813 29.51314963866556
136 1.3010299956639813 22.900372757632663
139 1.0 21.045092986540304
140 1.0 22.06065850896495
142 1.0 21.606364977884798
145 1.4771212547196624 38.43033977941447
146 1.6020599913279625 38.26126400416704
147 1.9030899869919435 39.718947201261805
148 1.6020599913279625 36.70053413239285
149 1.845098040014257 30.628195318865107
150 1.3010299956639813 28.679701781112843
151 1.3010299956639813 26.41677324871767
152 1.3010299956639813 27.106140088612186
153 1.6020599913279625 38.91027615891787
154 1.3010299956639813 39.64347606197456
155 1.3010299956639813 32.78554205971943
157 1.845098040014257 40.355627938282694
158 1.3010299956639813 34.64884871982456
160 1.0 40.68185651929256
161 1.0 29.183057629910973
162 1.6989700043360187 27.42647719561716
163 1.3010299956639813 29.043663537477517
188 1.6020599913279625 22.772628792451215
18 1.0 14.272801310968436
214 1.0 18.685531899177228
24 1.3010299956639813 22.69262746225858
277 1.3010299956639813 24.417648522770687
325 1.4771212547196624 26.246066768442137
328 1.0 24.20016866097684
329 1.0 24.995158982809944
334 1.0 26.57358007912264
342 1.0 22.806563635018236
351 1.0 22.293535126779712
382 1.0 23.381346006518903
389 1.0 22.987930278533103
396 1.0 34.747346764383785
401 1.0 24.1565533242725
405 1.0 17.108838352647496
501 1.0 18.576070342315386
504 1.0 17.799185167779708
554 1.0 22.40007556792627
564 1.0 25.047424451568215
584 1.0 30.950545053399313
593 1.0 21.456267665239462
628 1.0 17.4321572644572
647 1.6020599913279625 22.772628792451215
676 1.3010299956639813 20.23539889371069
731 1.0 28.951588555136127
741 1.0 21.665271886223913
748 1.0 22.56508767539272
749 1.0 20.209996528594978
775 1.0 24.1565533242725
776 1.0 25.809572659595812
777 1.3010299956639813 28.5636709471766
781 1.0 24.215767859390553
782 1.7781512503836436 28.8122112955473
92 1.0 19.083829329388184
93 1.0 40.4099170367325
950 1.0 16.33085346902123
954 1.0 19.103786648783725
993 1.4771212547196624 33.541218365030296
