1.7958800173440752
172 1.0 18.832857933573873
259 1.3010299956639813 27.067295817703585
260 1.0 40.46004416097286
266 1.0 20.247891051811926
268 1.3010299956639813 28.048590371713367
515 1.6020599913279625 20.34226440586786
551 1.0 21.162559580914515
556 1.4771212547196624 32.02299329624464
557 1.6989700043360187 29.473606133346674
559 1.9542425094393248 32.39203154477896
569 2.079181246047625 34.990949277994865
571 1.0 29.826229749704215
580 1.4771212547196624 25.521710205582426
582 1.0 24.99171329470656
583 1.0 23.271290483826427
806 1.3010299956639813 27.27436952647854
