1.6989700043360187
142 1.0 21.606364977884798
148 1.0 36.70053413239285
162 1.0 27.42647719561716
204 1.0 18.43335978124768
208 1.0 19.715082278253885
231 1.0 18.43335978124768
24 1.0 22.69262746225858
260 1.0 40.46004416097286
270 1.0 27.27789276817213
284 1.0 27.31523209193297
347 1.0 18.41382190706093
420 1.0 22.69268235247738
471 1.0 26.179338818270686
551 1.0 21.162559580914515
560 1.3010299956639813 26.176582993590046
572 1.0 34.607198595571596
582 1.0 24.99171329470656
584 1.3010299956639813 30.950545053399313
656 1.0 18.43335978124768
862 1.0 22.500892102974184
