1.6382721639824072
223 1.0 19.5018082949504
231 1.0 19.843697587754125
238 1.0 17.79360469731602
244 1.3010299956639813 25.829961126625353
258 1.0 32.05900432440354
286 1.0 30.579284727285547
296 1.0 21.560794875219035
323 1.6989700043360187 19.99450022605915
338 1.3010299956639813 25.829961126625353
434 1.0 26.054272842923844
499 1.0 19.843697587754125
534 1.0 19.72223251625476
549 1.0 19.672691459680365
57 1.0 16.169816605433944
611 1.0 16.956306990360925
645 1.0 16.169816605433944
656 1.0 19.843697587754125
67 1.0 17.777478226009574
864 1.0 22.523102482333243
960 1.0 20.844073091142132
972 1.0 19.608298803683244
985 1.0 20.023207099137547
991 1.0 20.996461847748183
