1.3010299956639813
174 1.845098040014257 25.443847031718235
175 1.4771212547196624 18.88811507135678
186 1.3010299956639813 17.074068216246978
188 1.6989700043360187 18.394820991631416
191 1.3010299956639813 30.983771998615772
213 1.0 19.298818028563065
214 1.6020599913279625 18.044528672125754
269 1.0 28.06641091839446
296 1.0 21.560794875219035
374 1.0 15.477325925939487
382 1.0 13.947325129469858
392 1.0 14.967448726783925
398 1.0 15.625142616904517
399 2.278753600952829 31.06364857854412
40 1.0 13.974390039448755
434 1.0 26.054272842923844
43 1.0 17.141090857518964
484 1.3010299956639813 16.33121855046969
500 1.0 27.79974623106974
506 1.845098040014257 20.117459620901656
537 1.0 17.141090857518964
542 1.0 19.728868427436186
546 1.0 23.31908484052949
565 1.0 25.067378635529828
566 1.0 24.435514902659826
567 1.3010299956639813 23.07027838400899
582 1.6020599913279625 26.849702075967517
661 1.0 17.17957125410552
728 1.0 14.967448726783925
732 1.0 28.96885361670166
733 1.0 24.09659662047416
744 1.0 15.477325925939487
745 1.0 15.833985711967152
747 1.3010299956639813 22.34898733858306
751 1.0 24.759982935078224
75 1.0 15.477325925939487
770 1.0 15.625142616904517
771 1.4771212547196624 19.405549325281637
772 2.278753600952829 31.06364857854412
774 1.6989700043360187 23.139038800697477
820 1.6989700043360187 18.394820991631416
823 1.3010299956639813 30.983771998615772
831 1.0 27.79974623106974
833 1.0 15.885438230900338
882 1.3010299956639813 18.91930081490118
889 1.3010299956639813 17.074068216246978
911 1.0 21.53343177229172
916 1.0 20.322029692038072
976 1.0 19.12532909112134
992 1.6020599913279625 33.556122085405605
