1.2924298239020637
127 1.0 17.367910512582892
141 1.0 22.083311659467373
146 1.0 38.443348131520054
147 1.0 38.27432982034523
156 1.3010299956639813 32.80078913912944
158 1.0 40.36801588254125
160 1.0 33.51414632402991
161 1.4771212547196624 40.68786868352573
199 1.4771212547196624 19.95515608969582
205 1.0 18.460464588544884
210 1.0 20.74943729156614
215 1.0 18.71227143762001
229 1.4771212547196624 19.919432784468437
231 1.3010299956639813 19.843697587754125
232 1.0 18.460464588544884
234 1.0 20.74943729156614
236 1.0 23.511023087218234
237 1.3010299956639813 18.99543449459334
271 1.0 27.296216475399984
295 1.0 18.766205879960378
296 1.0 21.560794875219035
322 1.0 19.415200818214007
385 1.0 18.664082738893658
410 1.0 20.74943729156614
415 1.0 16.854896388101817
441 1.3010299956639813 31.735712827979288
444 1.3010299956639813 29.526890635247195
453 1.0 19.168795308535405
499 1.3010299956639813 19.843697587754125
510 1.0 21.594628676437562
518 1.0 17.902990023252144
526 1.0 17.752415668623385
547 1.3010299956639813 20.421608203426736
562 1.0 20.63816033660684
563 1.3010299956639813 23.476641362660768
572 1.0 29.842988809469816
573 1.4771212547196624 34.62164344212061
600 1.0 18.60056357999351
643 1.0 19.64025085319644
653 1.4771212547196624 19.95515608969582
656 1.3010299956639813 19.843697587754125
657 1.0 18.460464588544884
741 1.0 16.52566545054529
774 1.0 23.139038800697477
922 1.0 21.35873785771627
932 1.0 22.35128407421646
942 1.3010299956639813 19.45006435459591
94 1.0 40.42228834338309
953 1.0 19.129941566095997
959 1.0 19.190356568188804
992 1.0 33.556122085405605
