1.4559319556497243
122 1.0 25.99704858881334
133 1.3010299956639813 31.18619433249154
155 1.0 39.65608647202028
164 1.0 29.060873897358988
174 1.6020599913279625 25.443847031718235
202 1.0 16.202778266288398
244 1.0 25.829961126625353
268 1.0 24.276039699169623
281 1.0 20.385373369801357
287 1.0 14.141077426099002
329 1.0 24.220820861806594
330 1.0 25.015154858124397
338 1.0 25.829961126625353
379 1.3010299956639813 24.673753214847594
42 1.3010299956639813 17.36771058332882
444 1.3010299956639813 29.526890635247195
44 1.0 15.731627971229939
460 1.0 16.24091782837226
47 1.0 19.549619832587243
508 1.3010299956639813 17.36771058332882
515 1.0 23.20380250236597
534 1.0 19.72223251625476
564 1.0 15.731627971229939
572 1.0 29.842988809469816
583 1.0 25.011711924712642
732 1.6020599913279625 28.96885361670166
747 1.3010299956639813 22.34898733858306
77 1.0 16.90578733542276
780 1.3010299956639813 29.39263705080337
781 1.6989700043360187 26.78123592188267
782 1.845098040014257 28.670617617530514
783 1.4771212547196624 24.23640676791617
817 1.0 16.90578733542276
877 1.0 22.452284526648562
879 1.0 22.452284526648562
