1.6777807052660807
120 1.0 22.67074148141845
122 1.3010299956639813 25.99704858881334
123 1.0 21.94118068747015
127 1.0 17.367910512582892
190 1.0 20.72132492096882
261 1.0 40.472400145134394
268 1.0 24.276039699169623
269 1.0 28.06641091839446
283 1.0 19.116081351354293
31 1.0 15.977249114874716
331 1.0 26.442768047844584
333 1.0 24.251638512278973
528 1.0 21.12339116570097
558 1.0 29.49056558466878
560 1.0 32.40746376373745
566 1.0 24.435514902659826
579 1.0 17.22512975082521
583 1.0 25.011711924712642
733 1.0 24.09659662047416
822 1.0 20.72132492096882
87 1.3010299956639813 24.835731385689954
