1.6777807052660807
132 1.0 31.9240224086541
133 1.0 31.18619433249154
134 1.0 27.567002922119546
146 1.4771212547196624 38.443348131520054
147 1.4771212547196624 38.27432982034523
148 1.4771212547196624 39.73153365749456
149 1.4771212547196624 36.714155384577936
150 1.0 30.64451579794581
151 1.0 28.69713041845068
152 1.0 26.43569384136088
158 1.0 40.36801588254125
159 1.0 34.663276209978875
160 1.0 33.51414632402991
161 1.4771212547196624 40.68786868352573
162 1.0 29.200185832126223
219 1.0 20.060459993820544
331 1.0 26.442768047844584
351 1.0 19.334505504177955
417 1.0 18.642503692692046
873 1.4771212547196624 25.188400405739408
878 1.3010299956639813 27.134111744574057
