1.6575773191777938
184 1.0 24.619860170608522
243 1.0 25.8105965022697
257 1.0 32.04340428656301
282 1.0 19.08990744429096
285 1.6020599913279625 30.562929415100232
325 1.0 26.246066768442137
331 1.3010299956639813 26.137525464974466
335 1.0 27.194637545841633
337 1.0 25.8105965022697
500 1.0 24.619860170608522
552 1.0 20.441020454368555
568 1.4771212547196624 21.196876683380644
599 1.0 18.573663222245116
610 1.0 16.926793752845303
731 1.0 28.951588555136127
829 1.0 24.619860170608522
918 1.0 21.05942217315108
950 1.0 16.33085346902123
969 1.0 20.721079216106737
986 1.0 19.998220484206893
989 1.0 18.267442413672814
990 1.4771212547196624 17.043147830109415
