1.5086383061657274
157 1.0 40.355627938282694
172 1.3010299956639813 18.832857933573873
184 1.4771212547196624 24.619860170608522
218 1.0 20.03551983762025
257 1.0 32.04340428656301
258 1.0 34.15368633845293
266 1.4771212547196624 20.247891051811926
280 1.0 20.36083120666262
285 1.0 30.562929415100232
325 1.0 26.246066768442137
335 1.0 27.194637545841633
398 1.0 31.04754842191709
433 1.0 26.035075059878718
500 1.4771212547196624 24.619860170608522
515 1.0 20.34226440586786
554 1.0 22.40007556792627
557 1.0 29.473606133346674
559 1.0 32.39203154477896
564 1.3010299956639813 25.047424451568215
565 1.3010299956639813 24.415044307928472
570 1.3010299956639813 19.48325860666556
571 1.0 29.826229749704215
581 1.0 26.831073433021917
604 1.0 16.848497544115553
632 1.0 22.247424428787344
769 1.3010299956639813 19.37976637155202
770 1.0 31.04754842191709
806 1.0 27.27436952647854
829 1.4771212547196624 24.619860170608522
91 1.0 21.379518228894476
977 1.4771212547196624 19.099167857362065
