1.6989700043360187
185 1.3010299956639813 24.640160608655044
326 1.0 26.265110333168654
328 1.0 32.88047364596294
332 1.0 26.156648054217282
397 1.0 34.76173337398946
498 1.0 22.596184090364247
501 1.3010299956639813 24.640160608655044
520 1.0 25.214633181541256
553 1.0 20.46546645488232
561 1.0 26.19567707123272
584 1.0 23.292766275876946
732 1.0 28.96885361670166
733 1.0 24.09659662047416
751 1.0 24.759982935078224
830 1.0 22.596184090364247
864 1.0 22.523102482333243
911 1.0 21.53343177229172
916 1.0 20.322029692038072
917 1.0 21.083151146519995
991 1.0 20.996461847748183
