1.2676062401770316
105 1.0 21.33892101876266
174 1.0 25.443847031718235
187 1.0 25.365184410989947
188 1.0 18.394820991631416
194 1.0 17.77518118243523
199 1.0 19.95515608969582
19 1.0 22.906892828979473
213 1.0 19.298818028563065
227 1.0 16.92409468367376
229 1.0 19.919432784468437
235 1.0 18.131311524289607
237 1.0 18.99543449459334
238 1.0 17.79360469731602
246 1.0 15.611383332448497
259 1.3010299956639813 34.168322910342354
2 1.0 25.673207973589584
323 1.3010299956639813 19.99450022605915
3 1.0 25.673207973589584
413 1.0 19.441687508621293
415 1.0 16.854896388101817
494 1.0 22.47464478924292
500 1.4771212547196624 27.79974623106974
506 1.0 20.117459620901656
520 1.4771212547196624 25.214633181541256
525 1.0 20.543320381954224
532 1.0 19.229822454648716
535 1.0 18.139512907437105
542 1.3010299956639813 19.728868427436186
544 1.0 21.7329857487666
547 1.0 20.421608203426736
594 1.0 21.479558238529965
597 1.0 19.996338987916545
650 1.0 17.77518118243523
653 1.0 19.95515608969582
655 1.0 22.47464478924292
667 1.0 20.441369254248713
77 1.0 16.90578733542276
807 1.3010299956639813 24.483238969908477
817 1.0 16.90578733542276
820 1.0 18.394820991631416
831 1.4771212547196624 27.79974623106974
846 1.0 15.59449419482713
84 1.0 25.365184410989947
930 1.0 22.37231226242215
936 1.0 20.64389709578883
941 1.3010299956639813 18.01860444167257
951 1.3010299956639813 25.40756427571084
970 1.0 18.816376936112132
972 1.0 19.608298803683244
973 1.0 18.869638675773842
974 1.0 17.88251712427213
976 1.0 19.12532909112134
978 1.0 19.932540595234652
979 1.0 17.6480879383687
