1.3187587626244128
111 1.0 18.8928542926875
112 1.0 16.952806137528757
189 1.0 20.697181124016947
190 1.0 30.967630313961816
191 1.0 16.952806137528757
193 1.4771212547196624 17.74702978158316
197 1.4771212547196624 17.97236948828946
198 1.3010299956639813 19.930084158480717
228 1.3010299956639813 19.894315832793946
237 1.0 17.76548249061496
243 1.0 25.8105965022697
335 1.6020599913279625 27.194637545841633
337 1.0 25.8105965022697
342 1.3010299956639813 22.806563635018236
344 1.0 19.429659374481616
365 1.0 13.207443168920843
415 1.0 19.419275690945604
41 1.0 20.87407005016222
493 1.4771212547196624 22.45238647455196
496 1.3010299956639813 21.534181820846815
499 1.0 27.781754633425805
522 1.0 19.672274363144883
523 1.3010299956639813 18.160502520733715
530 1.0 20.54820717542731
591 1.4771212547196624 15.92624199010319
649 1.4771212547196624 17.74702978158316
651 1.4771212547196624 17.97236948828946
652 1.3010299956639813 19.930084158480717
654 1.4771212547196624 22.45238647455196
662 1.0 19.41917384237332
664 1.3010299956639813 20.597926648495577
66 1.0 17.276058696601304
776 1.4771212547196624 25.809572659595812
780 1.3010299956639813 28.653172853466874
819 1.0 20.697181124016947
820 1.0 30.967630313961816
821 1.0 16.952806137528757
826 1.3010299956639813 21.534181820846815
828 1.0 27.781754633425805
86 1.3010299956639813 24.815590935179138
910 1.0 17.02047450238395
914 1.0 18.44622626314255
936 1.0 21.526279874452115
952 1.3010299956639813 25.38787746985513
955 1.3010299956639813 20.597926648495577
958 1.3010299956639813 18.125192411844907
962 1.0 18.888396882406173
977 1.0 19.099167857362065
