1.721246399047171
111 1.0 18.8928542926875
131 1.0 31.908356378043813
147 1.0 39.718947201261805
148 1.0 36.70053413239285
153 1.3010299956639813 38.91027615891787
154 1.0 39.64347606197456
157 1.6020599913279625 40.355627938282694
158 1.3010299956639813 34.64884871982456
160 1.7781512503836436 40.68185651929256
161 2.146128035678238 29.183057629910973
162 1.6989700043360187 27.42647719561716
163 1.3010299956639813 29.043663537477517
22 1.3010299956639813 20.017303363514117
273 1.3010299956639813 16.369637361529076
378 1.0 24.653480438007165
382 1.0 23.381346006518903
735 1.0 26.464092456397857
737 1.0 23.235022308206137
881 1.0 16.868603706098174
