1.1870866433571445
104 1.0 21.315476777332258
106 1.3010299956639813 21.237877873941795
108 1.0 15.676749598065259
153 1.0 38.91027615891787
169 1.0 16.893122029317794
184 1.0 24.619860170608522
189 1.0 20.697181124016947
190 1.0 30.967630313961816
244 1.0 16.48858847797927
245 1.0 15.579322499796028
272 1.0 15.457778110651116
274 1.0 17.324647965269033
287 1.0 16.48858847797927
289 1.0 19.318257671242296
379 1.0 15.583202002844317
380 1.0 17.099229420425257
382 1.0 23.381346006518903
384 1.3010299956639813 18.637274062594784
388 1.0 17.383230863411256
389 1.0 22.987930278533103
390 1.0 15.448143324179663
41 1.0 20.87407005016222
420 1.3010299956639813 22.69268235247738
453 1.0 15.044342067483518
455 1.3010299956639813 18.409755324317654
456 1.3010299956639813 17.667086492329588
458 1.0 15.457778110651116
470 1.0 23.994543772969674
471 1.0 26.179338818270686
496 1.0 21.534181820846815
497 1.0 22.57404561538827
499 1.3010299956639813 27.781754633425805
500 1.0 24.619860170608522
726 1.0 15.448143324179663
730 1.3010299956639813 13.502574905476031
731 1.0 28.951588555136127
732 1.3010299956639813 24.075837860598885
733 1.0 16.680401854673583
738 1.3010299956639813 13.550920413349306
739 1.0 14.836842538057565
741 1.0 21.665271886223913
745 1.0 19.115864173216895
746 1.3010299956639813 22.32660375113389
750 1.3010299956639813 24.739780818458456
751 1.3010299956639813 15.689454122764054
753 1.0 21.70542592404138
754 1.3010299956639813 14.74786118683863
773 1.0 23.472958228275314
818 1.0 19.318257671242296
819 1.0 20.697181124016947
820 1.0 30.967630313961816
826 1.0 21.534181820846815
827 1.0 22.57404561538827
828 1.3010299956639813 27.781754633425805
829 1.0 24.619860170608522
852 1.0 20.31196842893302
867 1.0 20.329143187123556
871 1.0 25.16854217073077
875 1.0 22.430004022861485
876 1.0 27.115678493576954
877 1.0 22.430004022861485
880 1.0 15.076218839772537
88 1.0 17.71948261455228
89 1.0 16.48858847797927
910 1.0 17.02047450238395
