1.7958800173440752
154 1.0 38.92312411360697
155 1.0 39.65608647202028
163 1.0 27.444701699266258
210 1.3010299956639813 20.74943729156614
234 1.3010299956639813 20.74943729156614
335 1.0 26.592389103304416
402 1.0 24.177242781351655
410 1.3010299956639813 20.74943729156614
777 1.0 24.177242781351655
778 1.0 25.828938051552868
779 1.0 28.58117033955364
780 1.6020599913279625 29.39263705080337
781 1.4771212547196624 26.78123592188267
782 1.4771212547196624 28.670617617530514
783 1.0 24.23640676791617
87 1.0 24.835731385689954
