1.5086383061657274
111 1.0 18.8928542926875
131 1.0 31.908356378043813
134 1.3010299956639813 29.51314963866556
135 1.0 23.727421112255122
137 1.0 22.26891535791042
145 1.6020599913279625 38.43033977941447
146 1.4771212547196624 38.26126400416704
147 1.3010299956639813 39.718947201261805
148 1.7781512503836436 36.70053413239285
152 1.0 27.106140088612186
153 1.0 38.91027615891787
154 1.0 39.64347606197456
235 1.0 23.489746840008912
24 1.0 22.69262746225858
313 1.0 16.688807985466465
378 1.3010299956639813 24.653480438007165
382 1.0 23.381346006518903
388 1.0 17.383230863411256
389 1.0 22.987930278533103
735 1.0 26.464092456397857
737 1.3010299956639813 23.235022308206137
741 1.0 21.665271886223913
748 1.3010299956639813 22.56508767539272
749 1.3010299956639813 20.209996528594978
780 1.6989700043360187 28.653172853466874
781 1.6020599913279625 24.215767859390553
782 1.9030899869919435 28.8122112955473
886 1.0 16.688807985466465
890 1.0 15.846061238571657
895 1.0 16.22969191138666
909 1.0 18.220820409533506
