0.9030899869919435
115 1.4771212547196624 17.956167137974
119 1.0 22.648675884415564
120 1.0 16.42166336328676
121 1.3010299956639813 25.97780851667672
122 1.3010299956639813 21.918380641831487
124 1.0 17.76930122808498
125 1.0 19.0809900086681
126 1.0 17.339097888099232
127 1.3010299956639813 18.613796434027876
132 1.0 31.170157473839097
171 1.4771212547196624 13.78444399364049
184 1.3010299956639813 24.619860170608522
187 1.0 18.36761931536485
190 1.7781512503836436 30.967630313961816
208 1.0 19.715082278253885
22 1.0 20.017303363514117
248 1.7781512503836436 22.73469994483774
259 1.0 27.067295817703585
260 1.3010299956639813 40.46004416097286
261 1.4771212547196624 13.352051568094932
262 1.3010299956639813 21.133916878571615
265 1.3010299956639813 23.98572466518575
26 1.3010299956639813 18.618919907073398
277 1.9030899869919435 24.417648522770687
283 1.3010299956639813 15.990191960562015
284 1.0 27.31523209193297
285 1.0 30.562929415100232
304 1.4771212547196624 17.956167137974
305 1.0 18.712967679843132
309 1.4771212547196624 16.353960229243555
310 1.0 18.574581934797493
311 1.3010299956639813 16.33409561676385
313 1.0 16.688807985466465
316 1.3010299956639813 16.400885878921038
317 1.0 15.824754366327694
318 1.4771212547196624 15.762695037388225
351 1.0 22.293535126779712
396 1.845098040014257 34.747346764383785
398 1.3010299956639813 31.04754842191709
414 1.0 16.825205266315407
417 1.3010299956639813 15.908222464211535
41 1.3010299956639813 20.87407005016222
440 1.0 31.719953794102054
452 1.4771212547196624 19.142693477683043
457 1.0 24.521319277035015
477 1.0 18.712967679843132
482 1.4771212547196624 16.353960229243555
483 1.0 16.072305173973206
484 1.0 14.841497874872914
496 1.0 21.534181820846815
499 1.3010299956639813 27.781754633425805
500 1.3010299956639813 24.619860170608522
511 1.3010299956639813 21.085117241154542
512 1.9542425094393248 17.487616504038936
514 1.9030899869919435 23.1822442953396
516 1.0 16.59643675700407
519 1.0 25.19479562289961
51 1.3010299956639813 16.468103731109437
524 1.3010299956639813 20.518967135692183
53 1.3010299956639813 15.484623446241047
545 1.0 23.297633308982533
547 1.0 19.03026025482742
551 1.6020599913279625 21.162559580914515
553 1.6020599913279625 17.922498457011667
554 1.6989700043360187 22.40007556792627
56 1.0 16.008658872883498
579 1.3010299956639813 16.468103731109437
584 1.3010299956639813 30.950545053399313
585 1.3010299956639813 15.484623446241047
597 1.9030899869919435 19.894981669475758
610 1.4771212547196624 16.926793752845303
611 1.3010299956639813 16.37139499661555
612 1.0 22.300659992929845
615 1.0 23.88195453063762
617 1.3010299956639813 16.258590605316485
622 1.3010299956639813 16.29894691934756
625 1.0 16.008658872883498
628 1.0 17.4321572644572
630 1.0 16.96541394633868
631 1.6020599913279625 19.950177336902193
632 1.0 22.247424428787344
633 1.0 20.514540434900287
634 1.0 21.49965573905078
635 1.0 18.02903493564441
636 1.4771212547196624 15.995025442232151
637 1.0 15.345166756496607
638 1.3010299956639813 17.972508687822355
639 1.845098040014257 16.56038138552629
670 1.0 20.6370767184495
673 1.0 19.039369057845647
674 1.0 18.14076911717772
677 1.3010299956639813 19.89770402247368
67 1.0 17.749330468393577
680 1.0 17.012055796954062
681 1.0 18.065059521538757
684 1.0 17.964183562785355
685 1.0 17.175414668708417
693 1.0 18.104685257403954
731 1.0 28.951588555136127
770 1.3010299956639813 31.04754842191709
805 1.0 24.462808310936932
814 1.0 26.382740623521833
817 1.0 18.36761931536485
820 1.7781512503836436 30.967630313961816
826 1.0 21.534181820846815
828 1.3010299956639813 27.781754633425805
829 1.3010299956639813 24.619860170608522
883 1.0 18.574581934797493
884 1.3010299956639813 16.33409561676385
886 1.0 16.688807985466465
905 1.0 12.939727781536746
908 1.0 15.998023604552252
912 1.4771212547196624 21.510199531662707
923 1.0 21.33531539196555
928 1.3010299956639813 18.737561566460872
933 1.4771212547196624 22.32890278912787
948 1.3010299956639813 19.383510389270164
959 1.0 20.989047238821517
960 1.0 19.164284103879986
964 1.6020599913279625 18.40060383547051
970 1.0 20.574683754662654
989 1.6020599913279625 18.267442413672814
990 1.4771212547196624 17.043147830109415
992 1.0 20.972634792127216
996 1.3010299956639813 16.28971068168109
