1.7958800173440752
313 1.0 16.688807985466465
414 1.0 16.825205266315407
443 1.0 29.509952060039822
543 1.0 21.709967055619686
553 1.3010299956639813 17.922498457011667
554 1.3010299956639813 22.40007556792627
635 1.0 18.02903493564441
664 1.0 20.597926648495577
814 1.0 26.382740623521833
886 1.0 16.688807985466465
912 1.9030899869919435 21.510199531662707
917 1.0 20.297410938444266
951 1.3010299956639813 16.18204005064504
955 1.0 20.597926648495577
957 1.0 20.46054266240951
979 1.9030899869919435 19.907440181516993
