1.4814860601221125
122 1.3010299956639813 25.99704858881334
148 1.0 39.73153365749456
149 1.0 36.714155384577936
155 1.0 39.65608647202028
174 1.6989700043360187 25.443847031718235
175 1.0 18.88811507135678
191 1.3010299956639813 30.983771998615772
205 1.3010299956639813 18.460464588544884
232 1.3010299956639813 18.460464588544884
25 1.0 18.174910176754217
270 1.0 26.10422328297102
341 1.0 20.951702374187988
444 1.3010299956639813 29.526890635247195
459 1.6020599913279625 24.541701226408268
500 1.3010299956639813 27.79974623106974
502 1.3010299956639813 18.60296721930803
506 1.0 20.117459620901656
557 1.6020599913279625 32.03860327247943
558 1.0 29.49056558466878
572 1.0 29.842988809469816
573 1.3010299956639813 34.62164344212061
657 1.3010299956639813 18.460464588544884
693 1.0 16.43520777799439
808 1.0 27.292695599132404
823 1.3010299956639813 30.983771998615772
831 1.3010299956639813 27.79974623106974
854 1.0 20.336569559735775
911 1.0 21.53343177229172
916 1.0 20.322029692038072
918 1.0 24.222096258795588
94 1.6020599913279625 40.42228834338309
953 1.0 19.129941566095997
956 1.0 20.484965365855015
