1.721246399047171
187 1.0 25.365184410989947
1 1.0 24.099314783282633
249 1.0 22.75668213035031
259 1.0 34.168322910342354
276 1.0 20.303531424387252
295 1.0 18.766205879960378
535 1.0 18.139512907437105
565 1.0 25.067378635529828
593 1.0 18.09585950831236
598 1.0 19.920097781606806
59 1.0 17.054311793451188
60 1.3010299956639813 20.310156825129837
660 1.0 17.054311793451188
668 1.0 16.496123636808157
84 1.0 25.365184410989947
85 1.0 20.97110134921298
968 1.0 20.745195199857015
981 1.4771212547196624 19.04032511818754
982 1.0 19.85729433713603
