1.5086383061657274
147 1.0 39.718947201261805
211 1.0 22.03031942410671
212 1.0 19.272892292014472
230 1.0 19.818484653329044
242 1.0 17.48060764330447
243 1.4771212547196624 25.8105965022697
260 1.0 40.46004416097286
278 1.0 17.70612989299446
282 1.3010299956639813 19.08990744429096
290 1.0 17.858124243150325
295 1.0 21.53759215073197
325 1.0 26.246066768442137
332 1.3010299956639813 24.231012577485338
336 1.0 17.48060764330447
337 1.4771212547196624 25.8105965022697
342 1.0 22.806563635018236
498 1.0 19.818484653329044
519 1.0 25.19479562289961
546 1.0 20.3971096387274
561 1.0 20.6139191343978
568 1.0 21.196876683380644
642 1.0 19.614776409036214
655 1.0 19.818484653329044
666 1.0 20.41689440117043
69 1.0 26.41557398804616
92 1.0 19.083829329388184
942 1.3010299956639813 17.99083394469146
972 1.0 19.669462220826514
976 1.0 19.01089422974206
985 1.3010299956639813 17.667633952974512
991 1.0 19.241200976831678
