1.8239087409443189
153 1.3010299956639813 38.91027615891787
157 1.0 40.355627938282694
159 1.3010299956639813 33.49922392874927
160 1.3010299956639813 40.68185651929256
163 1.0 29.043663537477517
386 1.0 21.856373350068075
401 1.6020599913279625 24.1565533242725
488 1.0 18.786565844786978
775 1.6020599913279625 24.1565533242725
777 1.6020599913279625 28.5636709471766
778 1.0 29.375621062375156
779 1.0 26.762559621671812
780 1.0 28.653172853466874
782 1.0 28.8122112955473
954 1.4771212547196624 19.103786648783725
