1.6989700043360187
121 1.0 25.97780851667672
190 1.0 30.967630313961816
227 1.0 19.245446135136124
257 1.3010299956639813 32.04340428656301
270 1.0 27.27789276817213
280 1.0 20.36083120666262
285 1.0 30.562929415100232
327 1.0 32.86526353435894
330 1.0 26.423852520632007
398 1.0 31.04754842191709
560 1.0 26.176582993590046
562 1.0 23.455333927936188
568 1.0 21.196876683380644
576 1.0 21.517861792661158
583 1.0 23.271290483826427
770 1.0 31.04754842191709
772 1.0 23.117420198200822
820 1.0 30.967630313961816
991 1.0 19.241200976831678
992 1.3010299956639813 20.972634792127216
