1.408935392973501
111 1.0 18.8928542926875
131 1.0 31.908356378043813
132 1.0 31.170157473839097
133 1.0 27.54885932499107
137 1.0 22.26891535791042
140 1.0 22.06065850896495
145 1.4771212547196624 38.43033977941447
146 2.0 38.26126400416704
147 2.079181246047625 39.718947201261805
148 1.6020599913279625 36.70053413239285
149 1.0 30.628195318865107
150 1.0 28.679701781112843
153 1.3010299956639813 38.91027615891787
154 1.6020599913279625 39.64347606197456
156 1.4771212547196624 27.300266473449927
157 1.6020599913279625 40.355627938282694
158 1.0 34.64884871982456
160 1.0 40.68185651929256
22 1.0 20.017303363514117
288 1.0 19.392382017280667
340 1.3010299956639813 20.927824358412284
341 1.0 19.392382017280667
382 1.0 23.381346006518903
386 1.0 21.856373350068075
389 1.0 22.987930278533103
415 1.0 19.419275690945604
660 1.0 17.15044222388708
735 1.0 26.464092456397857
737 1.0 23.235022308206137
741 1.0 21.665271886223913
748 1.0 22.56508767539272
749 1.0 20.209996528594978
771 1.4771212547196624 25.078312841330952
774 1.0 20.078881121899666
782 1.0 28.8122112955473
811 1.3010299956639813 16.52497719495689
813 1.0 20.580671285807178
814 1.0 26.382740623521833
910 1.0 17.02047450238395
