1.7695510786217261
133 1.0 27.54885932499107
210 1.4771212547196624 19.851353724768064
2 1.0 25.653725024939046
386 1.0 21.856373350068075
396 1.3010299956639813 34.747346764383785
3 1.0 25.653725024939046
405 1.0 17.108838352647496
411 2.113943352306837 21.73531037580023
475 1.0 15.713768088124892
502 1.4771212547196624 24.947803517854027
503 1.0 18.364443485111277
77 1.0 16.876185748875265
799 1.0 21.750977795505374
800 1.0 21.474900607430737
812 1.0 21.474900607430737
815 1.0 16.876185748875265
858 1.0 13.035902922287718
