1.744727494896694
136 1.0 22.900372757632663
155 1.3010299956639813 32.78554205971943
160 1.0 40.68185651929256
294 1.0 18.739543300973466
327 1.0 32.86526353435894
485 1.0 18.6714979484428
551 1.0 21.162559580914515
556 1.0 32.02299329624464
557 1.0 29.473606133346674
559 1.3010299956639813 32.39203154477896
560 1.0 26.176582993590046
569 1.7781512503836436 34.990949277994865
580 1.0 25.521710205582426
592 1.0 18.068207751312215
65 1.3010299956639813 18.816428542926165
865 1.0 36.420319557775116
919 1.0 24.20144514632048
93 1.3010299956639813 40.4099170367325
