1.0757207139381184
116 1.0 21.142493979490386
131 1.0 31.908356378043813
132 1.4771212547196624 31.170157473839097
133 1.3010299956639813 27.54885932499107
134 1.4771212547196624 29.51314963866556
135 1.3010299956639813 23.727421112255122
136 1.6989700043360187 22.900372757632663
137 1.3010299956639813 22.26891535791042
145 1.9030899869919435 38.43033977941447
146 2.1760912590556813 38.26126400416704
147 1.845098040014257 39.718947201261805
148 1.6989700043360187 36.70053413239285
149 1.3010299956639813 30.628195318865107
150 1.4771212547196624 28.679701781112843
151 1.3010299956639813 26.41677324871767
152 1.0 27.106140088612186
153 1.3010299956639813 38.91027615891787
155 1.0 32.78554205971943
156 1.3010299956639813 27.300266473449927
158 1.6989700043360187 34.64884871982456
159 1.4771212547196624 33.49922392874927
160 1.6020599913279625 40.68185651929256
161 2.204119982655925 29.183057629910973
162 1.7781512503836436 27.42647719561716
163 1.6989700043360187 29.043663537477517
174 1.0 18.86162482260781
175 1.6020599913279625 22.356903676375765
182 1.3010299956639813 13.336112800340645
1 1.0 24.469666509833758
22 1.0 20.017303363514117
241 1.3010299956639813 20.323087997959746
25 1.0 18.14737887225271
270 1.3010299956639813 27.27789276817213
275 1.0 20.27889021374396
280 1.0 20.36083120666262
282 1.0 19.08990744429096
284 1.0 27.31523209193297
315 1.0 16.836578834986856
319 1.0 13.968866600762256
322 1.0 19.969477691964787
329 1.3010299956639813 24.995158982809944
335 1.0 27.194637545841633
338 1.0 21.754781863703386
347 1.0 18.41382190706093
382 1.0 23.381346006518903
389 1.0 22.987930278533103
38 1.0 15.242601505439389
398 1.0 31.04754842191709
440 1.0 31.719953794102054
470 1.0 23.994543772969674
490 1.0 18.129559630239218
492 1.0 15.242601505439389
509 1.0 21.57146234433863
50 1.0 14.451107282168001
518 1.0 20.682013519960595
533 1.3010299956639813 19.696864101303447
535 1.3010299956639813 17.779601462975204
554 1.0 22.40007556792627
59 1.0 17.024968450726956
62 1.3010299956639813 20.323087997959746
631 1.0 19.950177336902193
632 1.0 22.247424428787344
633 1.0 20.514540434900287
642 1.0 19.614776409036214
643 1.0 19.629733620293802
659 1.0 17.024968450726956
665 1.0 21.956288146883587
731 1.0 28.951588555136127
741 1.0 21.665271886223913
745 1.0 19.115864173216895
748 1.0 22.56508767539272
749 1.3010299956639813 20.209996528594978
770 1.0 31.04754842191709
771 1.0 25.078312841330952
782 1.6020599913279625 28.8122112955473
807 1.6020599913279625 23.916854058840084
811 1.0 16.52497719495689
813 1.3010299956639813 20.580671285807178
814 1.6989700043360187 26.382740623521833
816 1.0 14.352205274873025
888 1.0 16.836578834986856
908 1.0 15.998023604552252
928 1.0 18.737561566460872
961 1.0 20.820071638418433
