1.585026652029182
116 1.0 21.142493979490386
135 1.0 23.727421112255122
136 1.0 22.900372757632663
196 1.0 21.713143045615993
211 1.0 22.03031942410671
258 1.0 34.15368633845293
260 1.0 40.46004416097286
267 1.0 24.25543451426215
288 1.3010299956639813 19.392382017280667
322 1.0 19.969477691964787
341 1.3010299956639813 19.392382017280667
348 1.0 16.926861864319864
457 1.0 24.521319277035015
638 1.0 17.972508687822355
650 1.0 21.713143045615993
66 1.0 17.276058696601304
673 1.0 19.039369057845647
677 1.0 19.89770402247368
680 1.0 17.012055796954062
809 1.0 19.258313969819948
878 1.0 33.105865818015594
90 1.0 21.713143045615993
93 1.0 40.4099170367325
969 1.0 20.721079216106737
971 1.0 18.789785549650443
974 1.0 18.84312245235009
