1.1426675035687315
107 1.0 21.261407681253527
110 1.0 16.382580531642766
111 1.0 16.152248564614663
112 1.0 16.283682408859754
113 1.0 16.11034052774081
114 1.0 16.193892293870782
115 1.0 16.237932532274638
116 1.0 16.285640371001193
117 1.0 21.166129822732998
132 1.0 31.9240224086541
134 1.0 27.567002922119546
136 1.0 23.748484428238577
141 1.0 22.083311659467373
155 1.0 39.65608647202028
158 1.0 40.36801588254125
161 1.3010299956639813 40.68786868352573
162 1.0 29.200185832126223
163 1.0 27.444701699266258
164 1.0 29.060873897358988
191 1.0 30.983771998615772
206 1.0 18.054340943557705
236 1.0 23.511023087218234
249 1.0 22.75668213035031
251 1.0 16.101277881366933
252 1.0 15.94853123487721
258 1.0 32.05900432440354
260 1.0 27.085761995614487
261 1.7781512503836436 40.472400145134394
268 1.0 24.276039699169623
308 1.6020599913279625 18.477335563541324
309 1.3010299956639813 17.72718103523344
310 1.0 16.384505338266393
317 1.0 16.431343755560334
328 1.0 32.88047364596294
444 1.0 29.526890635247195
478 1.0 16.265225052820202
479 1.0 16.116413501007873
480 1.0 16.113389796665334
486 1.0 18.698257556219072
527 1.0 20.61363026869414
529 1.0 16.631082353314728
550 1.0 22.418090015600434
557 1.3010299956639813 32.03860327247943
560 1.0 32.40746376373745
572 1.3010299956639813 29.842988809469816
573 1.0 34.62164344212061
578 1.0 16.152119214909096
585 1.0 30.96669564390913
612 1.0 16.40190763707712
615 1.3010299956639813 17.287230481631443
617 1.0 16.314388963414707
618 1.0 16.289314548847216
619 1.0 16.011110159818838
620 1.0 16.033724637658167
622 1.0 16.21874466519853
625 1.0 16.28000849899647
658 1.0 18.054340943557705
666 1.0 21.979048869070308
808 1.0 27.292695599132404
823 1.0 30.983771998615772
890 1.6020599913279625 18.477335563541324
891 1.3010299956639813 17.72718103523344
892 1.0 16.384505338266393
90 1.0 17.747677710827986
92 1.0 21.402892320890444
930 1.0 22.37231226242215
941 1.0 18.01860444167257
94 1.4771212547196624 40.42228834338309
961 1.0 18.914849636919964
993 1.0 16.101277881366933
995 1.0 16.320376040179806
996 1.0 15.94853123487721
