1.5228787452803376
198 1.0 19.930084158480717
210 1.3010299956639813 19.851353724768064
211 1.0 22.03031942410671
228 1.0 19.894315832793946
242 1.0 17.48060764330447
285 1.0 30.562929415100232
336 1.0 17.48060764330447
522 1.0 19.672274363144883
543 1.0 21.709967055619686
545 1.0 23.297633308982533
596 1.0 19.971318757650213
607 1.3010299956639813 15.451856847580665
652 1.0 19.930084158480717
671 1.0 19.58191513861614
672 1.0 17.43535257958473
69 1.0 26.41557398804616
912 1.0 21.510199531662707
917 1.0 20.297410938444266
93 1.0 40.4099170367325
951 1.0 16.18204005064504
952 1.0 25.38787746985513
953 1.0 19.174774193635493
967 1.0 20.350189453749287
972 1.0 19.669462220826514
973 1.0 19.582782794447926
975 1.0 17.854534961736917
977 1.0 19.099167857362065
985 1.0 17.667633952974512
987 1.0 21.088601776656837
991 1.0 19.241200976831678
