1.337242168318426
189 1.6020599913279625 22.794574400913437
205 1.0 18.460464588544884
213 1.0 19.298818028563065
232 1.0 18.460464588544884
258 1.6989700043360187 32.05900432440354
260 1.0 27.085761995614487
261 1.3010299956639813 40.472400145134394
266 1.0 24.006561347142163
269 1.3010299956639813 28.06641091839446
282 1.0 18.824144686242487
285 1.0 27.333530767834674
328 1.6989700043360187 32.88047364596294
329 1.4771212547196624 24.220820861806594
330 1.6020599913279625 25.015154858124397
332 1.3010299956639813 26.156648054217282
333 1.4771212547196624 24.251638512278973
335 1.0 26.592389103304416
341 1.0 20.951702374187988
344 1.6020599913279625 20.86119657744264
347 1.0 14.556617982255124
41 1.0 20.898009485572526
446 1.3010299956639813 21.762871720842014
473 1.0 20.456210819322695
491 1.3010299956639813 18.157117953750248
527 1.0 20.61363026869414
546 1.0 23.31908484052949
565 1.0 25.067378635529828
566 1.3010299956639813 24.435514902659826
567 1.0 23.07027838400899
581 1.0 25.541293855592556
582 1.3010299956639813 26.849702075967517
585 1.0 30.96669564390913
598 1.3010299956639813 19.920097781606806
648 1.6020599913279625 22.794574400913437
657 1.0 18.460464588544884
664 1.3010299956639813 17.88199680559741
807 1.3010299956639813 24.483238969908477
809 1.3010299956639813 23.93775068948324
911 1.0 21.53343177229172
936 1.4771212547196624 20.64389709578883
939 1.4771212547196624 19.57746517154891
942 1.6020599913279625 19.45006435459591
945 1.0 16.481630601170867
953 1.0 19.129941566095997
964 1.0 15.603652384930466
968 1.0 20.745195199857015
