1.6020599913279623
1000 1.0 16.797636183579463
132 1.0 31.9240224086541
146 1.0 38.443348131520054
153 1.0 27.124579821694358
155 1.0 39.65608647202028
189 1.3010299956639813 22.794574400913437
21 1.0 18.049400889846094
256 1.0 16.797636183579463
353 1.0 25.406505472371265
379 1.0 24.673753214847594
381 1.0 17.128445544541883
383 1.0 23.402720804995248
387 1.0 21.87923801272718
422 1.0 19.196609027115258
503 1.0 24.96783731854743
523 1.3010299956639813 19.697674446970826
648 1.3010299956639813 22.794574400913437
69 1.0 26.43449543906486
736 1.4771212547196624 26.48297924216182
738 1.3010299956639813 23.256531591422583
778 1.0 25.828938051552868
780 1.3010299956639813 29.39263705080337
882 1.0 18.91930081490118
947 1.0 19.409288369513817
94 1.0 40.42228834338309
