1.3767507096020994
190 1.0 30.967630313961816
198 1.0 19.930084158480717
208 1.0 19.715082278253885
210 1.0 19.851353724768064
228 1.0 19.894315832793946
235 1.0 23.489746840008912
243 1.0 25.8105965022697
258 1.0 34.15368633845293
260 1.3010299956639813 40.46004416097286
281 1.0 18.79756428818881
285 1.6989700043360187 30.562929415100232
321 1.4771212547196624 19.38943069849081
337 1.0 25.8105965022697
384 1.0 18.637274062594784
398 1.4771212547196624 31.04754842191709
417 1.0 15.908222464211535
440 1.6989700043360187 31.719953794102054
443 1.0 29.509952060039822
471 1.0 26.179338818270686
565 1.0 24.415044307928472
571 1.6989700043360187 29.826229749704215
60 1.0 20.28552366248819
652 1.0 19.930084158480717
666 1.4771212547196624 20.41689440117043
673 1.0 19.039369057845647
67 1.0 17.749330468393577
69 1.0 26.41557398804616
731 1.6989700043360187 28.951588555136127
732 1.0 24.075837860598885
746 1.6020599913279625 22.32660375113389
750 1.0 24.739780818458456
770 1.4771212547196624 31.04754842191709
771 1.0 25.078312841330952
772 1.6989700043360187 23.117420198200822
820 1.0 30.967630313961816
862 1.0 22.500892102974184
86 1.3010299956639813 24.815590935179138
953 1.0 19.174774193635493
959 1.4771212547196624 20.989047238821517
962 1.0 18.888396882406173
992 1.0 20.972634792127216
993 1.3010299956639813 33.541218365030296
