1.6382721639824072
213 1.0 18.016798133940682
243 1.0 25.8105965022697
268 1.0 28.048590371713367
331 1.0 26.137525464974466
334 1.0 26.57358007912264
337 1.0 25.8105965022697
396 1.3010299956639813 34.747346764383785
430 1.0 21.053048712370824
432 1.0 24.66037937080602
434 1.0 24.448105419498397
496 1.0 21.534181820846815
497 1.0 22.57404561538827
515 1.0 20.34226440586786
556 1.0 32.02299329624464
557 1.0 29.473606133346674
569 1.0 34.990949277994865
572 1.4771212547196624 34.607198595571596
753 1.0 21.70542592404138
806 1.0 27.27436952647854
826 1.0 21.534181820846815
827 1.0 22.57404561538827
86 1.0 24.815590935179138
918 1.0 21.05942217315108
