1.2441251443275085
109 1.3010299956639813 15.561030750337954
122 1.4771212547196624 25.99704858881334
185 1.7781512503836436 24.640160608655044
190 1.0 20.72132492096882
191 2.0 30.983771998615772
214 1.0 18.044528672125754
261 1.0 40.472400145134394
262 1.0 13.389446630726244
289 1.0 19.41814822026422
327 1.0 21.408537178610665
342 1.0 19.41814822026422
380 1.4771212547196624 15.615254870204684
382 1.4771212547196624 13.947325129469858
399 1.3010299956639813 31.06364857854412
421 2.0413926851582254 22.714705200606023
422 1.0 19.196609027115258
441 1.0 31.735712827979288
457 1.6020599913279625 18.43689483349195
458 1.4771212547196624 17.695365074715316
481 1.0 15.708611586019918
497 1.0 21.557388215952543
500 1.7781512503836436 27.79974623106974
501 1.7781512503836436 24.640160608655044
506 1.3010299956639813 20.117459620901656
512 1.6020599913279625 21.108817330045582
515 2.079181246047625 23.20380250236597
558 1.3010299956639813 29.49056558466878
572 1.0 29.842988809469816
585 1.0 30.96669564390913
607 1.0 13.61792327873141
609 1.0 13.38381777866283
610 1.0 13.243797047954057
628 1.0 15.593254352876475
630 1.0 15.480740248068322
732 1.845098040014257 28.96885361670166
740 1.3010299956639813 14.870504244951293
747 1.7781512503836436 22.34898733858306
772 1.3010299956639813 31.06364857854412
775 1.6989700043360187 23.494249679152507
822 1.0 20.72132492096882
823 2.0 30.983771998615772
829 1.0 21.557388215952543
831 1.7781512503836436 27.79974623106974
834 1.0 14.327351526296884
854 1.0 20.336569559735775
867 1.0 36.43404557128479
895 1.0 15.682046710929198
90 1.0 17.747677710827986
911 1.0 21.53343177229172
913 1.4771212547196624 18.473312192215285
916 1.0 20.322029692038072
917 1.3010299956639813 21.083151146519995
922 1.6020599913279625 21.35873785771627
928 1.0 13.530775756530662
929 1.7781512503836436 15.284913596427298
92 1.4771212547196624 21.402892320890444
932 2.0 22.35128407421646
