0.9430951486635274
1000 1.0 16.797636183579463
132 2.146128035678238 31.9240224086541
133 1.9030899869919435 31.18619433249154
134 1.845098040014257 27.567002922119546
135 1.4771212547196624 29.53008637972915
136 1.3010299956639813 23.748484428238577
137 1.4771212547196624 22.922196064917607
138 1.4771212547196624 22.291356872514033
139 1.4771212547196624 17.437449700363672
143 1.0 21.629493927449314
144 1.0 19.628955678670632
146 1.4771212547196624 38.443348131520054
147 1.9030899869919435 38.27432982034523
148 1.6989700043360187 39.73153365749456
149 1.7781512503836436 36.714155384577936
150 1.4771212547196624 30.64451579794581
151 1.3010299956639813 28.69713041845068
152 1.0 26.43569384136088
153 1.4771212547196624 27.124579821694358
154 1.9542425094393248 38.92312411360697
155 1.9542425094393248 39.65608647202028
156 1.6989700043360187 32.80078913912944
157 1.3010299956639813 27.318575173705053
158 1.7781512503836436 40.36801588254125
159 1.6989700043360187 34.663276209978875
160 1.0 33.51414632402991
161 2.0 40.68786868352573
162 1.3010299956639813 29.200185832126223
163 1.6020599913279625 27.444701699266258
164 1.3010299956639813 29.060873897358988
170 1.4771212547196624 16.92269399053892
186 1.0 17.074068216246978
189 1.7781512503836436 22.794574400913437
18 1.0 14.30779009010065
21 1.0 18.049400889846094
22 1.0 20.042266187907835
23 1.3010299956639813 18.927700473196293
244 1.0 25.829961126625353
256 1.0 16.797636183579463
274 1.3010299956639813 16.400153272087692
296 1.0 21.560794875219035
305 1.7781512503836436 17.98399116678101
308 1.3010299956639813 18.477335563541324
309 1.0 17.72718103523344
313 1.3010299956639813 16.271444758929782
318 1.3010299956639813 15.856318953483731
335 1.6989700043360187 26.592389103304416
338 1.0 25.829961126625353
341 1.0 20.951702374187988
353 1.3010299956639813 25.406505472371265
358 1.0 15.03049511803453
379 1.845098040014257 24.673753214847594
381 1.0 17.128445544541883
383 1.3010299956639813 23.402720804995248
387 1.4771212547196624 21.87923801272718
389 1.0 17.411970458585486
390 1.4771212547196624 23.009670542854348
402 1.6989700043360187 24.177242781351655
413 1.0 19.441687508621293
436 1.3010299956639813 18.15542263413017
482 1.0 19.755861749534457
484 1.4771212547196624 16.33121855046969
487 1.3010299956639813 19.112909051912595
489 1.4771212547196624 18.813161782127867
512 1.3010299956639813 21.108817330045582
544 1.4771212547196624 21.7329857487666
545 1.0 16.369127366332837
56 1.6020599913279625 16.039861561383614
574 1.0 16.969820351885488
613 1.0 22.32306959448592
616 1.6989700043360187 23.902881671535816
620 1.3010299956639813 16.033724637658167
626 1.6020599913279625 16.039861561383614
634 1.0 20.53889892996114
640 1.0 16.590546453751475
648 1.7781512503836436 22.794574400913437
666 1.0 21.979048869070308
679 1.0 17.421072102946884
695 1.0 13.748192686610185
69 1.3010299956639813 26.43449543906486
713 1.0 16.184280047905055
732 1.3010299956639813 28.96885361670166
736 1.4771212547196624 26.48297924216182
738 1.3010299956639813 23.256531591422583
742 1.4771212547196624 21.68833801617828
749 1.0 22.58723493033533
750 1.0 20.234721635985533
773 1.3010299956639813 25.098242467704086
777 1.6989700043360187 24.177242781351655
778 1.4771212547196624 25.828938051552868
779 1.9030899869919435 28.58117033955364
780 1.9542425094393248 29.39263705080337
781 1.4771212547196624 26.78123592188267
782 2.0413926851582254 28.670617617530514
783 1.6020599913279625 24.23640676791617
784 1.9030899869919435 28.829559825624525
816 1.0 26.40168560543113
836 1.0 19.384867469169826
87 1.9030899869919435 24.835731385689954
886 1.7781512503836436 17.98399116678101
889 1.0 17.074068216246978
890 1.3010299956639813 18.477335563541324
891 1.0 17.72718103523344
897 1.3010299956639813 15.971940710676494
908 1.0 18.24824091238585
909 1.6020599913279625 17.04982557935131
914 1.0 15.862380670664196
935 1.3010299956639813 21.549494779071786
94 1.6989700043360187 40.42228834338309
953 1.0 19.129941566095997
976 1.0 19.12532909112134
977 1.0 17.376734020918096
980 1.6020599913279625 18.174623439227215
985 1.0 20.023207099137547
