1.853871964321762
327 1.0 21.408537178610665
397 1.0 34.76173337398946
570 1.3010299956639813 35.00523577088447
581 1.3010299956639813 25.541293855592556
585 1.3010299956639813 30.96669564390913
629 1.0 17.460816329506702
631 1.0 16.9948601162417
632 1.4771212547196624 19.9752240481514
633 1.6989700043360187 22.269887599954423
634 1.4771212547196624 20.53889892996114
636 1.0 18.05674668124595
732 1.3010299956639813 28.96885361670166
918 1.4771212547196624 24.222096258795588
94 1.0 40.42228834338309
