0.8446639625349383
113 1.0 16.83451201033724
114 1.0 16.58655052158543
118 1.3010299956639813 14.550756333462834
122 1.0 21.918380641831487
127 1.0 18.613796434027876
137 1.0 22.26891535791042
160 2.278753600952829 40.68185651929256
170 1.3010299956639813 17.270901992246657
171 1.0 13.78444399364049
192 1.0 19.898472476859148
193 1.6020599913279625 17.74702978158316
194 1.0 16.794834479301993
195 1.0 16.794834479301993
197 1.0 17.97236948828946
199 1.0 22.603396897878287
1 1.0 24.469666509833758
204 1.0 18.43335978124768
205 1.0 18.02662549969417
208 1.0 19.715082278253885
213 1.0 18.016798133940682
216 1.0 16.721725650862297
218 1.3010299956639813 20.03551983762025
229 1.0 22.603396897878287
231 1.0 18.43335978124768
258 1.7781512503836436 34.15368633845293
259 1.0 27.067295817703585
25 1.0 18.14737887225271
265 1.6989700043360187 23.98572466518575
271 1.3010299956639813 14.256693170752603
277 1.4771212547196624 24.417648522770687
279 1.0 19.349744435445626
282 1.3010299956639813 19.08990744429096
285 1.0 30.562929415100232
288 1.0 19.392382017280667
2 1.4771212547196624 25.653725024939046
303 1.0 16.58655052158543
313 1.0 16.688807985466465
325 1.6020599913279625 26.246066768442137
326 1.0 21.385169256471997
328 1.3010299956639813 24.20016866097684
335 2.0413926851582254 27.194637545841633
340 1.0 20.927824358412284
341 1.0 19.392382017280667
342 1.0 22.806563635018236
396 1.6989700043360187 34.747346764383785
398 1.6989700043360187 31.04754842191709
3 1.4771212547196624 25.653725024939046
430 1.0 21.053048712370824
432 1.0 24.66037937080602
433 1.0 26.035075059878718
434 1.0 24.448105419498397
444 1.0 16.89424162983062
456 1.0 17.667086492329588
47 1.3010299956639813 19.524027135780376
490 1.0 18.129559630239218
493 1.3010299956639813 22.45238647455196
494 1.0 16.83451201033724
495 1.0 17.04471738567224
497 1.0 22.57404561538827
499 1.0 27.781754633425805
4 1.0 14.37807423684427
502 1.3010299956639813 24.947803517854027
504 1.0 17.799185167779708
505 1.0 20.09259021626153
514 1.0 23.1822442953396
515 1.0 20.34226440586786
519 1.6020599913279625 25.19479562289961
522 1.3010299956639813 19.672274363144883
523 1.0 18.160502520733715
529 1.0 16.990062759002303
530 1.6020599913279625 20.54820717542731
533 1.3010299956639813 19.696864101303447
545 1.3010299956639813 23.297633308982533
548 1.0 19.647259077738575
551 1.0 21.162559580914515
556 1.7781512503836436 32.02299329624464
557 1.0 29.473606133346674
560 1.6020599913279625 26.176582993590046
564 1.0 25.047424451568215
565 1.0 24.415044307928472
566 1.0 23.04859528725498
578 1.0 17.196077893890912
580 1.4771212547196624 25.521710205582426
581 2.5185139398778875 26.831073433021917
583 1.6020599913279625 23.271290483826427
584 1.0 30.950545053399313
591 1.0 15.92624199010319
597 1.0 19.894981669475758
599 1.0 18.573663222245116
59 1.0 17.024968450726956
5 1.0 18.45678502981382
60 1.3010299956639813 20.28552366248819
615 1.0 23.88195453063762
632 1.3010299956639813 22.247424428787344
642 1.0 19.614776409036214
643 1.0 19.629733620293802
648 1.0 19.898472476859148
649 1.6020599913279625 17.74702978158316
651 1.0 17.97236948828946
653 1.0 22.603396897878287
654 1.3010299956639813 22.45238647455196
656 1.0 18.43335978124768
657 1.0 18.02662549969417
659 1.0 17.024968450726956
662 1.0 19.41917384237332
67 1.3010299956639813 17.749330468393577
732 1.0 24.075837860598885
770 1.6989700043360187 31.04754842191709
776 1.0 25.809572659595812
777 1.3010299956639813 28.5636709471766
779 1.6020599913279625 26.762559621671812
780 1.6020599913279625 28.653172853466874
785 1.0 16.33924581085099
805 1.0 24.462808310936932
807 1.3010299956639813 23.916854058840084
814 1.3010299956639813 26.382740623521833
81 1.0 15.73170187126443
823 1.0 16.794834479301993
825 1.0 17.04471738567224
827 1.0 22.57404561538827
828 1.0 27.781754633425805
830 1.0 15.73170187126443
84 1.0 20.94724544657274
886 1.0 16.688807985466465
919 1.0 24.20144514632048
935 1.0 16.449077097941938
936 1.4771212547196624 21.526279874452115
940 1.0 19.551908923253773
942 1.0 17.99083394469146
944 1.4771212547196624 19.37627093560627
945 1.0 19.892020741815653
951 1.0 16.18204005064504
959 1.0 20.989047238821517
960 1.3010299956639813 19.164284103879986
967 1.0 20.350189453749287
970 1.0 20.574683754662654
972 1.0 19.669462220826514
974 1.0 18.84312245235009
977 1.0 19.099167857362065
979 1.0 19.907440181516993
982 1.0 19.01404692868626
991 1.3010299956639813 19.241200976831678
992 1.3010299956639813 20.972634792127216
