1.721246399047171
194 1.3010299956639813 17.77518118243523
198 1.3010299956639813 18.00016847208931
199 1.0 19.95515608969582
229 1.0 19.919432784468437
336 1.6989700043360187 27.213017312486674
510 1.3010299956639813 21.594628676437562
520 1.0 25.214633181541256
523 1.0 19.697674446970826
524 1.0 18.188013959901607
531 1.4771212547196624 20.572525808084006
616 1.0 23.902881671535816
650 1.3010299956639813 17.77518118243523
652 1.3010299956639813 18.00016847208931
653 1.0 19.95515608969582
663 1.0 19.44490454387257
911 1.0 21.53343177229172
916 1.0 20.322029692038072
935 1.0 21.549494779071786
962 1.3010299956639813 17.046701400697756
