1.6777807052660807
171 2.146128035678238 17.299828196424077
175 1.6020599913279625 18.88811507135678
176 2.0413926851582254 22.379256958057034
182 1.3010299956639813 13.400748018246638
183 1.3010299956639813 13.37355243095153
184 1.3010299956639813 13.724353290586581
25 1.0 18.174910176754217
2 1.0 25.673207973589584
339 1.0 21.777753188456284
353 1.3010299956639813 25.406505472371265
358 1.0 15.03049511803453
38 1.3010299956639813 15.275369084039284
3 1.0 25.673207973589584
412 1.6989700043360187 21.758302257583633
491 2.0413926851582254 18.157117953750248
492 1.0 12.989661046433016
493 1.3010299956639813 15.275369084039284
695 1.0 13.748192686610185
69 1.3010299956639813 26.43449543906486
846 1.0 15.59449419482713
930 1.0 22.37231226242215
