1.7695510786217261
231 1.0 19.843697587754125
328 1.4771212547196624 32.88047364596294
441 1.9030899869919435 31.735712827979288
444 1.4771212547196624 29.526890635247195
499 1.0 19.843697587754125
573 1.3010299956639813 34.62164344212061
656 1.0 19.843697587754125
686 1.0 17.204501418003492
733 1.0 24.09659662047416
734 1.0 16.710350266628105
775 1.0 23.494249679152507
808 1.4771212547196624 27.292695599132404
813 1.0 16.555206772911212
864 1.3010299956639813 22.523102482333243
867 1.3010299956639813 36.43404557128479
869 1.0 20.353723559156737
880 1.3010299956639813 33.12096543823041
