0.9507819773298184
118 1.0 14.550756333462834
170 1.0 17.270901992246657
175 1.7781512503836436 22.356903676375765
182 1.3010299956639813 13.336112800340645
186 1.0 25.345464687070297
192 1.3010299956639813 19.898472476859148
193 1.0 17.74702978158316
194 1.0 16.794834479301993
195 1.0 16.794834479301993
197 1.0 17.97236948828946
198 1.0 19.930084158480717
199 1.0 22.603396897878287
204 1.0 18.43335978124768
206 1.0 18.772126118491787
208 1.4771212547196624 19.715082278253885
210 1.0 19.851353724768064
211 1.6989700043360187 22.03031942410671
212 1.0 19.272892292014472
213 1.0 18.016798133940682
214 1.4771212547196624 18.685531899177228
226 1.0 16.894525174208198
228 1.0 19.894315832793946
229 1.0 22.603396897878287
230 1.0 19.818484653329044
231 1.0 18.43335978124768
232 1.0 18.772126118491787
241 1.0 20.323087997959746
242 1.0 17.48060764330447
243 1.0 25.8105965022697
25 1.3010299956639813 18.14737887225271
277 1.0 24.417648522770687
282 1.4771212547196624 19.08990744429096
294 1.0 18.739543300973466
295 1.0 21.53759215073197
334 1.0 26.57358007912264
335 1.0 27.194637545841633
336 1.0 17.48060764330447
337 1.0 25.8105965022697
342 1.3010299956639813 22.806563635018236
343 1.0 20.837214848503734
344 1.0 19.429659374481616
38 1.0 15.242601505439389
408 1.0 18.772126118491787
412 1.0 19.41595254379453
413 1.0 19.214693399908615
440 1.0 31.719953794102054
447 1.0 18.6211653234297
490 1.0 18.129559630239218
492 1.0 15.242601505439389
493 1.0 22.45238647455196
495 1.0 17.04471738567224
498 1.0 19.818484653329044
503 1.0 18.364443485111277
522 1.0 19.672274363144883
523 1.3010299956639813 18.160502520733715
525 1.0 17.7242281093306
530 1.0 20.54820717542731
531 1.0 19.203803572139346
533 1.6989700043360187 19.696864101303447
535 1.3010299956639813 17.779601462975204
538 1.6020599913279625 20.55751044757001
539 1.0 23.34826527667759
540 1.3010299956639813 18.8619507228725
543 1.4771212547196624 21.709967055619686
545 1.4771212547196624 23.297633308982533
560 1.4771212547196624 26.176582993590046
571 1.3010299956639813 29.826229749704215
581 1.4771212547196624 26.831073433021917
593 1.0 21.456267665239462
596 1.4771212547196624 19.971318757650213
597 1.0 19.894981669475758
599 1.0 18.573663222245116
5 1.7781512503836436 18.45678502981382
60 1.0 20.28552366248819
62 1.0 20.323087997959746
642 1.0 19.614776409036214
643 1.0 19.629733620293802
648 1.3010299956639813 19.898472476859148
649 1.0 17.74702978158316
651 1.0 17.97236948828946
652 1.0 19.930084158480717
653 1.0 22.603396897878287
654 1.0 22.45238647455196
655 1.0 19.818484653329044
656 1.0 18.43335978124768
658 1.0 18.772126118491787
661 1.4771212547196624 19.589103365088256
662 1.0 19.41917384237332
663 1.0 17.854013827579386
664 1.0 20.597926648495577
673 1.0 19.039369057845647
680 1.0 17.012055796954062
807 1.6989700043360187 23.916854058840084
811 1.9542425094393248 16.52497719495689
814 1.6020599913279625 26.382740623521833
823 1.0 16.794834479301993
825 1.0 17.04471738567224
83 1.0 25.345464687070297
84 1.0 20.94724544657274
889 1.0 15.099016185383055
955 1.0 20.597926648495577
956 1.0 19.332344149929916
967 1.0 20.350189453749287
969 1.0 20.721079216106737
972 1.0 19.669462220826514
974 1.0 18.84312245235009
975 1.0 17.854534961736917
977 1.0 19.099167857362065
979 1.0 19.907440181516993
980 1.0 17.619733479266785
991 1.0 19.241200976831678
992 1.0 20.972634792127216
