1.7695510786217261
334 1.0 26.57358007912264
522 1.0 19.672274363144883
538 1.0 20.55751044757001
539 1.0 23.34826527667759
540 1.0 18.8619507228725
548 1.0 19.647259077738575
550 1.0 15.617241077585044
662 1.0 19.41917384237332
664 1.0 20.597926648495577
814 1.0 26.382740623521833
86 1.0 24.815590935179138
950 1.0 16.33085346902123
953 1.0 19.174774193635493
955 1.0 20.597926648495577
956 1.3010299956639813 19.332344149929916
958 1.0 18.125192411844907
991 1.3010299956639813 19.241200976831678
