1.6777807052660807
131 1.0 31.908356378043813
135 1.0 23.727421112255122
147 1.0 39.718947201261805
154 1.0 39.64347606197456
157 1.4771212547196624 40.355627938282694
158 1.0 34.64884871982456
159 1.0 33.49922392874927
160 1.0 40.68185651929256
1 1.0 24.469666509833758
23 1.0 18.90126570373093
24 1.0 22.69262746225858
352 1.0 25.386817845441577
63 1.0 17.343081378405795
670 1.0 20.6370767184495
671 1.0 19.58191513861614
676 1.0 20.23539889371069
678 1.0 17.392347547587537
68 1.4771212547196624 17.554437536932625
690 1.0 20.22818021406503
850 1.3010299956639813 21.84153000413391
91 1.0 21.379518228894476
