1.3872161432802645
173 1.0 18.85938858887468
185 1.0 24.640160608655044
261 1.6989700043360187 40.472400145134394
267 1.3010299956639813 20.272569941821523
268 1.0 24.276039699169623
269 1.3010299956639813 28.06641091839446
271 1.3010299956639813 27.296216475399984
327 1.3010299956639813 21.408537178610665
328 1.0 32.88047364596294
330 1.0 25.015154858124397
331 1.0 26.442768047844584
336 1.4771212547196624 27.213017312486674
397 1.0 34.76173337398946
399 1.0 31.06364857854412
471 1.0 24.01537280312254
501 1.0 24.640160608655044
541 1.0 18.888440514559967
550 1.3010299956639813 22.418090015600434
555 1.0 22.42238581080986
557 1.4771212547196624 32.03860327247943
561 1.0 26.19567707123272
562 1.0 20.63816033660684
565 1.4771212547196624 25.067378635529828
566 1.0 24.435514902659826
567 1.0 23.07027838400899
570 1.3010299956639813 35.00523577088447
581 1.0 25.541293855592556
583 1.0 25.011711924712642
585 1.0 30.96669564390913
634 1.0 20.53889892996114
665 1.0 20.62218664974217
772 1.0 31.06364857854412
808 1.0 27.292695599132404
911 1.0 21.53343177229172
916 1.0 20.322029692038072
918 1.0 24.222096258795588
922 1.0 21.35873785771627
932 1.0 22.35128407421646
954 1.0 20.62218664974217
957 1.0 18.152757365381166
990 1.0 19.267169356987246
