1.721246399047171
106 1.0 21.237877873941795
131 1.4771212547196624 31.908356378043813
133 1.0 27.54885932499107
140 1.0 22.06065850896495
145 1.3010299956639813 38.43033977941447
146 1.0 38.26126400416704
153 1.3010299956639813 38.91027615891787
157 1.6020599913279625 40.355627938282694
160 1.3010299956639813 40.68185651929256
161 1.0 29.183057629910973
163 1.0 29.043663537477517
471 1.0 26.179338818270686
485 1.0 18.6714979484428
502 1.0 24.947803517854027
771 1.0 25.078312841330952
865 1.0 36.420319557775116
876 1.0 27.115678493576954
878 1.3010299956639813 33.105865818015594
91 1.0 21.379518228894476
