1.5528419686577808
113 1.0 16.11034052774081
134 1.0 27.567002922119546
162 1.0 29.200185832126223
163 1.0 27.444701699266258
189 1.3010299956639813 22.794574400913437
319 1.0 15.794383648680418
323 1.0 19.99450022605915
335 1.3010299956639813 26.592389103304416
341 1.0 20.951702374187988
345 1.0 19.45537620834872
379 1.4771212547196624 24.673753214847594
387 1.0 21.87923801272718
402 1.0 24.177242781351655
527 1.0 20.61363026869414
631 1.4771212547196624 16.9948601162417
648 1.3010299956639813 22.794574400913437
662 1.0 19.61461115210067
736 1.3010299956639813 26.48297924216182
738 1.3010299956639813 23.256531591422583
777 1.0 24.177242781351655
779 1.0 28.58117033955364
780 1.3010299956639813 29.39263705080337
781 1.0 26.78123592188267
784 1.0 28.829559825624525
87 1.3010299956639813 24.835731385689954
882 1.3010299956639813 18.91930081490118
895 1.4771212547196624 15.682046710929198
943 1.0 19.402058534341666
