1.6777807052660807
120 1.0 22.67074148141845
122 1.0 25.99704858881334
123 1.0 21.94118068747015
125 1.0 17.797417400691103
126 1.0 19.10717613125738
128 1.0 18.640638875516817
148 1.0 39.73153365749456
154 1.0 38.92312411360697
304 1.3010299956639813 16.616668083737665
379 1.0 24.673753214847594
402 1.0 24.177242781351655
482 1.0 19.755861749534457
484 1.3010299956639813 16.33121855046969
56 1.0 16.039861561383614
626 1.0 16.039861561383614
777 1.0 24.177242781351655
782 1.3010299956639813 28.670617617530514
87 1.0 24.835731385689954
885 1.3010299956639813 16.616668083737665
894 1.3010299956639813 16.898218574553624
909 1.3010299956639813 17.04982557935131
