1.7695510786217261
307 1.3010299956639813 16.630431048976302
379 1.0 24.673753214847594
484 1.0 16.33121855046969
56 1.0 16.039861561383614
575 1.0 16.63120895803179
578 1.0 16.152119214909096
622 1.0 16.21874466519853
626 1.0 16.039861561383614
776 1.0 20.10376748540877
778 1.0 25.828938051552868
779 1.3010299956639813 28.58117033955364
780 1.3010299956639813 29.39263705080337
782 1.4771212547196624 28.670617617530514
784 1.0 28.829559825624525
888 1.3010299956639813 16.630431048976302
908 1.0 18.24824091238585
935 1.0 21.549494779071786
