1.7695510786217261
120 1.0 22.67074148141845
122 1.0 25.99704858881334
125 1.0 17.797417400691103
132 1.0 31.9240224086541
146 1.0 38.443348131520054
155 1.0 39.65608647202028
162 1.0 29.200185832126223
163 1.0 27.444701699266258
187 1.6020599913279625 25.365184410989947
345 1.0 19.45537620834872
357 1.0 16.36239469864959
414 1.0 19.240697556286563
546 1.0 23.31908484052949
671 1.3010299956639813 20.661290750656658
84 1.6020599913279625 25.365184410989947
87 1.0 24.835731385689954
94 1.3010299956639813 40.42228834338309
