1.337242168318426
121 1.3010299956639813 25.97780851667672
184 1.0 24.619860170608522
190 1.7781512503836436 30.967630313961816
260 1.6020599913279625 40.46004416097286
263 1.0 18.961368666684063
264 1.0 16.714220604471006
265 1.0 23.98572466518575
268 1.4771212547196624 28.048590371713367
269 1.0 26.08506226190013
278 1.3010299956639813 17.70612989299446
350 1.0 19.30862768534024
396 1.3010299956639813 34.747346764383785
398 1.4771212547196624 31.04754842191709
430 1.6020599913279625 21.053048712370824
432 1.3010299956639813 24.66037937080602
433 1.0 26.035075059878718
434 1.0 24.448105419498397
452 1.0 19.142693477683043
457 1.0 24.521319277035015
496 1.0 21.534181820846815
497 1.0 22.57404561538827
500 1.0 24.619860170608522
513 1.3010299956639813 18.984876032460487
551 1.3010299956639813 21.162559580914515
552 1.0 20.441020454368555
554 1.0 22.40007556792627
557 1.0 29.473606133346674
560 1.0 26.176582993590046
565 1.0 24.415044307928472
572 1.6020599913279625 34.607198595571596
582 1.3010299956639813 24.99171329470656
584 1.4771212547196624 30.950545053399313
732 1.0 24.075837860598885
746 1.0 22.32660375113389
750 1.3010299956639813 24.739780818458456
753 1.6020599913279625 21.70542592404138
770 1.4771212547196624 31.04754842191709
806 1.0 27.27436952647854
820 1.7781512503836436 30.967630313961816
826 1.0 21.534181820846815
827 1.0 22.57404561538827
829 1.0 24.619860170608522
914 1.4771212547196624 18.44622626314255
918 1.0 21.05942217315108
923 1.0 21.33531539196555
933 1.0 22.32890278912787
