1.193820026016113
107 1.3010299956639813 21.261407681253527
127 1.3010299956639813 17.367910512582892
158 1.0 40.36801588254125
176 1.0 22.379256958057034
191 1.6020599913279625 30.983771998615772
200 1.0 22.625506653399253
207 1.0 18.798742484766407
210 1.4771212547196624 20.74943729156614
228 1.7781512503836436 19.271408794907185
22 1.0 20.042266187907835
230 1.0 22.625506653399253
233 1.0 18.798742484766407
234 1.4771212547196624 20.74943729156614
242 1.3010299956639813 20.34767568477578
24 1.0 22.714650363605696
2 1.0 25.673207973589584
328 1.0 32.88047364596294
331 1.0 26.442768047844584
398 1.0 15.625142616904517
399 1.4771212547196624 31.06364857854412
3 1.0 25.673207973589584
409 1.0 18.798742484766407
410 1.4771212547196624 20.74943729156614
415 1.0 16.854896388101817
422 1.0 19.196609027115258
432 1.3010299956639813 20.140245569349506
444 1.0 29.526890635247195
471 1.4771212547196624 24.01537280312254
47 1.0 19.549619832587243
503 1.3010299956639813 24.96783731854743
510 1.0 21.594628676437562
515 1.0 23.20380250236597
519 1.0 20.706175002637085
520 1.0 25.214633181541256
573 1.4771212547196624 34.62164344212061
62 1.3010299956639813 20.34767568477578
647 1.0 18.531080228224845
654 1.0 22.625506653399253
659 1.0 18.798742484766407
667 1.0 20.441369254248713
670 1.0 16.652523466110832
671 1.0 20.661290750656658
673 1.0 17.464006401007527
675 1.0 18.16831043775807
677 1.0 20.260093000467393
770 1.0 15.625142616904517
772 1.4771212547196624 31.06364857854412
807 1.6989700043360187 24.483238969908477
808 1.6020599913279625 27.292695599132404
815 1.3010299956639813 20.604951603302737
816 1.3010299956639813 26.40168560543113
823 1.6020599913279625 30.983771998615772
846 1.0 15.59449419482713
852 1.0 21.864410189197464
864 1.0 22.523102482333243
867 1.9030899869919435 36.43404557128479
873 2.0413926851582254 25.188400405739408
877 1.0 22.452284526648562
878 1.9030899869919435 27.134111744574057
879 1.0 22.452284526648562
880 1.6989700043360187 33.12096543823041
938 1.0 17.906540871879564
972 1.0 19.608298803683244
991 1.0 20.996461847748183
