1.337242168318426
137 1.0 22.922196064917607
140 1.0 21.068838098294076
156 1.0 32.80078913912944
171 1.0 17.299828196424077
18 1.0 14.30779009010065
206 1.3010299956639813 18.054340943557705
217 1.0 16.75160018454076
21 1.0 18.049400889846094
223 1.7781512503836436 19.5018082949504
252 1.3010299956639813 15.94853123487721
306 1.0 18.739668070348888
318 1.0 15.856318953483731
336 1.0 27.213017312486674
379 1.0 24.673753214847594
387 1.0 21.87923801272718
400 1.0 19.159509087472838
416 1.0 19.445006257673224
472 1.0 26.198430887398857
51 1.0 16.49843751688567
525 1.6989700043360187 20.543320381954224
530 1.0 17.01946628290197
580 1.0 16.49843751688567
59 1.0 17.054311793451188
614 1.3010299956639813 16.27710509361273
623 1.3010299956639813 16.32959493311789
627 1.0 15.516211807091997
658 1.3010299956639813 18.054340943557705
660 1.0 17.054311793451188
670 1.0 16.652523466110832
736 1.0 26.48297924216182
738 1.0 23.256531591422583
781 1.6020599913279625 26.78123592188267
798 1.0 16.44666201427546
800 1.0 19.870179928383198
801 1.0 21.773953133516383
802 1.0 21.49817099427365
810 1.0 15.100671070076253
814 1.0 21.49817099427365
816 1.3010299956639813 26.40168560543113
87 1.0 24.835731385689954
887 1.0 18.739668070348888
897 1.0 15.971940710676494
925 1.0 17.14677502578712
950 1.3010299956639813 16.21290906039629
955 1.0 19.358190264880896
996 1.3010299956639813 15.94853123487721
