1.1549019599857433
132 1.7781512503836436 31.9240224086541
133 1.0 31.18619433249154
134 1.3010299956639813 27.567002922119546
135 1.3010299956639813 29.53008637972915
136 1.0 23.748484428238577
137 1.3010299956639813 22.922196064917607
187 1.4771212547196624 25.365184410989947
199 1.0 19.95515608969582
204 1.0 17.837739327910686
21 1.0 18.049400889846094
229 1.0 19.919432784468437
231 1.0 19.843697587754125
236 1.0 23.511023087218234
23 1.0 18.927700473196293
244 2.204119982655925 25.829961126625353
248 1.3010299956639813 16.370386131129504
249 1.0 22.75668213035031
24 1.0 22.714650363605696
261 1.0 40.472400145134394
285 1.0 27.333530767834674
326 1.3010299956639813 26.265110333168654
329 1.3010299956639813 24.220820861806594
333 1.0 24.251638512278973
336 1.3010299956639813 27.213017312486674
338 2.204119982655925 25.829961126625353
340 1.0 17.837739327910686
343 1.0 22.828476621056783
345 1.4771212547196624 19.45537620834872
351 1.3010299956639813 19.334505504177955
372 1.0 16.799196227548762
433 1.0 24.68064648083747
435 1.0 24.468548355039516
47 1.0 19.549619832587243
494 1.4771212547196624 22.47464478924292
499 1.0 19.843697587754125
500 1.6989700043360187 27.79974623106974
502 1.0 18.60296721930803
504 1.0 18.391649858504977
520 1.0 25.214633181541256
525 1.0 20.543320381954224
530 1.0 17.01946628290197
531 2.1760912590556813 20.572525808084006
554 1.0 17.95037467412827
555 1.0 22.42238581080986
582 1.0 26.849702075967517
585 1.0 30.96669564390913
594 1.4771212547196624 21.479558238529965
5 1.0 18.48385548625501
60 1.0 20.310156825129837
653 1.0 19.95515608969582
655 1.4771212547196624 22.47464478924292
656 1.0 19.843697587754125
665 1.0 20.62218664974217
668 1.0 16.496123636808157
669 1.0 17.756055320837486
675 1.0 18.16831043775807
678 1.0 19.909993307821388
679 1.0 17.421072102946884
703 1.0 12.989661046433016
782 1.0 28.670617617530514
784 1.6989700043360187 28.829559825624525
811 1.0 19.284259305458484
831 1.6989700043360187 27.79974623106974
84 1.4771212547196624 25.365184410989947
87 1.0 24.835731385689954
954 1.0 20.62218664974217
976 1.0 19.12532909112134
986 1.0 21.11229795390388
987 1.0 15.618327832578043
992 1.6020599913279625 33.556122085405605
