1.207608310501746
186 1.6020599913279625 25.345464687070297
198 1.0 19.930084158480717
200 1.0 16.645211904679204
203 1.0 17.809686811690188
206 1.0 18.772126118491787
207 1.0 18.0557751805786
216 1.0 16.721725650862297
217 1.4771212547196624 15.95864382959388
224 1.0 18.0557751805786
228 1.0 19.894315832793946
230 1.4771212547196624 19.818484653329044
232 1.0 18.772126118491787
243 1.7781512503836436 25.8105965022697
295 1.6020599913279625 21.53759215073197
2 1.0 25.653725024939046
335 1.845098040014257 27.194637545841633
337 1.7781512503836436 25.8105965022697
339 1.0 17.809686811690188
344 1.4771212547196624 19.429659374481616
345 1.3010299956639813 17.350406766716183
368 1.0 13.112389751655092
3 1.0 25.653725024939046
408 1.0 18.772126118491787
43 1.0 17.11189632348561
47 1.3010299956639813 19.524027135780376
493 1.4771212547196624 22.45238647455196
498 1.4771212547196624 19.818484653329044
49 1.3010299956639813 16.335513669309126
523 1.0 18.160502520733715
524 1.7781512503836436 20.518967135692183
527 1.0 21.0997074467684
530 1.0 20.54820717542731
533 1.0 19.696864101303447
536 1.0 17.11189632348561
539 1.7781512503836436 23.34826527667759
540 1.0 18.8619507228725
548 1.7781512503836436 19.647259077738575
549 1.4771212547196624 22.395775493328287
645 1.0 20.99530825830948
64 1.0 16.707558357235154
652 1.0 19.930084158480717
654 1.4771212547196624 22.45238647455196
655 1.4771212547196624 19.818484653329044
658 1.0 18.772126118491787
66 1.3010299956639813 17.276058696601304
711 1.0 16.707558357235154
72 1.0 13.358014637672541
74 1.0 13.282942259163587
779 1.6020599913279625 26.762559621671812
77 1.0 16.876185748875265
782 1.6020599913279625 28.8122112955473
815 1.0 16.876185748875265
83 1.6020599913279625 25.345464687070297
84 1.0 20.94724544657274
86 1.0 24.815590935179138
922 1.0 16.34273553368784
932 1.0 19.543680316998906
940 1.3010299956639813 19.551908923253773
951 1.0 16.18204005064504
952 1.6989700043360187 25.38787746985513
956 1.3010299956639813 19.332344149929916
958 1.0 18.125192411844907
