1.5686362358410126
150 1.0 30.64451579794581
154 1.0 38.92312411360697
156 1.0 32.80078913912944
162 1.0 29.200185832126223
163 1.0 27.444701699266258
243 1.3010299956639813 17.509187404878464
245 1.0 16.518884647461846
288 1.0 16.518884647461846
296 1.0 21.560794875219035
308 1.0 18.477335563541324
337 1.3010299956639813 17.509187404878464
387 1.0 21.87923801272718
454 1.0 16.518884647461846
482 1.0 19.755861749534457
511 1.3010299956639813 18.55968024231519
546 1.3010299956639813 23.31908484052949
547 1.0 20.421608203426736
549 1.0 19.672691459680365
713 1.0 16.184280047905055
87 1.0 24.835731385689954
882 1.0 18.91930081490118
890 1.0 18.477335563541324
908 1.0 18.24824091238585
909 1.0 17.04982557935131
914 1.0 15.862380670664196
980 1.0 18.174623439227215
992 1.0 33.556122085405605
