1.6197887582883939
145 1.0 38.43033977941447
153 1.0 38.91027615891787
154 1.4771212547196624 39.64347606197456
157 1.3010299956639813 40.355627938282694
160 1.0 40.68185651929256
163 1.0 29.043663537477517
259 1.0 27.067295817703585
267 1.0 24.25543451426215
269 1.0 26.08506226190013
356 1.0 16.341214190652384
396 1.0 34.747346764383785
471 1.0 26.179338818270686
570 1.0 19.48325860666556
676 1.6020599913279625 20.23539889371069
678 1.0 17.392347547587537
731 1.3010299956639813 28.951588555136127
734 1.0 14.964711114676133
735 3.278753600952829 26.464092456397857
777 1.9030899869919435 28.5636709471766
7 1.0 20.637992374919182
878 1.0 33.105865818015594
939 1.0 17.878596309450398
93 1.0 40.4099170367325
941 1.0 16.02177904462421
