1.6989700043360187
131 1.0 31.908356378043813
146 1.0 38.26126400416704
162 1.0 27.42647719561716
204 1.0 18.43335978124768
211 1.3010299956639813 22.03031942410671
213 1.0 18.016798133940682
231 1.0 18.43335978124768
243 1.0 25.8105965022697
260 1.0 40.46004416097286
331 1.0 26.137525464974466
337 1.0 25.8105965022697
398 1.0 31.04754842191709
445 1.3010299956639813 21.739884671677192
545 1.0 23.297633308982533
571 1.0 29.826229749704215
584 1.0 30.950545053399313
656 1.0 18.43335978124768
770 1.0 31.04754842191709
867 1.0 20.329143187123556
980 1.0 17.619733479266785
