1.6020599913279623
202 1.0 18.45137749631327
207 1.3010299956639813 18.0557751805786
223 1.0 18.45137749631327
224 1.3010299956639813 18.0557751805786
226 1.0 16.894525174208198
236 1.3010299956639813 18.969094117495082
259 1.0 27.067295817703585
260 1.3010299956639813 40.46004416097286
268 1.0 28.048590371713367
288 1.0 19.392382017280667
294 1.0 18.739543300973466
295 1.0 21.53759215073197
341 1.0 19.392382017280667
414 1.0 16.825205266315407
531 1.0 19.203803572139346
538 1.0 20.55751044757001
545 1.0 23.297633308982533
605 1.0 18.5040994848109
61 1.0 18.45137749631327
666 1.0 20.41689440117043
670 1.0 20.6370767184495
947 1.0 19.45698562548774
953 1.0 19.174774193635493
960 1.0 19.164284103879986
992 1.0 20.972634792127216
