1.4436974992327127
174 1.4771212547196624 25.443847031718235
175 1.4771212547196624 18.88811507135678
1 1.0 24.099314783282633
205 1.0 18.460464588544884
226 1.0 16.343763522087997
232 1.0 18.460464588544884
236 1.845098040014257 23.511023087218234
385 1.3010299956639813 18.664082738893658
393 1.0 14.318131975422032
399 1.0 31.06364857854412
411 1.3010299956639813 18.356977856408704
472 1.0 26.198430887398857
503 1.0 24.96783731854743
515 1.0 23.20380250236597
519 1.0 20.706175002637085
542 2.0 19.728868427436186
657 1.0 18.460464588544884
666 1.4771212547196624 21.979048869070308
667 1.7781512503836436 20.441369254248713
732 1.9030899869919435 28.96885361670166
733 1.6989700043360187 24.09659662047416
747 1.9030899869919435 22.34898733858306
749 1.6020599913279625 22.58723493033533
751 1.6989700043360187 24.759982935078224
754 1.6020599913279625 21.72844942797455
756 1.0 12.997490719339233
771 1.0 19.405549325281637
772 1.0 31.06364857854412
81 1.0 15.777603950735331
832 1.0 15.777603950735331
869 1.0 20.353723559156737
86 1.0 12.997490719339233
911 1.6989700043360187 21.53343177229172
916 1.3010299956639813 20.322029692038072
938 1.6989700043360187 17.906540871879564
992 1.0 33.556122085405605
