1.6575773191777938
133 1.0 31.18619433249154
137 1.0 22.922196064917607
154 1.0 38.92312411360697
155 1.4771212547196624 39.65608647202028
157 1.0 27.318575173705053
158 1.845098040014257 40.36801588254125
159 1.3010299956639813 34.663276209978875
161 1.0 40.68786868352573
189 1.3010299956639813 22.794574400913437
24 1.0 22.714650363605696
26 1.0 18.64575497280853
389 1.0 17.411970458585486
402 1.0 24.177242781351655
489 1.0 18.813161782127867
648 1.3010299956639813 22.794574400913437
736 1.0 26.48297924216182
738 1.0 23.256531591422583
777 1.0 24.177242781351655
782 1.6020599913279625 28.670617617530514
783 1.0 24.23640676791617
935 1.0 21.549494779071786
980 1.0 18.174623439227215
