1.6777807052660807
112 1.0 16.952806137528757
131 1.4771212547196624 31.908356378043813
132 1.4771212547196624 31.170157473839097
133 1.3010299956639813 27.54885932499107
134 1.3010299956639813 29.51314963866556
135 1.3010299956639813 23.727421112255122
136 1.3010299956639813 22.900372757632663
137 1.3010299956639813 22.26891535791042
138 1.0 17.408752168168547
139 1.3010299956639813 21.045092986540304
140 1.0 22.06065850896495
141 1.0 19.014107610916184
142 1.0 21.606364977884798
143 1.0 19.603466556586774
191 1.0 16.952806137528757
485 1.0 18.6714979484428
486 1.0 19.08673079463014
488 1.0 18.786565844786978
773 1.3010299956639813 23.472958228275314
821 1.0 16.952806137528757
934 1.0 19.043662363227906
