1.7695510786217261
158 1.4771212547196624 40.36801588254125
161 1.0 40.68786868352573
174 1.0 25.443847031718235
191 1.0 30.983771998615772
192 1.0 16.982274168574502
285 1.0 27.333530767834674
431 1.3010299956639813 21.076784861203542
433 1.3010299956639813 24.68064648083747
435 1.3010299956639813 24.468548355039516
437 1.0 16.518134272484215
497 1.3010299956639813 21.557388215952543
512 1.0 21.108817330045582
823 1.0 30.983771998615772
824 1.0 16.982274168574502
829 1.3010299956639813 21.557388215952543
867 1.3010299956639813 36.43404557128479
883 1.0 16.982274168574502
