1.4814860601221125
191 1.0 30.983771998615772
204 1.0 17.837739327910686
211 1.0 19.87652496554322
236 1.0 23.511023087218234
268 1.0 24.276039699169623
291 1.0 17.88610079038451
340 1.0 17.837739327910686
411 1.0 18.356977856408704
444 1.4771212547196624 29.526890635247195
445 1.0 16.923811634708713
448 1.0 18.647997157938995
452 1.3010299956639813 15.65046621316542
510 1.0 21.594628676437562
528 1.0 21.12339116570097
529 1.0 16.631082353314728
538 1.6020599913279625 16.052093028525185
542 1.0 19.728868427436186
547 1.0 20.421608203426736
549 1.0 19.672691459680365
550 1.0 22.418090015600434
637 1.0 16.02625467467848
638 1.0 15.377715785664936
639 1.0 18.00030745664779
667 1.0 20.441369254248713
80 1.0 15.71248572680523
823 1.0 30.983771998615772
935 1.3010299956639813 21.549494779071786
936 1.0 20.64389709578883
937 1.0 17.488110770017975
942 1.0 19.45006435459591
946 1.0 19.482666389137716
956 1.4771212547196624 20.484965365855015
991 1.0 20.996461847748183
