1.3872161432802645
120 1.0 22.67074148141845
122 1.4771212547196624 25.99704858881334
123 1.3010299956639813 21.94118068747015
126 1.6020599913279625 19.10717613125738
128 1.3010299956639813 18.640638875516817
174 1.0 25.443847031718235
191 1.6020599913279625 30.983771998615772
261 1.0 40.472400145134394
264 1.0 18.98771976077981
268 1.3010299956639813 24.276039699169623
276 1.0 20.303531424387252
385 1.0 18.664082738893658
397 1.0 34.76173337398946
433 1.0 24.68064648083747
435 1.0 24.468548355039516
459 1.4771212547196624 24.541701226408268
500 1.0 27.79974623106974
515 1.3010299956639813 23.20380250236597
520 1.0 25.214633181541256
552 1.3010299956639813 21.18617303846442
557 1.845098040014257 32.03860327247943
558 1.3010299956639813 29.49056558466878
561 1.0 26.19567707123272
568 1.0 16.29063286533528
570 1.0 35.00523577088447
572 1.0 29.842988809469816
573 1.9030899869919435 34.62164344212061
583 1.0 25.011711924712642
584 1.4771212547196624 23.292766275876946
585 1.0 30.96669564390913
732 1.7781512503836436 28.96885361670166
733 1.0 24.09659662047416
747 1.3010299956639813 22.34898733858306
751 1.0 24.759982935078224
808 1.4771212547196624 27.292695599132404
823 1.6020599913279625 30.983771998615772
831 1.0 27.79974623106974
90 1.0 17.747677710827986
918 1.3010299956639813 24.222096258795588
922 1.0 21.35873785771627
932 1.3010299956639813 22.35128407421646
