1.494850021680094
111 1.4771212547196624 18.8928542926875
149 1.0 30.628195318865107
153 1.0 38.91027615891787
158 1.4771212547196624 34.64884871982456
160 1.3010299956639813 40.68185651929256
161 1.0 29.183057629910973
163 1.0 29.043663537477517
169 1.0 16.893122029317794
188 1.3010299956639813 22.772628792451215
288 1.0 19.392382017280667
341 1.0 19.392382017280667
378 1.3010299956639813 24.653480438007165
401 1.3010299956639813 24.1565533242725
415 1.0 19.419275690945604
531 1.7781512503836436 19.203803572139346
647 1.3010299956639813 22.772628792451215
737 1.0 23.235022308206137
774 1.0 20.078881121899666
775 1.3010299956639813 24.1565533242725
776 1.3010299956639813 25.809572659595812
777 1.3010299956639813 28.5636709471766
778 1.6020599913279625 29.375621062375156
779 1.4771212547196624 26.762559621671812
780 1.3010299956639813 28.653172853466874
782 1.0 28.8122112955473
811 1.0 16.52497719495689
813 1.0 20.580671285807178
814 1.0 26.382740623521833
834 1.0 19.359056970763802
915 1.0 15.830828169778773
951 1.0 16.18204005064504
952 1.0 25.38787746985513
