1.6575773191777938
175 1.0 22.356903676375765
189 1.0 20.697181124016947
205 1.0 18.02662549969417
289 1.0 19.318257671242296
433 1.6020599913279625 26.035075059878718
497 1.0 22.57404561538827
499 1.0 27.781754633425805
538 1.0 20.55751044757001
559 1.0 32.39203154477896
572 1.0 34.607198595571596
596 1.0 19.971318757650213
657 1.0 18.02662549969417
662 1.3010299956639813 19.41917384237332
664 1.4771212547196624 20.597926648495577
807 1.3010299956639813 23.916854058840084
818 1.0 19.318257671242296
819 1.0 20.697181124016947
827 1.0 22.57404561538827
828 1.0 27.781754633425805
895 1.0 16.22969191138666
948 1.0 19.383510389270164
955 1.4771212547196624 20.597926648495577
