1.3665315444204134
110 1.0 16.382580531642766
111 1.0 16.152248564614663
112 1.0 16.283682408859754
113 1.0 16.11034052774081
114 1.0 16.193892293870782
115 1.0 16.237932532274638
116 1.0 16.285640371001193
251 1.0 16.101277881366933
252 1.0 15.94853123487721
260 1.0 27.085761995614487
261 2.230448921378274 40.472400145134394
268 1.3010299956639813 24.276039699169623
269 1.6020599913279625 28.06641091839446
308 1.6020599913279625 18.477335563541324
309 1.3010299956639813 17.72718103523344
310 1.0 16.384505338266393
317 1.0 16.431343755560334
478 1.0 16.265225052820202
479 1.0 16.116413501007873
480 1.0 16.113389796665334
578 1.0 16.152119214909096
581 1.0 25.541293855592556
583 1.0 25.011711924712642
585 1.9542425094393248 30.96669564390913
612 1.0 16.40190763707712
615 1.3010299956639813 17.287230481631443
617 1.0 16.314388963414707
618 1.0 16.289314548847216
619 1.0 16.011110159818838
620 1.0 16.033724637658167
621 1.0 15.932112845694121
622 1.0 16.21874466519853
625 1.0 16.28000849899647
635 1.6989700043360187 21.5228993608598
637 1.0 16.02625467467848
638 1.0 15.377715785664936
639 1.0 18.00030745664779
890 1.6020599913279625 18.477335563541324
891 1.3010299956639813 17.72718103523344
892 1.0 16.384505338266393
993 1.0 16.101277881366933
995 1.0 16.320376040179806
996 1.0 15.94853123487721
