1.3767507096020994
1000 1.0 16.329300295473313
114 1.0 16.58655052158543
115 1.3010299956639813 17.956167137974
252 1.0 16.401453406092962
253 1.0 16.396443136520976
254 1.0 16.329300295473313
255 1.0 16.767843670427574
259 1.6020599913279625 27.067295817703585
260 1.9030899869919435 40.46004416097286
303 1.0 16.58655052158543
304 1.3010299956639813 17.956167137974
305 1.3010299956639813 18.712967679843132
306 1.0 16.600338456632596
310 1.3010299956639813 18.574581934797493
311 1.0 16.33409561676385
312 1.0 16.2406870095727
313 1.0 16.688807985466465
314 1.0 16.038281372083322
315 1.0 16.836578834986856
477 1.3010299956639813 18.712967679843132
478 1.0 16.600338456632596
573 1.0 16.9403306571999
574 1.0 16.601117775791995
575 1.0 16.359093907045278
580 1.3010299956639813 25.521710205582426
582 1.3010299956639813 24.99171329470656
584 1.845098040014257 30.950545053399313
612 1.845098040014257 22.300659992929845
613 1.0 16.24635806045507
615 1.9030899869919435 23.88195453063762
622 1.0 16.29894691934756
623 1.0 16.469393434006214
881 1.0 16.868603706098174
883 1.3010299956639813 18.574581934797493
884 1.0 16.33409561676385
885 1.0 16.2406870095727
886 1.0 16.688807985466465
887 1.0 16.038281372083322
888 1.0 16.836578834986856
995 1.0 16.341134900020474
998 1.0 16.401453406092962
999 1.0 16.396443136520976
