0.8961962790440432
1000 1.0 16.797636183579463
110 1.3010299956639813 16.382580531642766
111 1.3010299956639813 16.152248564614663
112 1.3010299956639813 16.283682408859754
113 1.3010299956639813 16.11034052774081
114 1.3010299956639813 16.193892293870782
115 1.3010299956639813 16.237932532274638
116 1.3010299956639813 16.285640371001193
211 1.3010299956639813 19.87652496554322
251 1.3010299956639813 16.101277881366933
252 1.3010299956639813 15.94853123487721
253 1.0 16.431910230774704
254 1.0 16.42690925065229
255 1.0 16.359891446453577
256 1.0 16.797636183579463
257 1.4771212547196624 14.685155707227832
260 2.278753600952829 27.085761995614487
261 2.863322860120456 40.472400145134394
263 1.845098040014257 21.157562303591927
264 1.4771212547196624 18.98771976077981
268 2.278753600952829 24.276039699169623
269 2.380211241711606 28.06641091839446
270 1.0 26.10422328297102
290 1.0 19.344122607461724
291 1.0 17.88610079038451
292 1.4771212547196624 16.614286248179223
297 1.6989700043360187 18.44466466993366
303 1.0 14.601394337485191
304 1.0 16.616668083737665
305 1.0 17.98399116678101
306 1.0 18.739668070348888
307 1.0 16.630431048976302
308 1.9030899869919435 18.477335563541324
309 1.6020599913279625 17.72718103523344
310 1.3010299956639813 16.384505338266393
311 1.0 18.601480963958362
312 1.0 16.364677803659443
313 1.0 16.271444758929782
314 1.0 16.718741339460014
315 1.0 16.06942654142066
316 1.0 16.866249934906318
317 1.3010299956639813 16.431343755560334
318 1.6989700043360187 15.856318953483731
319 1.3010299956639813 15.794383648680418
460 1.0 16.24091782837226
478 1.3010299956639813 16.265225052820202
479 1.3010299956639813 16.116413501007873
480 1.3010299956639813 16.113389796665334
484 1.6989700043360187 16.33121855046969
485 1.0 14.548650732915977
504 1.4771212547196624 18.391649858504977
515 1.0 23.20380250236597
51 1.6020599913279625 16.49843751688567
55 1.0 16.140070803745896
565 1.0 25.067378635529828
56 2.0 16.039861561383614
574 1.0 16.969820351885488
575 1.0 16.63120895803179
576 1.0 16.389629448511823
578 1.3010299956639813 16.152119214909096
580 1.6020599913279625 16.49843751688567
581 2.113943352306837 25.541293855592556
583 2.0 25.011711924712642
585 2.5314789170422554 30.96669564390913
592 1.3010299956639813 15.957605833185818
604 1.0 16.140070803745896
607 1.3010299956639813 13.61792327873141
608 1.3010299956639813 15.484181606986061
60 1.0 20.310156825129837
611 1.3010299956639813 16.956306990360925
612 1.3010299956639813 16.40190763707712
613 1.0 22.32306959448592
614 1.0 16.27710509361273
615 1.6020599913279625 17.287230481631443
616 1.0 23.902881671535816
617 1.3010299956639813 16.314388963414707
618 1.3010299956639813 16.289314548847216
619 1.3010299956639813 16.011110159818838
620 1.3010299956639813 16.033724637658167
621 1.3010299956639813 15.932112845694121
622 1.3010299956639813 16.21874466519853
623 1.0 16.32959493311789
624 1.0 16.49972484873875
625 1.3010299956639813 16.28000849899647
626 2.0 16.039861561383614
627 1.9542425094393248 15.516211807091997
628 1.0 15.593254352876475
629 1.0 17.460816329506702
630 1.0 15.480740248068322
631 1.0 16.9948601162417
632 1.0 19.9752240481514
633 1.0 22.269887599954423
634 1.0 20.53889892996114
635 1.6989700043360187 21.5228993608598
636 1.0 18.05674668124595
637 1.3010299956639813 16.02625467467848
638 1.3010299956639813 15.377715785664936
639 1.3010299956639813 18.00030745664779
640 1.6020599913279625 16.590546453751475
699 1.0 13.271368961410548
821 1.0 19.344122607461724
825 1.4771212547196624 16.614286248179223
885 1.0 16.616668083737665
886 1.0 17.98399116678101
887 1.0 18.739668070348888
888 1.0 16.630431048976302
890 1.9030899869919435 18.477335563541324
891 1.6020599913279625 17.72718103523344
892 1.3010299956639813 16.384505338266393
894 1.0 16.898218574553624
897 1.7781512503836436 15.971940710676494
904 1.0 12.978310947895874
966 1.0 20.37474443529265
970 1.3010299956639813 18.816376936112132
971 1.0 19.694865931417798
974 1.0 17.88251712427213
978 1.3010299956639813 19.932540595234652
979 1.3010299956639813 17.6480879383687
982 1.3010299956639813 19.85729433713603
989 1.6020599913279625 17.072459926998317
993 1.3010299956639813 16.101277881366933
994 1.0 16.371703937607325
995 1.3010299956639813 16.320376040179806
996 1.3010299956639813 15.94853123487721
997 1.0 16.431910230774704
998 1.0 16.42690925065229
999 1.0 16.359891446453577
