1.7958800173440752
133 1.0 27.54885932499107
134 1.6020599913279625 29.51314963866556
137 1.0 22.26891535791042
139 1.3010299956639813 21.045092986540304
145 1.0 38.43033977941447
148 1.3010299956639813 36.70053413239285
153 1.0 38.91027615891787
154 1.4771212547196624 39.64347606197456
157 1.845098040014257 40.355627938282694
158 1.0 34.64884871982456
159 1.6989700043360187 33.49922392874927
160 1.845098040014257 40.68185651929256
161 1.4771212547196624 29.183057629910973
163 1.3010299956639813 29.043663537477517
690 1.0 20.22818021406503
93 1.4771212547196624 40.4099170367325
