1.4559319556497243
131 1.0 31.908356378043813
132 1.3010299956639813 31.170157473839097
133 1.0 27.54885932499107
135 1.0 23.727421112255122
136 1.3010299956639813 22.900372757632663
141 1.0 19.014107610916184
145 1.0 38.43033977941447
146 1.0 38.26126400416704
147 1.0 39.718947201261805
148 1.0 36.70053413239285
149 1.3010299956639813 30.628195318865107
153 1.3010299956639813 38.91027615891787
156 1.0 27.300266473449927
157 1.6020599913279625 40.355627938282694
158 1.4771212547196624 34.64884871982456
160 1.4771212547196624 40.68185651929256
161 1.0 29.183057629910973
162 1.6020599913279625 27.42647719561716
163 1.0 29.043663537477517
211 1.6020599913279625 22.03031942410671
243 1.0 25.8105965022697
24 1.0 22.69262746225858
260 1.0 40.46004416097286
335 1.3010299956639813 27.194637545841633
337 1.0 25.8105965022697
342 1.0 22.806563635018236
382 1.0 23.381346006518903
405 1.0 17.108838352647496
440 1.0 31.719953794102054
488 1.0 18.786565844786978
748 1.0 22.56508767539272
749 1.0 20.209996528594978
771 1.4771212547196624 25.078312841330952
776 1.0 25.809572659595812
778 1.0 29.375621062375156
