1.6777807052660807
187 1.4771212547196624 25.365184410989947
200 1.0 22.625506653399253
226 1.0 16.343763522087997
230 1.0 22.625506653399253
236 1.0 23.511023087218234
286 1.6020599913279625 30.579284727285547
287 1.0 14.141077426099002
399 1.4771212547196624 31.06364857854412
457 1.0 18.43689483349195
510 1.6020599913279625 21.594628676437562
561 1.3010299956639813 26.19567707123272
572 1.4771212547196624 29.842988809469816
577 1.0 21.541085769479377
587 1.0 13.081637287048258
654 1.0 22.625506653399253
732 1.6989700043360187 28.96885361670166
733 1.0 24.09659662047416
771 1.4771212547196624 19.405549325281637
772 1.4771212547196624 31.06364857854412
84 1.4771212547196624 25.365184410989947
911 1.0 21.53343177229172
