0.9913998282380825
105 1.4771212547196624 21.33892101876266
120 1.3010299956639813 22.67074148141845
122 1.0 25.99704858881334
132 1.4771212547196624 31.9240224086541
133 1.0 31.18619433249154
134 1.3010299956639813 27.567002922119546
135 1.3010299956639813 29.53008637972915
136 1.4771212547196624 23.748484428238577
138 1.3010299956639813 22.291356872514033
139 1.0 17.437449700363672
142 1.0 19.04038571666816
146 1.0 38.443348131520054
147 1.3010299956639813 38.27432982034523
148 1.845098040014257 39.73153365749456
149 1.3010299956639813 36.714155384577936
154 1.0 38.92312411360697
155 1.3010299956639813 39.65608647202028
158 1.6989700043360187 40.36801588254125
159 1.0 34.663276209978875
161 1.0 40.68786868352573
185 1.3010299956639813 24.640160608655044
188 1.0 18.394820991631416
191 1.6020599913279625 30.983771998615772
197 1.3010299956639813 21.73615837537494
19 1.0 22.906892828979473
21 1.3010299956639813 18.049400889846094
24 1.0 22.714650363605696
250 1.0 21.593723016307443
25 1.0 18.174910176754217
26 1.0 18.64575497280853
278 1.0 24.438116936080927
285 1.0 27.333530767834674
322 1.3010299956639813 19.415200818214007
335 1.0 26.592389103304416
336 1.6020599913279625 27.213017312486674
344 1.0 20.86119657744264
352 1.0 22.315951883102834
353 1.6020599913279625 25.406505472371265
357 1.0 16.36239469864959
397 1.0 34.76173337398946
399 1.0 31.06364857854412
413 1.4771212547196624 19.441687508621293
414 1.3010299956639813 19.240697556286563
415 1.0 16.854896388101817
421 1.0 22.714705200606023
444 1.0 29.526890635247195
446 1.4771212547196624 21.762871720842014
447 1.0 17.43776619662874
471 1.3010299956639813 24.01537280312254
472 1.0 26.198430887398857
473 1.0 20.456210819322695
491 1.0 18.157117953750248
498 1.0 22.596184090364247
500 1.0 27.79974623106974
501 1.3010299956639813 24.640160608655044
530 1.0 17.01946628290197
553 1.0 20.46546645488232
646 1.0 21.019109611528222
651 1.3010299956639813 21.73615837537494
65 1.3010299956639813 18.842982330593173
670 1.9542425094393248 16.652523466110832
672 1.0 19.607432276969973
674 1.0 19.06561234581387
677 1.3010299956639813 20.260093000467393
678 1.3010299956639813 19.909993307821388
679 1.0 17.421072102946884
67 1.4771212547196624 17.777478226009574
682 1.0 18.092716090093774
684 1.0 16.936770172063596
687 1.0 17.191449064838324
690 1.3010299956639813 16.958302953633954
691 1.3010299956639813 20.252883122476465
69 1.6020599913279625 26.43449543906486
733 1.0 24.09659662047416
751 1.0 24.759982935078224
772 1.0 31.06364857854412
775 1.0 23.494249679152507
803 1.0 16.74751991200512
807 1.3010299956639813 24.483238969908477
811 1.0 19.284259305458484
820 1.0 18.394820991631416
823 1.6020599913279625 30.983771998615772
830 1.0 22.596184090364247
831 1.0 27.79974623106974
854 1.3010299956639813 20.336569559735775
867 2.146128035678238 36.43404557128479
869 1.4771212547196624 20.353723559156737
873 1.0 25.188400405739408
877 1.4771212547196624 22.452284526648562
878 1.0 27.134111744574057
879 1.4771212547196624 22.452284526648562
87 1.0 24.835731385689954
880 1.4771212547196624 33.12096543823041
917 1.0 21.083151146519995
91 1.3010299956639813 21.73615837537494
92 1.6020599913279625 21.402892320890444
930 1.3010299956639813 22.37231226242215
93 1.0 19.110011561305157
94 1.845098040014257 40.42228834338309
959 1.0 19.190356568188804
971 1.0 19.694865931417798
975 1.3010299956639813 19.03717677110868
