1.7958800173440752
211 1.0 22.03031942410671
258 1.0 34.15368633845293
259 1.3010299956639813 27.067295817703585
279 1.7781512503836436 19.349744435445626
280 2.146128035678238 20.36083120666262
281 1.7781512503836436 18.79756428818881
282 1.0 19.08990744429096
326 1.0 21.385169256471997
327 1.6020599913279625 32.86526353435894
328 1.4771212547196624 24.20016866097684
329 1.4771212547196624 24.995158982809944
332 1.6020599913279625 24.231012577485338
342 1.0 22.806563635018236
54 1.3010299956639813 16.32113418866619
581 1.4771212547196624 26.831073433021917
588 1.3010299956639813 16.32113418866619
