1.4685210829577449
1 1.3010299956639813 24.469666509833758
244 1.0 16.48858847797927
273 1.3010299956639813 16.369637361529076
287 1.0 16.48858847797927
294 1.0 18.739543300973466
352 1.845098040014257 25.386817845441577
504 1.0 17.799185167779708
526 1.0 20.589360185649852
571 1.0 29.826229749704215
593 1.0 21.456267665239462
597 1.0 19.894981669475758
65 1.0 18.816428542926165
666 1.0 20.41689440117043
679 1.0 15.743631599218444
680 1.0 17.012055796954062
681 1.0 18.065059521538757
683 1.0 16.907222831124663
684 1.0 17.964183562785355
685 1.0 17.175414668708417
686 1.3010299956639813 17.162340194417848
688 1.0 16.363787416979306
689 1.0 16.928793195831474
690 1.0 20.22818021406503
691 1.0 17.91548424436275
693 1.0 18.104685257403954
694 1.0 13.711776039162897
695 1.0 19.76083134382925
69 1.845098040014257 26.41557398804616
808 1.0 15.067523577769435
809 1.0 19.258313969819948
810 1.0 18.41805748667281
844 1.0 15.562398568103088
89 1.0 16.48858847797927
93 2.204119982655925 40.4099170367325
