1.4202164033831899
133 1.0 31.18619433249154
136 1.0 23.748484428238577
185 1.0 24.640160608655044
201 1.0 16.675223517292782
218 1.0 15.989944117470667
237 1.3010299956639813 18.99543449459334
244 1.0 25.829961126625353
258 1.0 32.05900432440354
259 1.6989700043360187 34.168322910342354
266 1.0 24.006561347142163
281 1.4771212547196624 20.385373369801357
282 1.0 18.824144686242487
326 1.0 26.265110333168654
327 1.0 21.408537178610665
329 1.0 24.220820861806594
330 1.3010299956639813 25.015154858124397
338 1.0 25.829961126625353
343 1.0 22.828476621056783
379 1.0 24.673753214847594
399 1.0 31.06364857854412
501 1.0 24.640160608655044
507 1.0 13.209920904369145
509 1.0 16.17664537722168
520 1.4771212547196624 25.214633181541256
543 1.0 18.30187230227827
548 1.0 19.056516086799924
552 1.0 21.18617303846442
561 1.6020599913279625 26.19567707123272
567 1.0 23.07027838400899
568 1.0 16.29063286533528
569 1.0 21.220451953962858
772 1.0 31.06364857854412
782 1.3010299956639813 28.670617617530514
83 1.0 16.202098073055122
910 1.0 13.172016182031092
935 1.0 21.549494779071786
944 1.0 19.917140587765708
948 1.0 14.526214577737626
