1.6777807052660807
104 1.0 21.315476777332258
186 1.0 25.345464687070297
258 1.0 34.15368633845293
335 1.0 27.194637545841633
411 1.0 21.73531037580023
419 1.0 16.410243719356703
518 1.0 20.682013519960595
522 1.0 19.672274363144883
539 1.4771212547196624 23.34826527667759
541 1.0 19.703508556272116
549 1.4771212547196624 22.395775493328287
72 1.0 13.358014637672541
801 1.0 16.7176380868533
805 1.3010299956639813 24.462808310936932
83 1.0 25.345464687070297
940 1.3010299956639813 19.551908923253773
943 1.0 19.424340488107244
951 1.0 16.18204005064504
952 1.0 25.38787746985513
957 1.0 20.46054266240951
958 1.4771212547196624 18.125192411844907
