1.2924298239020637
133 1.4771212547196624 31.18619433249154
137 1.3010299956639813 22.922196064917607
139 1.0 17.437449700363672
142 1.0 19.04038571666816
144 1.0 19.628955678670632
146 1.0 38.443348131520054
148 1.0 39.73153365749456
150 1.0 30.64451579794581
153 1.0 27.124579821694358
154 1.0 38.92312411360697
155 1.4771212547196624 39.65608647202028
158 1.0 40.36801588254125
163 1.3010299956639813 27.444701699266258
164 1.0 29.060873897358988
18 1.3010299956639813 14.30779009010065
19 1.0 22.906892828979473
249 1.0 22.75668213035031
24 1.0 22.714650363605696
376 1.3010299956639813 15.261482973215074
383 1.0 23.402720804995248
387 1.0 21.87923801272718
390 1.0 23.009670542854348
400 1.0 19.159509087472838
402 1.6020599913279625 24.177242781351655
416 1.3010299956639813 19.445006257673224
487 1.0 19.112909051912595
503 1.0 24.96783731854743
547 1.0 20.421608203426736
633 1.0 22.269887599954423
729 1.3010299956639813 15.185308978301347
730 1.3010299956639813 15.234951641878837
736 1.3010299956639813 26.48297924216182
738 1.0 23.256531591422583
777 1.6020599913279625 24.177242781351655
778 1.3010299956639813 25.828938051552868
779 1.0 28.58117033955364
780 1.6020599913279625 29.39263705080337
782 1.6989700043360187 28.670617617530514
783 1.4771212547196624 24.23640676791617
784 1.0 28.829559825624525
798 1.0 16.44666201427546
800 1.0 19.870179928383198
801 1.0 21.773953133516383
802 1.0 21.49817099427365
814 1.0 21.49817099427365
816 1.3010299956639813 26.40168560543113
836 1.6989700043360187 19.384867469169826
882 1.3010299956639813 18.91930081490118
921 1.0 16.37330158288374
925 1.0 17.14677502578712
935 1.0 21.549494779071786
