1.6989700043360187
176 1.6020599913279625 22.379256958057034
204 1.6020599913279625 17.837739327910686
218 1.0 15.989944117470667
285 1.0 27.333530767834674
340 1.6020599913279625 17.837739327910686
38 1.0 15.275369084039284
402 1.3010299956639813 24.177242781351655
412 1.0 21.758302257583633
43 1.0 17.141090857518964
493 1.0 15.275369084039284
537 1.0 17.141090857518964
545 1.3010299956639813 16.369127366332837
59 1.0 17.054311793451188
660 1.0 17.054311793451188
777 1.3010299956639813 24.177242781351655
779 1.0 28.58117033955364
782 1.3010299956639813 28.670617617530514
812 1.0 18.445184780380607
951 1.3010299956639813 25.40756427571084
958 1.0 21.012855683925522
