1.3467874862246563
112 1.0 16.283682408859754
185 1.3010299956639813 24.640160608655044
186 1.0 17.074068216246978
211 1.6020599913279625 19.87652496554322
214 1.3010299956639813 18.044528672125754
239 1.0 16.864483145006986
240 1.0 15.060097196541419
241 1.0 13.06988573628357
242 1.4771212547196624 20.34767568477578
243 1.0 17.509187404878464
244 1.0 25.829961126625353
245 1.0 16.518884647461846
288 1.0 16.518884647461846
289 1.0 19.41814822026422
290 1.3010299956639813 19.344122607461724
291 1.0 17.88610079038451
292 1.0 16.614286248179223
335 1.0 26.592389103304416
337 1.0 17.509187404878464
338 1.0 25.829961126625353
342 1.0 19.41814822026422
397 1.0 34.76173337398946
41 1.0 20.898009485572526
454 1.0 16.518884647461846
495 1.3010299956639813 16.86418674665899
498 1.0 22.596184090364247
501 1.3010299956639813 24.640160608655044
504 1.3010299956639813 18.391649858504977
506 1.0 20.117459620901656
523 1.0 19.697674446970826
62 1.4771212547196624 20.34767568477578
699 1.0 13.271368961410548
736 1.0 26.48297924216182
738 1.0 23.256531591422583
780 1.0 29.39263705080337
784 1.0 28.829559825624525
821 1.3010299956639813 19.344122607461724
825 1.0 16.614286248179223
830 1.0 22.596184090364247
882 1.3010299956639813 18.91930081490118
884 1.3010299956639813 16.86418674665899
889 1.0 17.074068216246978
895 1.0 15.682046710929198
909 1.0 17.04982557935131
995 1.0 16.320376040179806
