1.3565473235138126
110 1.0 16.382580531642766
140 1.0 21.068838098294076
146 1.0 38.443348131520054
147 1.0 38.27432982034523
148 1.0 39.73153365749456
149 1.3010299956639813 36.714155384577936
150 1.3010299956639813 30.64451579794581
151 1.3010299956639813 28.69713041845068
152 1.0 26.43569384136088
154 1.4771212547196624 38.92312411360697
155 1.6020599913279625 39.65608647202028
156 1.4771212547196624 32.80078913912944
157 1.0 27.318575173705053
158 1.6989700043360187 40.36801588254125
159 1.3010299956639813 34.663276209978875
160 1.7781512503836436 33.51414632402991
161 2.230448921378274 40.68786868352573
26 1.3010299956639813 18.64575497280853
379 1.4771212547196624 24.673753214847594
387 1.0 21.87923801272718
436 1.4771212547196624 18.15542263413017
594 1.3010299956639813 21.479558238529965
600 1.0 18.60056357999351
633 1.3010299956639813 22.269887599954423
736 1.0 26.48297924216182
738 1.0 23.256531591422583
742 1.0 21.68833801617828
749 1.0 22.58723493033533
750 1.0 20.234721635985533
773 1.0 25.098242467704086
779 1.0 28.58117033955364
780 1.6020599913279625 29.39263705080337
781 1.3010299956639813 26.78123592188267
782 1.3010299956639813 28.670617617530514
783 1.0 24.23640676791617
784 1.6989700043360187 28.829559825624525
816 1.4771212547196624 26.40168560543113
836 1.0 19.384867469169826
87 1.0 24.835731385689954
897 1.0 15.971940710676494
908 1.0 18.24824091238585
951 1.0 25.40756427571084
980 1.0 18.174623439227215
985 1.4771212547196624 20.023207099137547
