1.744727494896694
257 1.0 32.04340428656301
263 1.3010299956639813 18.961368666684063
264 1.3010299956639813 16.714220604471006
265 1.4771212547196624 23.98572466518575
288 1.0 19.392382017280667
327 1.0 32.86526353435894
331 1.0 26.137525464974466
341 1.0 19.392382017280667
430 1.0 21.053048712370824
432 1.0 24.66037937080602
434 1.0 24.448105419498397
436 1.0 16.48783672419816
530 1.0 20.54820717542731
531 1.0 19.203803572139346
534 1.0 18.11192779687125
596 1.0 19.971318757650213
84 1.0 20.94724544657274
971 1.0 18.789785549650443
