1.6777807052660807
131 1.4771212547196624 31.908356378043813
132 1.4771212547196624 31.170157473839097
133 1.0 27.54885932499107
134 1.3010299956639813 29.51314963866556
135 1.0 23.727421112255122
154 1.0 39.64347606197456
161 1.0 29.183057629910973
23 1.0 18.90126570373093
26 1.0 18.618919907073398
2 1.0 25.653725024939046
3 1.0 25.653725024939046
422 1.0 15.318690066440361
471 1.0 26.179338818270686
487 1.0 18.890476520092495
684 1.0 17.964183562785355
693 1.0 18.104685257403954
7 1.0 20.637992374919182
805 1.0 24.462808310936932
807 1.0 23.916854058840084
865 1.0 36.420319557775116
967 1.3010299956639813 20.350189453749287
