1.6575773191777938
104 1.0 21.315476777332258
106 1.0 21.237877873941795
135 1.0 23.727421112255122
138 1.0 17.408752168168547
154 1.4771212547196624 39.64347606197456
155 1.0 32.78554205971943
157 1.3010299956639813 40.355627938282694
159 1.0 33.49922392874927
162 1.0 27.42647719561716
340 1.0 20.927824358412284
356 1.0 16.341214190652384
485 1.0 18.6714979484428
502 1.0 24.947803517854027
673 1.3010299956639813 19.039369057845647
688 1.0 16.363787416979306
731 1.0 28.951588555136127
748 1.0 22.56508767539272
753 1.3010299956639813 21.70542592404138
771 1.3010299956639813 25.078312841330952
865 1.0 36.420319557775116
92 1.0 19.083829329388184
93 1.3010299956639813 40.4099170367325
