1.4436974992327127
110 1.0 16.382580531642766
111 1.0 16.152248564614663
112 1.0 16.283682408859754
114 1.0 16.193892293870782
194 1.3010299956639813 17.77518118243523
266 1.0 24.006561347142163
286 1.0 30.579284727285547
309 1.3010299956639813 17.72718103523344
328 1.3010299956639813 32.88047364596294
329 1.0 24.220820861806594
331 1.3010299956639813 26.442768047844584
336 1.3010299956639813 27.213017312486674
347 1.0 14.556617982255124
413 1.0 19.441687508621293
478 1.0 16.265225052820202
479 1.0 16.116413501007873
480 1.0 16.113389796665334
494 1.0 22.47464478924292
563 1.6020599913279625 23.476641362660768
565 1.3010299956639813 25.067378635529828
566 1.6020599913279625 24.435514902659826
582 1.0 26.849702075967517
612 1.0 16.40190763707712
615 1.0 17.287230481631443
617 1.0 16.314388963414707
618 1.0 16.289314548847216
622 1.0 16.21874466519853
625 1.0 16.28000849899647
650 1.3010299956639813 17.77518118243523
655 1.0 22.47464478924292
664 2.204119982655925 17.88199680559741
807 1.0 24.483238969908477
85 1.0 20.97110134921298
891 1.3010299956639813 17.72718103523344
964 1.0 15.603652384930466
995 1.0 16.320376040179806
