1.6575773191777938
117 1.0 21.166129822732998
120 1.0 22.67074148141845
121 1.0 16.452082774442715
122 1.0 25.99704858881334
125 1.0 17.797417400691103
209 1.0 19.7404272810474
258 1.0 32.05900432440354
271 1.0 27.296216475399984
333 1.0 24.251638512278973
341 1.0 20.951702374187988
416 1.0 19.445006257673224
446 1.0 21.762871720842014
513 1.0 17.51618482981768
527 1.0 20.61363026869414
531 1.0 20.572525808084006
544 1.0 21.7329857487666
546 1.0 23.31908484052949
569 1.0 21.220451953962858
577 1.0 21.541085769479377
60 1.0 20.310156825129837
932 1.0 22.35128407421646
977 1.0 17.376734020918096
