1.6020599913279623
212 1.0 22.053003739358804
268 1.0 24.276039699169623
283 1.0 19.116081351354293
333 1.4771212547196624 24.251638512278973
399 1.0 31.06364857854412
414 1.0 19.240697556286563
534 1.0 19.72223251625476
563 1.0 23.476641362660768
569 1.0 21.220451953962858
597 1.0 19.996338987916545
60 1.0 20.310156825129837
69 1.0 26.43449543906486
772 1.0 31.06364857854412
774 1.0 23.139038800697477
867 1.0 36.43404557128479
87 1.0 24.835731385689954
880 1.0 33.12096543823041
911 1.0 21.53343177229172
916 1.0 20.322029692038072
930 1.0 22.37231226242215
942 1.0 19.45006435459591
952 1.3010299956639813 19.20083241364576
975 1.0 19.03717677110868
982 1.0 19.85729433713603
986 1.0 21.11229795390388
