1.7695510786217261
141 1.0 22.083311659467373
14 1.0 14.523826702761134
15 1.0 14.523826702761134
24 1.3010299956639813 22.714650363605696
2 1.3010299956639813 25.673207973589584
3 1.3010299956639813 25.673207973589584
433 1.0 24.68064648083747
435 1.0 24.468548355039516
441 1.0 31.735712827979288
444 1.0 29.526890635247195
547 1.0 20.421608203426736
567 1.0 23.07027838400899
667 1.0 20.441369254248713
671 1.0 20.661290750656658
672 1.0 19.607432276969973
675 1.0 18.16831043775807
732 1.0 28.96885361670166
