1.7695510786217261
133 1.0 31.18619433249154
138 1.3010299956639813 22.291356872514033
140 1.0 21.068838098294076
143 1.0 21.629493927449314
155 1.0 39.65608647202028
258 1.0 32.05900432440354
444 1.3010299956639813 29.526890635247195
471 1.0 24.01537280312254
518 1.0 17.902990023252144
60 1.0 20.310156825129837
808 1.0 27.292695599132404
812 1.0 18.445184780380607
85 1.0 20.97110134921298
877 1.0 22.452284526648562
879 1.0 22.452284526648562
880 1.0 33.12096543823041
972 1.0 19.608298803683244
