1.4202164033831899
122 1.0 25.99704858881334
161 1.0 40.68786868352573
189 1.6989700043360187 22.794574400913437
191 1.3010299956639813 30.983771998615772
212 1.0 22.053003739358804
221 1.0 14.929399151330296
259 1.0 34.168322910342354
272 1.0 14.291721385647843
326 1.0 26.265110333168654
327 1.0 21.408537178610665
328 1.4771212547196624 32.88047364596294
329 1.3010299956639813 24.220820861806594
333 1.0 24.251638512278973
397 1.6020599913279625 34.76173337398946
402 1.0 24.177242781351655
434 1.6020599913279625 26.054272842923844
527 1.0 20.61363026869414
560 1.3010299956639813 32.40746376373745
567 1.0 23.07027838400899
569 2.204119982655925 21.220451953962858
570 1.0 35.00523577088447
573 1.4771212547196624 34.62164344212061
57 1.3010299956639813 16.169816605433944
582 1.6989700043360187 26.849702075967517
645 1.3010299956639813 16.169816605433944
648 1.6989700043360187 22.794574400913437
671 1.0 20.661290750656658
686 1.0 17.204501418003492
774 1.0 23.139038800697477
777 1.0 24.177242781351655
779 1.9030899869919435 28.58117033955364
782 1.0 28.670617617530514
784 1.3010299956639813 28.829559825624525
807 1.0 24.483238969908477
808 1.0 27.292695599132404
823 1.3010299956639813 30.983771998615772
859 1.0 17.03148242460064
907 1.0 16.02381405871867
