1.6989700043360187
138 1.0 22.291356872514033
174 1.0 25.443847031718235
191 1.0 30.983771998615772
285 1.0 27.333530767834674
432 1.0 20.140245569349506
433 1.3010299956639813 24.68064648083747
435 1.3010299956639813 24.468548355039516
453 1.0 19.168795308535405
519 1.0 20.706175002637085
672 1.0 19.607432276969973
675 1.0 18.16831043775807
67 1.0 17.777478226009574
682 1.0 18.092716090093774
692 1.0 17.94337135852708
778 1.0 25.828938051552868
811 1.0 19.284259305458484
823 1.0 30.983771998615772
878 1.0 27.134111744574057
960 1.0 20.844073091142132
975 1.0 19.03717677110868
