1.431798275933005
176 1.3010299956639813 22.379256958057034
210 1.0 20.74943729156614
220 1.0 15.886881268828224
221 1.3010299956639813 14.929399151330296
234 1.0 20.74943729156614
259 1.3010299956639813 34.168322910342354
276 1.0 20.303531424387252
286 1.0 30.579284727285547
335 1.3010299956639813 26.592389103304416
410 1.0 20.74943729156614
412 1.0 21.758302257583633
431 1.3010299956639813 21.076784861203542
433 1.3010299956639813 24.68064648083747
434 1.9542425094393248 26.054272842923844
435 1.3010299956639813 24.468548355039516
441 1.3010299956639813 31.735712827979288
44 1.3010299956639813 15.731627971229939
455 1.0 15.077540523688015
528 1.0 21.12339116570097
545 1.0 16.369127366332837
552 1.0 21.18617303846442
557 1.3010299956639813 32.03860327247943
560 1.7781512503836436 32.40746376373745
564 1.3010299956639813 15.731627971229939
571 1.6020599913279625 19.508904785615407
573 1.6989700043360187 34.62164344212061
69 1.0 26.43449543906486
732 1.3010299956639813 28.96885361670166
754 1.0 21.72844942797455
78 1.0 15.342485760021395
859 1.0 17.03148242460064
893 1.0 15.109347256076695
922 1.0 21.35873785771627
932 1.0 22.35128407421646
985 1.0 20.023207099137547
986 1.0 21.11229795390388
987 1.3010299956639813 15.618327832578043
