1.7695510786217261
1000 1.0 16.797636183579463
253 1.0 16.431910230774704
256 1.0 16.797636183579463
304 1.0 16.616668083737665
305 1.0 17.98399116678101
306 1.3010299956639813 18.739668070348888
313 1.0 16.271444758929782
316 1.0 16.866249934906318
575 1.0 16.63120895803179
613 1.6020599913279625 22.32306959448592
616 1.6989700043360187 23.902881671535816
624 1.0 16.49972484873875
885 1.0 16.616668083737665
886 1.0 17.98399116678101
887 1.3010299956639813 18.739668070348888
894 1.0 16.898218574553624
997 1.0 16.431910230774704
