1.6382721639824072
188 1.0 22.772628792451215
213 1.0 18.016798133940682
243 1.3010299956639813 25.8105965022697
257 1.0 32.04340428656301
295 1.0 21.53759215073197
2 1.3010299956639813 25.653725024939046
325 1.0 26.246066768442137
337 1.3010299956639813 25.8105965022697
398 1.0 31.04754842191709
3 1.3010299956639813 25.653725024939046
413 1.0 19.214693399908615
431 1.0 20.115404335824383
432 1.0 24.66037937080602
434 1.0 24.448105419498397
443 1.0 29.509952060039822
519 1.0 25.19479562289961
562 1.0 23.455333927936188
581 1.0 26.831073433021917
610 1.0 16.926793752845303
645 1.0 20.99530825830948
647 1.0 22.772628792451215
770 1.0 31.04754842191709
987 1.4771212547196624 21.088601776656837
