1.4685210829577449
190 1.0 20.72132492096882
193 1.0 19.923584188401467
200 1.6020599913279625 22.625506653399253
205 1.0 18.460464588544884
212 1.4771212547196624 22.053003739358804
214 1.0 18.044528672125754
230 1.6020599913279625 22.625506653399253
231 1.0 19.843697587754125
232 1.0 18.460464588544884
259 1.0 34.168322910342354
280 1.0 19.375567339230585
281 1.0 20.385373369801357
296 1.0 21.560794875219035
297 1.0 18.44466466993366
2 1.0 25.673207973589584
341 1.0 20.951702374187988
344 1.3010299956639813 20.86119657744264
3 1.0 25.673207973589584
496 1.0 17.074026788002808
499 1.0 19.843697587754125
502 1.0 18.60296721930803
506 1.0 20.117459620901656
567 1.0 23.07027838400899
569 1.0 21.220451953962858
577 1.0 21.541085769479377
649 1.0 19.923584188401467
654 1.6020599913279625 22.625506653399253
656 1.0 19.843697587754125
657 1.0 18.460464588544884
67 1.0 17.777478226009574
822 1.0 20.72132492096882
828 1.0 17.074026788002808
87 1.0 24.835731385689954
880 1.6020599913279625 33.12096543823041
