1.3872161432802645
109 1.0 19.715945972128416
111 1.3010299956639813 18.8928542926875
149 1.0 30.628195318865107
153 1.3010299956639813 38.91027615891787
154 1.0 39.64347606197456
185 1.3010299956639813 17.044758885154558
236 1.3010299956639813 18.969094117495082
283 1.0 15.990191960562015
308 1.3010299956639813 17.69895328701503
386 1.0 21.856373350068075
401 1.0 24.1565533242725
479 1.3010299956639813 17.044758885154558
481 1.3010299956639813 17.69895328701503
497 1.0 22.57404561538827
502 1.0 24.947803517854027
527 1.0 21.0997074467684
56 1.0 16.008658872883498
612 1.0 22.300659992929845
625 1.0 16.008658872883498
735 1.6020599913279625 26.464092456397857
737 1.6020599913279625 23.235022308206137
775 1.0 24.1565533242725
776 1.6020599913279625 25.809572659595812
777 1.4771212547196624 28.5636709471766
778 1.4771212547196624 29.375621062375156
779 1.6989700043360187 26.762559621671812
780 2.0 28.653172853466874
781 1.4771212547196624 24.215767859390553
782 1.3010299956639813 28.8122112955473
827 1.0 22.57404561538827
834 1.0 19.359056970763802
86 1.3010299956639813 24.815590935179138
879 1.0 15.968223619979328
890 1.0 15.846061238571657
894 1.0 16.508326051842978
909 1.0 18.220820409533506
936 1.0 21.526279874452115
93 1.3010299956639813 40.4099170367325
981 1.0 18.147091699710654
983 1.4771212547196624 19.832098688531545
99 1.0 16.508326051842978
