1.275724130399211
109 1.0 19.715945972128416
111 1.0 18.8928542926875
115 1.0 17.956167137974
140 1.3010299956639813 22.06065850896495
142 1.0 21.606364977884798
152 1.0 27.106140088612186
153 1.4771212547196624 38.91027615891787
154 1.3010299956639813 39.64347606197456
155 1.3010299956639813 32.78554205971943
156 1.3010299956639813 27.300266473449927
185 1.0 17.044758885154558
188 1.3010299956639813 22.772628792451215
18 1.0 14.272801310968436
211 1.0 22.03031942410671
217 1.0 15.95864382959388
283 1.0 15.990191960562015
304 1.0 17.956167137974
312 1.0 16.2406870095727
334 1.0 26.57358007912264
340 1.0 20.927824358412284
378 1.3010299956639813 24.653480438007165
386 1.0 21.856373350068075
396 1.3010299956639813 34.747346764383785
401 1.3010299956639813 24.1565533242725
435 1.0 18.127861733361883
450 1.0 15.76538963474183
479 1.0 17.044758885154558
510 1.0 18.532720542245944
540 1.0 18.8619507228725
541 1.0 19.703508556272116
542 1.0 18.27453227223341
544 1.3010299956639813 16.338553508044296
549 1.0 22.395775493328287
552 1.0 20.441020454368555
631 1.0 19.950177336902193
634 1.0 21.49965573905078
647 1.3010299956639813 22.772628792451215
735 1.4771212547196624 26.464092456397857
737 1.4771212547196624 23.235022308206137
771 1.4771212547196624 25.078312841330952
775 1.3010299956639813 24.1565533242725
776 1.0 25.809572659595812
779 1.0 26.762559621671812
782 1.4771212547196624 28.8122112955473
807 1.0 23.916854058840084
834 1.0 19.359056970763802
885 1.0 16.2406870095727
915 1.0 15.830828169778773
918 1.0 21.05942217315108
926 1.3010299956639813 17.117590186266202
927 1.0 15.57201869317147
936 1.3010299956639813 21.526279874452115
93 1.0 40.4099170367325
