1.5228787452803376
132 1.0 31.9240224086541
154 1.0 38.92312411360697
156 1.0 32.80078913912944
305 1.0 17.98399116678101
311 1.3010299956639813 18.601480963958362
379 1.6020599913279625 24.673753214847594
387 1.0 21.87923801272718
389 1.0 17.411970458585486
416 1.0 19.445006257673224
473 1.7781512503836436 20.456210819322695
500 1.0 27.79974623106974
503 1.0 24.96783731854743
616 1.0 23.902881671535816
736 1.0 26.48297924216182
779 1.0 28.58117033955364
780 1.0 29.39263705080337
781 1.0 26.78123592188267
782 1.0 28.670617617530514
794 1.0 15.329372186555613
831 1.0 27.79974623106974
836 1.0 19.384867469169826
874 1.0 15.628378267266886
87 1.0 24.835731385689954
886 1.0 17.98399116678101
897 1.0 15.971940710676494
908 1.0 18.24824091238585
935 1.0 21.549494779071786
94 1.0 40.42228834338309
980 1.0 18.174623439227215
99 1.0 15.628378267266886
