1.5686362358410126
111 1.0 18.8928542926875
131 1.0 31.908356378043813
139 1.0 21.045092986540304
150 1.3010299956639813 28.679701781112843
152 1.0 27.106140088612186
153 1.3010299956639813 38.91027615891787
154 1.0 39.64347606197456
155 1.3010299956639813 32.78554205971943
156 1.0 27.300266473449927
161 1.3010299956639813 29.183057629910973
163 1.3010299956639813 29.043663537477517
378 1.0 24.653480438007165
398 1.0 31.04754842191709
633 1.0 20.514540434900287
639 1.0 16.56038138552629
770 1.0 31.04754842191709
771 1.3010299956639813 25.078312841330952
774 1.0 20.078881121899666
778 1.3010299956639813 29.375621062375156
779 1.4771212547196624 26.762559621671812
901 1.0 13.926106883531865
903 1.0 16.756624857433575
908 1.0 15.998023604552252
93 1.3010299956639813 40.4099170367325
952 1.0 25.38787746985513
956 1.0 19.332344149929916
981 1.0 18.147091699710654
